   6.4786841e+02   3.1865249e-03
   6.4785133e+02   3.1994516e-03
   6.4783425e+02   3.2124574e-03
   6.4781717e+02   3.2255430e-03
   6.4780010e+02   3.2387089e-03
   6.4778302e+02   3.2519559e-03
   6.4776595e+02   3.2652847e-03
   6.4774887e+02   3.2786958e-03
   6.4773180e+02   3.2921901e-03
   6.4771473e+02   3.3057681e-03
   6.4769766e+02   3.3194306e-03
   6.4768059e+02   3.3331783e-03
   6.4766352e+02   3.3470120e-03
   6.4764645e+02   3.3609322e-03
   6.4762939e+02   3.3749398e-03
   6.4761232e+02   3.3890354e-03
   6.4759526e+02   3.4032199e-03
   6.4757819e+02   3.4174939e-03
   6.4756113e+02   3.4318583e-03
   6.4754407e+02   3.4463138e-03
   6.4752701e+02   3.4608612e-03
   6.4750994e+02   3.4755012e-03
   6.4749289e+02   3.4902346e-03
   6.4747583e+02   3.5050624e-03
   6.4745877e+02   3.5199851e-03
   6.4744171e+02   3.5350038e-03
   6.4742466e+02   3.5501191e-03
   6.4740760e+02   3.5653320e-03
   6.4739055e+02   3.5806433e-03
   6.4737349e+02   3.5960538e-03
   6.4735644e+02   3.6115644e-03
   6.4733939e+02   3.6271759e-03
   6.4732234e+02   3.6428893e-03
   6.4730529e+02   3.6587055e-03
   6.4728824e+02   3.6746253e-03
   6.4727119e+02   3.6906496e-03
   6.4725414e+02   3.7067794e-03
   6.4723710e+02   3.7230157e-03
   6.4722005e+02   3.7393592e-03
   6.4720301e+02   3.7558111e-03
   6.4718596e+02   3.7723722e-03
   6.4716892e+02   3.7890436e-03
   6.4715188e+02   3.8058262e-03
   6.4713484e+02   3.8227210e-03
   6.4711780e+02   3.8397290e-03
   6.4710076e+02   3.8568513e-03
   6.4708372e+02   3.8740889e-03
   6.4706669e+02   3.8914427e-03
   6.4704965e+02   3.9089139e-03
   6.4703261e+02   3.9265036e-03
   6.4701558e+02   3.9442127e-03
   6.4699855e+02   3.9620425e-03
   6.4698151e+02   3.9799939e-03
   6.4696448e+02   3.9980682e-03
   6.4694745e+02   4.0162664e-03
   6.4693042e+02   4.0345896e-03
   6.4691339e+02   4.0530391e-03
   6.4689636e+02   4.0716161e-03
   6.4687934e+02   4.0903215e-03
   6.4686231e+02   4.1091568e-03
   6.4684528e+02   4.1281231e-03
   6.4682826e+02   4.1472215e-03
   6.4681124e+02   4.1664534e-03
   6.4679421e+02   4.1858200e-03
   6.4677719e+02   4.2053226e-03
   6.4676017e+02   4.2249624e-03
   6.4674315e+02   4.2447408e-03
   6.4672613e+02   4.2646590e-03
   6.4670911e+02   4.2847184e-03
   6.4669209e+02   4.3049203e-03
   6.4667508e+02   4.3252660e-03
   6.4665806e+02   4.3457571e-03
   6.4664105e+02   4.3663948e-03
   6.4662403e+02   4.3871805e-03
   6.4660702e+02   4.4081158e-03
   6.4659001e+02   4.4292019e-03
   6.4657300e+02   4.4504405e-03
   6.4655599e+02   4.4718329e-03
   6.4653898e+02   4.4933807e-03
   6.4652197e+02   4.5150853e-03
   6.4650496e+02   4.5369484e-03
   6.4648795e+02   4.5589715e-03
   6.4647095e+02   4.5811560e-03
   6.4645394e+02   4.6035037e-03
   6.4643694e+02   4.6260162e-03
   6.4641994e+02   4.6486950e-03
   6.4640293e+02   4.6715419e-03
   6.4638593e+02   4.6945584e-03
   6.4636893e+02   4.7177463e-03
   6.4635193e+02   4.7411073e-03
   6.4633493e+02   4.7646432e-03
   6.4631794e+02   4.7883556e-03
   6.4630094e+02   4.8122464e-03
   6.4628394e+02   4.8363174e-03
   6.4626695e+02   4.8605704e-03
   6.4624995e+02   4.8850073e-03
   6.4623296e+02   4.9096298e-03
   6.4621597e+02   4.9344400e-03
   6.4619898e+02   4.9594398e-03
   6.4618199e+02   4.9846310e-03
   6.4616500e+02   5.0100156e-03
   6.4614801e+02   5.0355957e-03
   6.4613102e+02   5.0613733e-03
   6.4611403e+02   5.0873504e-03
   6.4609705e+02   5.1135291e-03
   6.4608006e+02   5.1399115e-03
   6.4606308e+02   5.1664997e-03
   6.4604609e+02   5.1932959e-03
   6.4602911e+02   5.2203022e-03
   6.4601213e+02   5.2475210e-03
   6.4599515e+02   5.2749544e-03
   6.4597817e+02   5.3026047e-03
   6.4596119e+02   5.3304741e-03
   6.4594421e+02   5.3585652e-03
   6.4592723e+02   5.3868801e-03
   6.4591026e+02   5.4154214e-03
   6.4589328e+02   5.4441914e-03
   6.4587631e+02   5.4731926e-03
   6.4585933e+02   5.5024275e-03
   6.4584236e+02   5.5318987e-03
   6.4582539e+02   5.5616086e-03
   6.4580842e+02   5.5915600e-03
   6.4579145e+02   5.6217554e-03
   6.4577448e+02   5.6521975e-03
   6.4575751e+02   5.6828890e-03
   6.4574054e+02   5.7138327e-03
   6.4572358e+02   5.7450313e-03
   6.4570661e+02   5.7764878e-03
   6.4568965e+02   5.8082048e-03
   6.4567268e+02   5.8401855e-03
   6.4565572e+02   5.8724326e-03
   6.4563876e+02   5.9049492e-03
   6.4562180e+02   5.9377383e-03
   6.4560483e+02   5.9708030e-03
   6.4558788e+02   6.0041464e-03
   6.4557092e+02   6.0377716e-03
   6.4555396e+02   6.0716819e-03
   6.4553700e+02   6.1058805e-03
   6.4552005e+02   6.1403707e-03
   6.4550309e+02   6.1751558e-03
   6.4548614e+02   6.2102393e-03
   6.4546918e+02   6.2456246e-03
   6.4545223e+02   6.2813152e-03
   6.4543528e+02   6.3173146e-03
   6.4541833e+02   6.3536264e-03
   6.4540138e+02   6.3902542e-03
   6.4538443e+02   6.4272019e-03
   6.4536748e+02   6.4644730e-03
   6.4535054e+02   6.5020715e-03
   6.4533359e+02   6.5400012e-03
   6.4531665e+02   6.5782660e-03
   6.4529970e+02   6.6168699e-03
   6.4528276e+02   6.6558170e-03
   6.4526582e+02   6.6951113e-03
   6.4524887e+02   6.7347571e-03
   6.4523193e+02   6.7747585e-03
   6.4521499e+02   6.8151199e-03
   6.4519805e+02   6.8558456e-03
   6.4518112e+02   6.8969400e-03
   6.4516418e+02   6.9384077e-03
   6.4514724e+02   6.9802531e-03
   6.4513031e+02   7.0224810e-03
   6.4511337e+02   7.0650961e-03
   6.4509644e+02   7.1081030e-03
   6.4507951e+02   7.1515067e-03
   6.4506257e+02   7.1953121e-03
   6.4504564e+02   7.2395243e-03
   6.4502871e+02   7.2841482e-03
   6.4501178e+02   7.3291890e-03
   6.4499486e+02   7.3746521e-03
   6.4497793e+02   7.4205427e-03
   6.4496100e+02   7.4668662e-03
   6.4494408e+02   7.5136281e-03
   6.4492715e+02   7.5608341e-03
   6.4491023e+02   7.6084899e-03
   6.4489331e+02   7.6566011e-03
   6.4487638e+02   7.7051736e-03
   6.4485946e+02   7.7542135e-03
   6.4484254e+02   7.8037267e-03
   6.4482562e+02   7.8537194e-03
   6.4480870e+02   7.9041980e-03
   6.4479179e+02   7.9551686e-03
   6.4477487e+02   8.0066379e-03
   6.4475795e+02   8.0586123e-03
   6.4474104e+02   8.1110986e-03
   6.4472412e+02   8.1641036e-03
   6.4470721e+02   8.2176341e-03
   6.4469030e+02   8.2716972e-03
   6.4467339e+02   8.3263000e-03
   6.4465648e+02   8.3814498e-03
   6.4463957e+02   8.4371540e-03
   6.4462266e+02   8.4934200e-03
   6.4460575e+02   8.5502556e-03
   6.4458884e+02   8.6076685e-03
   6.4457194e+02   8.6656666e-03
   6.4455503e+02   8.7242579e-03
   6.4453813e+02   8.7834507e-03
   6.4452123e+02   8.8432532e-03
   6.4450432e+02   8.9036739e-03
   6.4448742e+02   8.9647215e-03
   6.4447052e+02   9.0264047e-03
   6.4445362e+02   9.0887324e-03
   6.4443672e+02   9.1517138e-03
   6.4441982e+02   9.2153580e-03
   6.4440293e+02   9.2796745e-03
   6.4438603e+02   9.3446729e-03
   6.4436913e+02   9.4103628e-03
   6.4435224e+02   9.4767543e-03
   6.4433535e+02   9.5438575e-03
   6.4431845e+02   9.6116826e-03
   6.4430156e+02   9.6802401e-03
   6.4428467e+02   9.7495407e-03
   6.4426778e+02   9.8195952e-03
   6.4425089e+02   9.8904148e-03
   6.4423400e+02   9.9620107e-03
   6.4421712e+02   1.0034394e-02
   6.4420023e+02   1.0107578e-02
   6.4418334e+02   1.0181572e-02
   6.4416646e+02   1.0256390e-02
   6.4414957e+02   1.0332045e-02
   6.4413269e+02   1.0408547e-02
   6.4411581e+02   1.0485911e-02
   6.4409893e+02   1.0564150e-02
   6.4408205e+02   1.0643276e-02
   6.4406517e+02   1.0723304e-02
   6.4404829e+02   1.0804247e-02
   6.4403141e+02   1.0886120e-02
   6.4401453e+02   1.0968936e-02
   6.4399766e+02   1.1052711e-02
   6.4398078e+02   1.1137460e-02
   6.4396391e+02   1.1223197e-02
   6.4394704e+02   1.1309939e-02
   6.4393016e+02   1.1397701e-02
   6.4391329e+02   1.1486500e-02
   6.4389642e+02   1.1576352e-02
   6.4387955e+02   1.1667273e-02
   6.4386268e+02   1.1759282e-02
   6.4384581e+02   1.1852396e-02
   6.4382895e+02   1.1946632e-02
   6.4381208e+02   1.2042010e-02
   6.4379522e+02   1.2138547e-02
   6.4377835e+02   1.2236262e-02
   6.4376149e+02   1.2335176e-02
   6.4374463e+02   1.2435308e-02
   6.4372776e+02   1.2536678e-02
   6.4371090e+02   1.2639308e-02
   6.4369404e+02   1.2743217e-02
   6.4367718e+02   1.2848428e-02
   6.4366032e+02   1.2954963e-02
   6.4364347e+02   1.3062844e-02
   6.4362661e+02   1.3172095e-02
   6.4360976e+02   1.3282739e-02
   6.4359290e+02   1.3394799e-02
   6.4357605e+02   1.3508301e-02
   6.4355919e+02   1.3623269e-02
   6.4354234e+02   1.3739730e-02
   6.4352549e+02   1.3857709e-02
   6.4350864e+02   1.3977233e-02
   6.4349179e+02   1.4098330e-02
   6.4347494e+02   1.4221027e-02
   6.4345809e+02   1.4345354e-02
   6.4344125e+02   1.4471339e-02
   6.4342440e+02   1.4599012e-02
   6.4340756e+02   1.4728405e-02
   6.4339071e+02   1.4859548e-02
   6.4337387e+02   1.4992473e-02
   6.4335703e+02   1.5127214e-02
   6.4334018e+02   1.5263804e-02
   6.4332334e+02   1.5402277e-02
   6.4330650e+02   1.5542668e-02
   6.4328967e+02   1.5685014e-02
   6.4327283e+02   1.5829350e-02
   6.4325599e+02   1.5975716e-02
   6.4323915e+02   1.6124150e-02
   6.4322232e+02   1.6274691e-02
   6.4320548e+02   1.6427380e-02
   6.4318865e+02   1.6582258e-02
   6.4317182e+02   1.6739367e-02
   6.4315499e+02   1.6898753e-02
   6.4313816e+02   1.7060458e-02
   6.4312133e+02   1.7224529e-02
   6.4310450e+02   1.7391013e-02
   6.4308767e+02   1.7559958e-02
   6.4307084e+02   1.7731414e-02
   6.4305401e+02   1.7905430e-02
   6.4303719e+02   1.8082058e-02
   6.4302036e+02   1.8261353e-02
   6.4300354e+02   1.8443369e-02
   6.4298672e+02   1.8628160e-02
   6.4296989e+02   1.8815786e-02
   6.4295307e+02   1.9006305e-02
   6.4293625e+02   1.9199777e-02
   6.4291943e+02   1.9396264e-02
   6.4290261e+02   1.9595831e-02
   6.4288580e+02   1.9798543e-02
   6.4286898e+02   2.0004467e-02
   6.4285216e+02   2.0213672e-02
   6.4283535e+02   2.0426229e-02
   6.4281853e+02   2.0642212e-02
   6.4280172e+02   2.0861694e-02
   6.4278491e+02   2.1084753e-02
   6.4276810e+02   2.1311469e-02
   6.4275129e+02   2.1541922e-02
   6.4273448e+02   2.1776196e-02
   6.4271767e+02   2.2014378e-02
   6.4270086e+02   2.2256555e-02
   6.4268405e+02   2.2502819e-02
   6.4266725e+02   2.2753264e-02
   6.4265044e+02   2.3007986e-02
   6.4263364e+02   2.3267084e-02
   6.4261683e+02   2.3530661e-02
   6.4260003e+02   2.3798821e-02
   6.4258323e+02   2.4071673e-02
   6.4256643e+02   2.4349328e-02
   6.4254963e+02   2.4631902e-02
   6.4253283e+02   2.4919512e-02
   6.4251603e+02   2.5212282e-02
   6.4249923e+02   2.5510336e-02
   6.4248243e+02   2.5813805e-02
   6.4246564e+02   2.6122822e-02
   6.4244884e+02   2.6437524e-02
   6.4243205e+02   2.6758055e-02
   6.4241526e+02   2.7084562e-02
   6.4239846e+02   2.7417194e-02
   6.4238167e+02   2.7756110e-02
   6.4236488e+02   2.8101470e-02
   6.4234809e+02   2.8453442e-02
   6.4233130e+02   2.8812196e-02
   6.4231452e+02   2.9177912e-02
   6.4229773e+02   2.9550772e-02
   6.4228094e+02   2.9930967e-02
   6.4226416e+02   3.0318693e-02
   6.4224737e+02   3.0714154e-02
   6.4223059e+02   3.1117558e-02
   6.4221381e+02   3.1529124e-02
   6.4219703e+02   3.1949075e-02
   6.4218024e+02   3.2377645e-02
   6.4216347e+02   3.2815074e-02
   6.4214669e+02   3.3261611e-02
   6.4212991e+02   3.3717515e-02
   6.4211313e+02   3.4183054e-02
   6.4209635e+02   3.4658503e-02
   6.4207958e+02   3.5144150e-02
   6.4206280e+02   3.5640294e-02
   6.4204603e+02   3.6147242e-02
   6.4202926e+02   3.6665316e-02
   6.4201248e+02   3.7194848e-02
   6.4199571e+02   3.7736182e-02
   6.4197894e+02   3.8289677e-02
   6.4196217e+02   3.8855704e-02
   6.4194541e+02   3.9434651e-02
   6.4192864e+02   4.0026918e-02
   6.4191187e+02   4.0632922e-02
   6.4189510e+02   4.1253097e-02
   6.4187834e+02   4.1887895e-02
   6.4186158e+02   4.2537785e-02
   6.4184481e+02   4.3203255e-02
   6.4182805e+02   4.3884813e-02
   6.4181129e+02   4.4582989e-02
   6.4179453e+02   4.5298334e-02
   6.4177777e+02   4.6031422e-02
   6.4176101e+02   4.6782854e-02
   6.4174425e+02   4.7553252e-02
   6.4172749e+02   4.8343269e-02
   6.4171074e+02   4.9153584e-02
   6.4169398e+02   4.9984907e-02
   6.4167723e+02   5.0837978e-02
   6.4166047e+02   5.1713570e-02
   6.4164372e+02   5.2612493e-02
   6.4162697e+02   5.3535591e-02
   6.4161022e+02   5.4483749e-02
   6.4159347e+02   5.5457890e-02
   6.4157672e+02   5.6458982e-02
   6.4155997e+02   5.7488039e-02
   6.4154322e+02   5.8546120e-02
   6.4152648e+02   5.9634339e-02
   6.4150973e+02   6.0753860e-02
   6.4149298e+02   6.1905905e-02
   6.4147624e+02   6.3091756e-02
   6.4145950e+02   6.4312759e-02
   6.4144275e+02   6.5570327e-02
   6.4142601e+02   6.6865944e-02
   6.4140927e+02   6.8201169e-02
   6.4139253e+02   6.9577645e-02
   6.4137579e+02   7.0997094e-02
   6.4135906e+02   7.2461335e-02
   6.4134232e+02   7.3972277e-02
   6.4132558e+02   7.5531937e-02
   6.4130885e+02   7.7142436e-02
   6.4129211e+02   7.8806012e-02
   6.4127538e+02   8.0525028e-02
   6.4125865e+02   8.2301976e-02
   6.4124191e+02   8.4139487e-02
   6.4122518e+02   8.6040344e-02
   6.4120845e+02   8.8007486e-02
   6.4119172e+02   9.0044022e-02
   6.4117500e+02   9.2153244e-02
   6.4115827e+02   9.4338634e-02
   6.4114154e+02   9.6603885e-02
   6.4112482e+02   9.8952908e-02
   6.4110809e+02   1.0138985e-01
   6.4109137e+02   1.0391912e-01
   6.4107464e+02   1.0654538e-01
   6.4105792e+02   1.0927360e-01
   6.4104120e+02   1.1210905e-01
   6.4102448e+02   1.1505734e-01
   6.4100776e+02   1.1812445e-01
   6.4099104e+02   1.2131672e-01
   6.4097432e+02   1.2464091e-01
   6.4095761e+02   1.2810424e-01
   6.4094089e+02   1.3171439e-01
   6.4092418e+02   1.3547955e-01
   6.4090746e+02   1.3940847e-01
   6.4089075e+02   1.4351049e-01
   6.4087403e+02   1.4779557e-01
   6.4085732e+02   1.5227437e-01
   6.4084061e+02   1.5695828e-01
   6.4082390e+02   1.6185946e-01
   6.4080719e+02   1.6699093e-01
   6.4079048e+02   1.7236663e-01
   6.4077378e+02   1.7800145e-01
   6.4075707e+02   1.8391133e-01
   6.4074037e+02   1.9011332e-01
   6.4072366e+02   1.9662568e-01
   6.4070696e+02   2.0346793e-01
   6.4069025e+02   2.1066093e-01
   6.4067355e+02   2.1822701e-01
   6.4065685e+02   2.2618999e-01
   6.4064015e+02   2.3457532e-01
   6.4062345e+02   2.4341010e-01
   6.4060675e+02   2.5272322e-01
   6.4059005e+02   2.6254535e-01
   6.4057336e+02   2.7290905e-01
   6.4055666e+02   2.8384874e-01
   6.4053996e+02   2.9540073e-01
   6.4052327e+02   3.0760316e-01
   6.4050658e+02   3.2049589e-01
   6.4048988e+02   3.3412036e-01
   6.4047319e+02   3.4851932e-01
   6.4045650e+02   3.6373647e-01
   6.4043981e+02   3.7981596e-01
   6.4042312e+02   3.9680173e-01
   6.4040643e+02   4.1473667e-01
   6.4038975e+02   4.3366145e-01
   6.4037306e+02   4.5361315e-01
   6.4035637e+02   4.7462348e-01
   6.4033969e+02   4.9671669e-01
   6.4032301e+02   5.1990691e-01
   6.4030632e+02   5.4419511e-01
   6.4028964e+02   5.6956554e-01
   6.4027296e+02   5.9598159e-01
   6.4025628e+02   6.2338132e-01
   6.4023960e+02   6.5167250e-01
   6.4022292e+02   6.8072760e-01
   6.4020624e+02   7.1037889e-01
   6.4018957e+02   7.4041401e-01
   6.4017289e+02   7.7057266e-01
   6.4015621e+02   8.0054502e-01
   6.4013954e+02   8.2997252e-01
   6.4012287e+02   8.5845187e-01
   6.4010619e+02   8.8554280e-01
   6.4008952e+02   9.1078010e-01
   6.4007285e+02   9.3368985e-01
   6.4005618e+02   9.5380939e-01
   6.4003951e+02   9.7070995e-01
   6.4002284e+02   9.8402020e-01
   6.4000618e+02   9.9344861e-01
   6.3998951e+02   9.9880226e-01
   6.3997284e+02   1.0000000e+00
   6.3995618e+02   9.9707827e-01
   6.3993952e+02   9.9018901e-01
   6.3992285e+02   9.7958975e-01
   6.3990619e+02   9.6562725e-01
   6.3988953e+02   9.4871653e-01
   6.3987287e+02   9.2931765e-01
   6.3985621e+02   9.0791243e-01
   6.3983955e+02   8.8498314e-01
   6.3982289e+02   8.6099444e-01
   6.3980623e+02   8.3637950e-01
   6.3978958e+02   8.1153027e-01
   6.3977292e+02   7.8679190e-01
   6.3975627e+02   7.6246057e-01
   6.3973962e+02   7.3878417e-01
   6.3972296e+02   7.1596492e-01
   6.3970631e+02   6.9416346e-01
   6.3968966e+02   6.7350361e-01
   6.3967301e+02   6.5407747e-01
   6.3965636e+02   6.3595054e-01
   6.3963971e+02   6.1916644e-01
   6.3962307e+02   6.0375138e-01
   6.3960642e+02   5.8971800e-01
   6.3958977e+02   5.7706879e-01
   6.3957313e+02   5.6579899e-01
   6.3955648e+02   5.5589901e-01
   6.3953984e+02   5.4735645e-01
   6.3952320e+02   5.4015774e-01
   6.3950656e+02   5.3428944e-01
   6.3948992e+02   5.2973930e-01
   6.3947328e+02   5.2649702e-01
   6.3945664e+02   5.2455486e-01
   6.3944000e+02   5.2390802e-01
   6.3942336e+02   5.2455486e-01
   6.3940673e+02   5.2649702e-01
   6.3939009e+02   5.2973930e-01
   6.3937346e+02   5.3428944e-01
   6.3935682e+02   5.4015774e-01
   6.3934019e+02   5.4735645e-01
   6.3932356e+02   5.5589901e-01
   6.3930693e+02   5.6579899e-01
   6.3929030e+02   5.7706879e-01
   6.3927367e+02   5.8971800e-01
   6.3925704e+02   6.0375138e-01
   6.3924041e+02   6.1916644e-01
   6.3922379e+02   6.3595054e-01
   6.3920716e+02   6.5407747e-01
   6.3919053e+02   6.7350361e-01
   6.3917391e+02   6.9416346e-01
   6.3915729e+02   7.1596492e-01
   6.3914066e+02   7.3878417e-01
   6.3912404e+02   7.6246057e-01
   6.3910742e+02   7.8679190e-01
   6.3909080e+02   8.1153027e-01
   6.3907418e+02   8.3637950e-01
   6.3905757e+02   8.6099444e-01
   6.3904095e+02   8.8498314e-01
   6.3902433e+02   9.0791243e-01
   6.3900772e+02   9.2931765e-01
   6.3899110e+02   9.4871653e-01
   6.3897449e+02   9.6562725e-01
   6.3895788e+02   9.7958975e-01
   6.3894126e+02   9.9018901e-01
   6.3892465e+02   9.9707827e-01
   6.3890804e+02   1.0000000e+00
   6.3889143e+02   9.9880226e-01
   6.3887482e+02   9.9344861e-01
   6.3885822e+02   9.8402020e-01
   6.3884161e+02   9.7070995e-01
   6.3882500e+02   9.5380939e-01
   6.3880840e+02   9.3368985e-01
   6.3879179e+02   9.1078010e-01
   6.3877519e+02   8.8554280e-01
   6.3875859e+02   8.5845187e-01
   6.3874199e+02   8.2997252e-01
   6.3872539e+02   8.0054502e-01
   6.3870879e+02   7.7057266e-01
   6.3869219e+02   7.4041401e-01
   6.3867559e+02   7.1037889e-01
   6.3865899e+02   6.8072760e-01
   6.3864240e+02   6.5167250e-01
   6.3862580e+02   6.2338132e-01
   6.3860921e+02   5.9598159e-01
   6.3859261e+02   5.6956554e-01
   6.3857602e+02   5.4419511e-01
   6.3855943e+02   5.1990691e-01
   6.3854283e+02   4.9671669e-01
   6.3852624e+02   4.7462348e-01
   6.3850965e+02   4.5361315e-01
   6.3849307e+02   4.3366145e-01
   6.3847648e+02   4.1473667e-01
   6.3845989e+02   3.9680173e-01
   6.3844331e+02   3.7981596e-01
   6.3842672e+02   3.6373647e-01
   6.3841014e+02   3.4851932e-01
   6.3839355e+02   3.3412036e-01
   6.3837697e+02   3.2049589e-01
   6.3836039e+02   3.0760316e-01
   6.3834381e+02   2.9540073e-01
   6.3832723e+02   2.8384874e-01
   6.3831065e+02   2.7290905e-01
   6.3829407e+02   2.6254535e-01
   6.3827749e+02   2.5272322e-01
   6.3826091e+02   2.4341010e-01
   6.3824434e+02   2.3457532e-01
   6.3822776e+02   2.2618999e-01
   6.3821119e+02   2.1822701e-01
   6.3819462e+02   2.1066093e-01
   6.3817804e+02   2.0346793e-01
   6.3816147e+02   1.9662568e-01
   6.3814490e+02   1.9011332e-01
   6.3812833e+02   1.8391133e-01
   6.3811176e+02   1.7800145e-01
   6.3809520e+02   1.7236663e-01
   6.3807863e+02   1.6699093e-01
   6.3806206e+02   1.6185946e-01
   6.3804550e+02   1.5695828e-01
   6.3802893e+02   1.5227437e-01
   6.3801237e+02   1.4779557e-01
   6.3799581e+02   1.4351049e-01
   6.3797924e+02   1.3940847e-01
   6.3796268e+02   1.3547955e-01
   6.3794612e+02   1.3171439e-01
   6.3792956e+02   1.2810424e-01
   6.3791300e+02   1.2464091e-01
   6.3789645e+02   1.2131672e-01
   6.3787989e+02   1.1812445e-01
   6.3786333e+02   1.1505734e-01
   6.3784678e+02   1.1210905e-01
   6.3783022e+02   1.0927360e-01
   6.3781367e+02   1.0654538e-01
   6.3779712e+02   1.0391912e-01
   6.3778057e+02   1.0138985e-01
   6.3776402e+02   9.8952908e-02
   6.3774747e+02   9.6603885e-02
   6.3773092e+02   9.4338634e-02
   6.3771437e+02   9.2153244e-02
   6.3769782e+02   9.0044022e-02
   6.3768127e+02   8.8007486e-02
   6.3766473e+02   8.6040344e-02
   6.3764818e+02   8.4139487e-02
   6.3763164e+02   8.2301976e-02
   6.3761510e+02   8.0525028e-02
   6.3759855e+02   7.8806012e-02
   6.3758201e+02   7.7142436e-02
   6.3756547e+02   7.5531937e-02
   6.3754893e+02   7.3972277e-02
   6.3753239e+02   7.2461335e-02
   6.3751586e+02   7.0997094e-02
   6.3749932e+02   6.9577645e-02
   6.3748278e+02   6.8201169e-02
   6.3746625e+02   6.6865944e-02
   6.3744971e+02   6.5570327e-02
   6.3743318e+02   6.4312759e-02
   6.3741665e+02   6.3091756e-02
   6.3740011e+02   6.1905905e-02
   6.3738358e+02   6.0753860e-02
   6.3736705e+02   5.9634339e-02
   6.3735052e+02   5.8546120e-02
   6.3733399e+02   5.7488039e-02
   6.3731747e+02   5.6458982e-02
   6.3730094e+02   5.5457890e-02
   6.3728441e+02   5.4483749e-02
   6.3726789e+02   5.3535591e-02
   6.3725137e+02   5.2612493e-02
   6.3723484e+02   5.1713570e-02
   6.3721832e+02   5.0837978e-02
   6.3720180e+02   4.9984907e-02
   6.3718528e+02   4.9153584e-02
   6.3716876e+02   4.8343269e-02
   6.3715224e+02   4.7553252e-02
   6.3713572e+02   4.6782854e-02
   6.3711920e+02   4.6031422e-02
   6.3710269e+02   4.5298334e-02
   6.3708617e+02   4.4582989e-02
   6.3706966e+02   4.3884813e-02
   6.3705314e+02   4.3203255e-02
   6.3703663e+02   4.2537785e-02
   6.3702012e+02   4.1887895e-02
   6.3700360e+02   4.1253097e-02
   6.3698709e+02   4.0632922e-02
   6.3697058e+02   4.0026918e-02
   6.3695408e+02   3.9434651e-02
   6.3693757e+02   3.8855704e-02
   6.3692106e+02   3.8289677e-02
   6.3690455e+02   3.7736182e-02
   6.3688805e+02   3.7194848e-02
   6.3687154e+02   3.6665316e-02
   6.3685504e+02   3.6147242e-02
   6.3683854e+02   3.5640294e-02
   6.3682204e+02   3.5144150e-02
   6.3680553e+02   3.4658503e-02
   6.3678903e+02   3.4183054e-02
   6.3677253e+02   3.3717515e-02
   6.3675604e+02   3.3261611e-02
   6.3673954e+02   3.2815074e-02
   6.3672304e+02   3.2377645e-02
   6.3670655e+02   3.1949075e-02
   6.3669005e+02   3.1529124e-02
   6.3667356e+02   3.1117558e-02
   6.3665706e+02   3.0714154e-02
   6.3664057e+02   3.0318693e-02
   6.3662408e+02   2.9930967e-02
   6.3660759e+02   2.9550772e-02
   6.3659110e+02   2.9177912e-02
   6.3657461e+02   2.8812196e-02
   6.3655812e+02   2.8453442e-02
   6.3654163e+02   2.8101470e-02
   6.3652515e+02   2.7756110e-02
   6.3650866e+02   2.7417194e-02
   6.3649218e+02   2.7084562e-02
   6.3647569e+02   2.6758055e-02
   6.3645921e+02   2.6437524e-02
   6.3644273e+02   2.6122822e-02
   6.3642624e+02   2.5813805e-02
   6.3640976e+02   2.5510336e-02
   6.3639328e+02   2.5212282e-02
   6.3637680e+02   2.4919512e-02
   6.3636033e+02   2.4631902e-02
   6.3634385e+02   2.4349328e-02
   6.3632737e+02   2.4071673e-02
   6.3631090e+02   2.3798821e-02
   6.3629442e+02   2.3530661e-02
   6.3627795e+02   2.3267084e-02
   6.3626148e+02   2.3007986e-02
   6.3624500e+02   2.2753264e-02
   6.3622853e+02   2.2502819e-02
   6.3621206e+02   2.2256555e-02
   6.3619559e+02   2.2014378e-02
   6.3617912e+02   2.1776196e-02
   6.3616266e+02   2.1541922e-02
   6.3614619e+02   2.1311469e-02
   6.3612972e+02   2.1084753e-02
   6.3611326e+02   2.0861694e-02
   6.3609679e+02   2.0642212e-02
   6.3608033e+02   2.0426229e-02
   6.3606387e+02   2.0213672e-02
   6.3604741e+02   2.0004467e-02
   6.3603094e+02   1.9798543e-02
   6.3601448e+02   1.9595831e-02
   6.3599803e+02   1.9396264e-02
   6.3598157e+02   1.9199777e-02
   6.3596511e+02   1.9006305e-02
   6.3594865e+02   1.8815786e-02
   6.3593220e+02   1.8628160e-02
   6.3591574e+02   1.8443369e-02
   6.3589929e+02   1.8261353e-02
   6.3588283e+02   1.8082058e-02
   6.3586638e+02   1.7905430e-02
   6.3584993e+02   1.7731414e-02
   6.3583348e+02   1.7559958e-02
   6.3581703e+02   1.7391013e-02
   6.3580058e+02   1.7224529e-02
   6.3578413e+02   1.7060458e-02
   6.3576768e+02   1.6898753e-02
   6.3575124e+02   1.6739367e-02
   6.3573479e+02   1.6582258e-02
   6.3571835e+02   1.6427380e-02
   6.3570190e+02   1.6274691e-02
   6.3568546e+02   1.6124150e-02
   6.3566902e+02   1.5975716e-02
   6.3565258e+02   1.5829350e-02
   6.3563614e+02   1.5685014e-02
   6.3561970e+02   1.5542668e-02
   6.3560326e+02   1.5402277e-02
   6.3558682e+02   1.5263804e-02
   6.3557038e+02   1.5127214e-02
   6.3555395e+02   1.4992473e-02
   6.3553751e+02   1.4859548e-02
   6.3552108e+02   1.4728405e-02
   6.3550464e+02   1.4599012e-02
   6.3548821e+02   1.4471339e-02
   6.3547178e+02   1.4345354e-02
   6.3545535e+02   1.4221027e-02
   6.3543892e+02   1.4098330e-02
   6.3542249e+02   1.3977233e-02
   6.3540606e+02   1.3857709e-02
   6.3538963e+02   1.3739730e-02
   6.3537320e+02   1.3623269e-02
   6.3535678e+02   1.3508301e-02
   6.3534035e+02   1.3394799e-02
   6.3532393e+02   1.3282739e-02
   6.3530750e+02   1.3172095e-02
   6.3529108e+02   1.3062844e-02
   6.3527466e+02   1.2954963e-02
   6.3525824e+02   1.2848428e-02
   6.3524182e+02   1.2743217e-02
   6.3522540e+02   1.2639308e-02
   6.3520898e+02   1.2536678e-02
   6.3519256e+02   1.2435308e-02
   6.3517614e+02   1.2335176e-02
   6.3515973e+02   1.2236262e-02
   6.3514331e+02   1.2138547e-02
   6.3512690e+02   1.2042010e-02
   6.3511049e+02   1.1946632e-02
   6.3509407e+02   1.1852396e-02
   6.3507766e+02   1.1759282e-02
   6.3506125e+02   1.1667273e-02
   6.3504484e+02   1.1576352e-02
   6.3502843e+02   1.1486500e-02
   6.3501202e+02   1.1397701e-02
   6.3499562e+02   1.1309939e-02
   6.3497921e+02   1.1223197e-02
   6.3496280e+02   1.1137460e-02
   6.3494640e+02   1.1052711e-02
   6.3492999e+02   1.0968936e-02
   6.3491359e+02   1.0886120e-02
   6.3489719e+02   1.0804247e-02
   6.3488079e+02   1.0723304e-02
   6.3486439e+02   1.0643276e-02
   6.3484799e+02   1.0564150e-02
   6.3483159e+02   1.0485911e-02
   6.3481519e+02   1.0408547e-02
   6.3479879e+02   1.0332045e-02
   6.3478240e+02   1.0256390e-02
   6.3476600e+02   1.0181572e-02
   6.3474961e+02   1.0107578e-02
   6.3473321e+02   1.0034394e-02
   6.3471682e+02   9.9620107e-03
   6.3470043e+02   9.8904148e-03
   6.3468403e+02   9.8195952e-03
   6.3466764e+02   9.7495407e-03
   6.3465125e+02   9.6802401e-03
   6.3463487e+02   9.6116826e-03
   6.3461848e+02   9.5438575e-03
   6.3460209e+02   9.4767543e-03
   6.3458570e+02   9.4103628e-03
   6.3456932e+02   9.3446729e-03
   6.3455293e+02   9.2796745e-03
   6.3453655e+02   9.2153580e-03
   6.3452017e+02   9.1517138e-03
   6.3450379e+02   9.0887324e-03
   6.3448740e+02   9.0264047e-03
   6.3447102e+02   8.9647215e-03
   6.3445464e+02   8.9036739e-03
   6.3443827e+02   8.8432532e-03
   6.3442189e+02   8.7834507e-03
   6.3440551e+02   8.7242579e-03
   6.3438913e+02   8.6656666e-03
   6.3437276e+02   8.6076685e-03
   6.3435639e+02   8.5502556e-03
   6.3434001e+02   8.4934200e-03
   6.3432364e+02   8.4371540e-03
   6.3430727e+02   8.3814498e-03
   6.3429090e+02   8.3263000e-03
   6.3427453e+02   8.2716972e-03
   6.3425816e+02   8.2176341e-03
   6.3424179e+02   8.1641036e-03
   6.3422542e+02   8.1110986e-03
   6.3420905e+02   8.0586123e-03
   6.3419269e+02   8.0066379e-03
   6.3417632e+02   7.9551686e-03
   6.3415996e+02   7.9041980e-03
   6.3414359e+02   7.8537194e-03
   6.3412723e+02   7.8037267e-03
   6.3411087e+02   7.7542135e-03
   6.3409451e+02   7.7051736e-03
   6.3407815e+02   7.6566011e-03
   6.3406179e+02   7.6084899e-03
   6.3404543e+02   7.5608341e-03
   6.3402907e+02   7.5136281e-03
   6.3401272e+02   7.4668662e-03
   6.3399636e+02   7.4205427e-03
   6.3398001e+02   7.3746521e-03
   6.3396365e+02   7.3291890e-03
   6.3394730e+02   7.2841482e-03
   6.3393095e+02   7.2395243e-03
   6.3391459e+02   7.1953121e-03
   6.3389824e+02   7.1515067e-03
   6.3388189e+02   7.1081030e-03
   6.3386554e+02   7.0650961e-03
   6.3384920e+02   7.0224810e-03
   6.3383285e+02   6.9802531e-03
   6.3381650e+02   6.9384077e-03
   6.3380016e+02   6.8969400e-03
   6.3378381e+02   6.8558456e-03
   6.3376747e+02   6.8151199e-03
   6.3375112e+02   6.7747585e-03
   6.3373478e+02   6.7347571e-03
   6.3371844e+02   6.6951113e-03
   6.3370210e+02   6.6558170e-03
   6.3368576e+02   6.6168699e-03
   6.3366942e+02   6.5782660e-03
   6.3365308e+02   6.5400012e-03
   6.3363675e+02   6.5020715e-03
   6.3362041e+02   6.4644730e-03
   6.3360407e+02   6.4272019e-03
   6.3358774e+02   6.3902542e-03
   6.3357140e+02   6.3536264e-03
   6.3355507e+02   6.3173146e-03
   6.3353874e+02   6.2813152e-03
   6.3352241e+02   6.2456246e-03
   6.3350608e+02   6.2102393e-03
   6.3348975e+02   6.1751558e-03
   6.3347342e+02   6.1403707e-03
   6.3345709e+02   6.1058805e-03
   6.3344076e+02   6.0716819e-03
   6.3342444e+02   6.0377716e-03
   6.3340811e+02   6.0041464e-03
   6.3339179e+02   5.9708030e-03
   6.3337546e+02   5.9377383e-03
   6.3335914e+02   5.9049492e-03
   6.3334282e+02   5.8724326e-03
   6.3332650e+02   5.8401855e-03
   6.3331018e+02   5.8082048e-03
   6.3329386e+02   5.7764878e-03
   6.3327754e+02   5.7450313e-03
   6.3326122e+02   5.7138327e-03
   6.3324490e+02   5.6828890e-03
   6.3322859e+02   5.6521975e-03
   6.3321227e+02   5.6217554e-03
   6.3319596e+02   5.5915600e-03
   6.3317964e+02   5.5616086e-03
   6.3316333e+02   5.5318987e-03
   6.3314702e+02   5.5024275e-03
   6.3313071e+02   5.4731926e-03
   6.3311440e+02   5.4441914e-03
   6.3309809e+02   5.4154214e-03
   6.3308178e+02   5.3868801e-03
   6.3306547e+02   5.3585652e-03
   6.3304916e+02   5.3304741e-03
   6.3303286e+02   5.3026047e-03
   6.3301655e+02   5.2749544e-03
   6.3300025e+02   5.2475210e-03
   6.3298394e+02   5.2203022e-03
   6.3296764e+02   5.1932959e-03
   6.3295134e+02   5.1664997e-03
   6.3293504e+02   5.1399115e-03
   6.3291874e+02   5.1135291e-03
   6.3290244e+02   5.0873504e-03
   6.3288614e+02   5.0613733e-03
   6.3286984e+02   5.0355957e-03
   6.3285354e+02   5.0100156e-03
   6.3283725e+02   4.9846310e-03
   6.3282095e+02   4.9594398e-03
   6.3280466e+02   4.9344400e-03
   6.3278836e+02   4.9096298e-03
   6.3277207e+02   4.8850073e-03
   6.3275578e+02   4.8605704e-03
   6.3273949e+02   4.8363174e-03
   6.3272320e+02   4.8122464e-03
   6.3270691e+02   4.7883556e-03
   6.3269062e+02   4.7646432e-03
   6.3267433e+02   4.7411073e-03
   6.3265805e+02   4.7177463e-03
   6.3264176e+02   4.6945584e-03
   6.3262547e+02   4.6715419e-03
   6.3260919e+02   4.6486950e-03
   6.3259291e+02   4.6260162e-03
   6.3257662e+02   4.6035037e-03
   6.3256034e+02   4.5811560e-03
   6.3254406e+02   4.5589715e-03
   6.3252778e+02   4.5369484e-03
   6.3251150e+02   4.5150853e-03
   6.3249522e+02   4.4933807e-03
   6.3247895e+02   4.4718329e-03
   6.3246267e+02   4.4504405e-03
   6.3244639e+02   4.4292019e-03
   6.3243012e+02   4.4081158e-03
   6.3241384e+02   4.3871805e-03
   6.3239757e+02   4.3663948e-03
   6.3238130e+02   4.3457571e-03
   6.3236503e+02   4.3252660e-03
   6.3234875e+02   4.3049203e-03
   6.3233248e+02   4.2847184e-03
   6.3231621e+02   4.2646590e-03
   6.3229995e+02   4.2447408e-03
   6.3228368e+02   4.2249624e-03
   6.3226741e+02   4.2053226e-03
   6.3225115e+02   4.1858200e-03
   6.3223488e+02   4.1664534e-03
   6.3221862e+02   4.1472215e-03
   6.3220235e+02   4.1281231e-03
   6.3218609e+02   4.1091568e-03
   6.3216983e+02   4.0903215e-03
   6.3215357e+02   4.0716161e-03
   6.3213731e+02   4.0530391e-03
   6.3212105e+02   4.0345896e-03
   6.3210479e+02   4.0162664e-03
   6.3208853e+02   3.9980682e-03
   6.3207228e+02   3.9799939e-03
   6.3205602e+02   3.9620425e-03
   6.3203976e+02   3.9442127e-03
   6.3202351e+02   3.9265036e-03
   6.3200726e+02   3.9089139e-03
   6.3199100e+02   3.8914427e-03
   6.3197475e+02   3.8740889e-03
   6.3195850e+02   3.8568513e-03
   6.3194225e+02   3.8397290e-03
   6.3192600e+02   3.8227210e-03
   6.3190975e+02   3.8058262e-03
   6.3189351e+02   3.7890436e-03
   6.3187726e+02   3.7723722e-03
   6.3186101e+02   3.7558111e-03
   6.3184477e+02   3.7393592e-03
   6.3182853e+02   3.7230157e-03
   6.3181228e+02   3.7067794e-03
   6.3179604e+02   3.6906496e-03
   6.3177980e+02   3.6746253e-03
   6.3176356e+02   3.6587055e-03
   6.3174732e+02   3.6428893e-03
   6.3173108e+02   3.6271759e-03
   6.3171484e+02   3.6115644e-03
   6.3169860e+02   3.5960538e-03
   6.3168236e+02   3.5806433e-03
   6.3166613e+02   3.5653320e-03
   6.3164989e+02   3.5501191e-03
   6.3163366e+02   3.5350038e-03
   6.3161743e+02   3.5199851e-03
   6.3160119e+02   3.5050624e-03
   6.3158496e+02   3.4902346e-03
   6.3156873e+02   3.4755012e-03
   6.3155250e+02   3.4608612e-03
   6.3153627e+02   3.4463138e-03
   6.3152004e+02   3.4318583e-03
   6.3150382e+02   3.4174939e-03
   6.3148759e+02   3.4032199e-03
   6.3147136e+02   3.3890354e-03
   6.3145514e+02   3.3749398e-03
   6.3143891e+02   3.3609322e-03
   6.3142269e+02   3.3470120e-03
   6.3140647e+02   3.3331783e-03
   6.3139025e+02   3.3194306e-03
   6.3137403e+02   3.3057681e-03
   6.3135781e+02   3.2921901e-03
   6.3134159e+02   3.2786958e-03
   6.3132537e+02   3.2652847e-03
   6.3130915e+02   3.2519559e-03
   6.3129293e+02   3.2387089e-03
   6.3127672e+02   3.2255430e-03
   6.3126050e+02   3.2124574e-03
   6.3124429e+02   3.1994516e-03
   6.3122808e+02   3.1865249e-03
