   6.4786841e+02   6.7116136e-34
   6.4785133e+02   1.7176176e-34
   6.4783425e+02   2.5676469e-34
   6.4781717e+02   1.0633277e-34
   6.4780010e+02   3.8466012e-37
   6.4778302e+02   3.6742307e-34
   6.4776595e+02   8.9576394e-34
   6.4774887e+02   1.0181318e-34
   6.4773180e+02   1.2945149e-34
   6.4771473e+02   6.7049769e-34
   6.4769766e+02   3.7125920e-34
   6.4768059e+02   3.4287554e-33
   6.4766352e+02   7.4694496e-34
   6.4764645e+02   1.4449955e-33
   6.4762939e+02   3.0125821e-34
   6.4761232e+02   1.0436386e-33
   6.4759526e+02   3.3520452e-34
   6.4757819e+02   6.4677697e-35
   6.4756113e+02   9.7805467e-34
   6.4754407e+02   5.3103362e-34
   6.4752701e+02   2.5908442e-33
   6.4750994e+02   8.7763601e-35
   6.4749289e+02   7.5280967e-34
   6.4747583e+02   1.1906335e-33
   6.4745877e+02   6.3233432e-34
   6.4744171e+02   2.6941990e-34
   6.4742466e+02   2.1742498e-33
   6.4740760e+02   5.7749034e-35
   6.4739055e+02   1.8982534e-33
   6.4737349e+02   2.7555191e-34
   6.4735644e+02   4.2346284e-34
   6.4733939e+02   6.8879859e-34
   6.4732234e+02   3.5511058e-34
   6.4730529e+02   5.2191599e-34
   6.4728824e+02   1.1146995e-34
   6.4727119e+02   1.6315847e-34
   6.4725414e+02   2.7078098e-34
   6.4723710e+02   3.0187625e-34
   6.4722005e+02   2.1486430e-34
   6.4720301e+02   4.7097946e-34
   6.4718596e+02   1.5002640e-34
   6.4716892e+02   4.4245353e-34
   6.4715188e+02   2.2945083e-34
   6.4713484e+02   7.4221283e-35
   6.4711780e+02   7.8681777e-34
   6.4710076e+02   2.6475433e-34
   6.4708372e+02   9.6160946e-34
   6.4706669e+02   4.9089679e-34
   6.4704965e+02   2.7221949e-34
   6.4703261e+02   3.8208224e-34
   6.4701558e+02   6.2282698e-35
   6.4699855e+02   3.0506886e-34
   6.4698151e+02   1.6629653e-34
   6.4696448e+02   2.9963019e-35
   6.4694745e+02   2.4967410e-34
   6.4693042e+02   3.7245571e-34
   6.4691339e+02   2.5417310e-34
   6.4689636e+02   1.8924233e-34
   6.4687934e+02   8.4938581e-35
   6.4686231e+02   1.1857603e-34
   6.4684528e+02   2.3484108e-34
   6.4682826e+02   2.1666820e-34
   6.4681124e+02   2.5267237e-35
   6.4679421e+02   4.2830224e-34
   6.4677719e+02   1.3527290e-34
   6.4676017e+02   5.7567063e-34
   6.4674315e+02   1.6575690e-34
   6.4672613e+02   1.8267981e-34
   6.4670911e+02   1.1672284e-35
   6.4669209e+02   3.3050347e-35
   6.4667508e+02   5.7663844e-35
   6.4665806e+02   1.2860790e-34
   6.4664105e+02   3.6556115e-35
   6.4662403e+02   7.5158999e-34
   6.4660702e+02   4.3079227e-34
   6.4659001e+02   1.9581389e-34
   6.4657300e+02   9.4549333e-35
   6.4655599e+02   1.6437598e-34
   6.4653898e+02   4.8547718e-34
   6.4652197e+02   7.0332514e-35
   6.4650496e+02   6.9062651e-34
   6.4648795e+02   1.7822332e-34
   6.4647095e+02   4.0999651e-35
   6.4645394e+02   5.8101748e-35
   6.4643694e+02   4.3884959e-35
   6.4641994e+02   4.5372844e-34
   6.4640293e+02   5.9143100e-34
   6.4638593e+02   3.1254557e-34
   6.4636893e+02   8.8582098e-35
   6.4635193e+02   5.2198283e-34
   6.4633493e+02   6.9531433e-35
   6.4631794e+02   6.0057946e-34
   6.4630094e+02   9.9221512e-35
   6.4628394e+02   5.3244898e-35
   6.4626695e+02   1.7166252e-34
   6.4624995e+02   5.4454059e-35
   6.4623296e+02   2.9439575e-35
   6.4621597e+02   2.3512657e-34
   6.4619898e+02   3.2696519e-34
   6.4618199e+02   5.5468818e-35
   6.4616500e+02   6.4894133e-35
   6.4614801e+02   4.2061201e-34
   6.4613102e+02   3.6055677e-34
   6.4611403e+02   9.8961231e-36
   6.4609705e+02   1.3032546e-34
   6.4608006e+02   9.1621570e-35
   6.4606308e+02   9.7609025e-35
   6.4604609e+02   1.7575272e-35
   6.4602911e+02   1.2984780e-34
   6.4601213e+02   6.8980490e-35
   6.4599515e+02   1.2027673e-33
   6.4597817e+02   3.6186727e-35
   6.4596119e+02   1.2115314e-35
   6.4594421e+02   8.1864019e-36
   6.4592723e+02   1.9810638e-34
   6.4591026e+02   9.7475461e-35
   6.4589328e+02   9.6255515e-36
   6.4587631e+02   2.2560275e-34
   6.4585933e+02   1.5609258e-34
   6.4584236e+02   2.1445136e-34
   6.4582539e+02   2.1675130e-35
   6.4580842e+02   9.9017947e-35
   6.4579145e+02   7.6972231e-36
   6.4577448e+02   7.3628774e-35
   6.4575751e+02   7.6382269e-35
   6.4574054e+02   3.1888407e-34
   6.4572358e+02   4.7896956e-35
   6.4570661e+02   3.1177447e-34
   6.4568965e+02   2.1281784e-34
   6.4567268e+02   5.1889693e-34
   6.4565572e+02   7.5515353e-35
   6.4563876e+02   1.8814923e-34
   6.4562180e+02   3.5605423e-35
   6.4560483e+02   1.5885136e-35
   6.4558788e+02   6.0162494e-34
   6.4557092e+02   3.8535914e-34
   6.4555396e+02   6.2075031e-35
   6.4553700e+02   1.1144053e-34
   6.4552005e+02   5.7432398e-35
   6.4550309e+02   2.6957665e-34
   6.4548614e+02   1.7686120e-34
   6.4546918e+02   2.4267673e-34
   6.4545223e+02   4.3724092e-34
   6.4543528e+02   3.0965777e-34
   6.4541833e+02   5.6835585e-35
   6.4540138e+02   3.3901641e-34
   6.4538443e+02   7.8261188e-34
   6.4536748e+02   2.4118325e-34
   6.4535054e+02   3.2034357e-34
   6.4533359e+02   1.2452224e-33
   6.4531665e+02   2.5419236e-33
   6.4529970e+02   5.0570826e-34
   6.4528276e+02   2.0917306e-34
   6.4526582e+02   1.8312942e-33
   6.4524887e+02   1.1802208e-34
   6.4523193e+02   5.5999562e-34
   6.4521499e+02   5.6434179e-34
   6.4519805e+02   5.2094281e-35
   6.4518112e+02   4.7139579e-34
   6.4516418e+02   4.9030385e-34
   6.4514724e+02   2.7991489e-34
   6.4513031e+02   3.2035176e-34
   6.4511337e+02   1.2753802e-33
   6.4509644e+02   1.0481676e-34
   6.4507951e+02   1.0812425e-34
   6.4506257e+02   2.3189352e-34
   6.4504564e+02   3.0012831e-34
   6.4502871e+02   1.6641954e-34
   6.4501178e+02   1.2156505e-34
   6.4499486e+02   3.9999646e-34
   6.4497793e+02   3.2713174e-35
   6.4496100e+02   4.3002982e-35
   6.4494408e+02   9.3822214e-36
   6.4492715e+02   5.4723601e-35
   6.4491023e+02   3.5885543e-34
   6.4489331e+02   3.3376110e-34
   6.4487638e+02   7.5152549e-35
   6.4485946e+02   2.4079760e-34
   6.4484254e+02   1.8560244e-34
   6.4482562e+02   4.9935972e-35
   6.4480870e+02   4.1115609e-35
   6.4479179e+02   3.7452783e-35
   6.4477487e+02   5.8420027e-34
   6.4475795e+02   1.6342452e-34
   6.4474104e+02   3.9918597e-35
   6.4472412e+02   5.0958603e-34
   6.4470721e+02   1.2991631e-34
   6.4469030e+02   1.0378900e-34
   6.4467339e+02   2.3433848e-35
   6.4465648e+02   6.1699876e-35
   6.4463957e+02   3.6822818e-34
   6.4462266e+02   3.9192465e-34
   6.4460575e+02   1.9195837e-35
   6.4458884e+02   3.4322808e-35
   6.4457194e+02   6.0764822e-35
   6.4455503e+02   8.4422826e-34
   6.4453813e+02   1.3898884e-34
   6.4452123e+02   4.8276344e-34
   6.4450432e+02   3.6056233e-34
   6.4448742e+02   2.4263596e-35
   6.4447052e+02   7.8653354e-34
   6.4445362e+02   6.5126463e-34
   6.4443672e+02   3.8752613e-34
   6.4441982e+02   2.2107128e-34
   6.4440293e+02   1.7657985e-34
   6.4438603e+02   6.0543888e-34
   6.4436913e+02   1.1811317e-33
   6.4435224e+02   2.0352474e-33
   6.4433535e+02   1.7059206e-33
   6.4431845e+02   2.3789835e-33
   6.4430156e+02   7.2081801e-34
   6.4428467e+02   2.2580818e-34
   6.4426778e+02   8.1426871e-34
   6.4425089e+02   1.6037560e-33
   6.4423400e+02   6.4836183e-34
   6.4421712e+02   3.5707879e-34
   6.4420023e+02   2.9913947e-35
   6.4418334e+02   5.6034694e-34
   6.4416646e+02   9.0593557e-34
   6.4414957e+02   1.0348454e-33
   6.4413269e+02   4.8344381e-34
   6.4411581e+02   6.5548882e-35
   6.4409893e+02   2.6111992e-34
   6.4408205e+02   7.5107016e-34
   6.4406517e+02   6.8747670e-34
   6.4404829e+02   8.6313793e-34
   6.4403141e+02   2.9152124e-34
   6.4401453e+02   7.2759599e-35
   6.4399766e+02   1.1791931e-34
   6.4398078e+02   1.8126912e-34
   6.4396391e+02   5.8217856e-35
   6.4394704e+02   1.5255367e-33
   6.4393016e+02   9.2693434e-35
   6.4391329e+02   1.0932930e-34
   6.4389642e+02   4.2174481e-34
   6.4387955e+02   1.0980469e-34
   6.4386268e+02   3.4300985e-37
   6.4384581e+02   8.7224126e-35
   6.4382895e+02   1.7181754e-34
   6.4381208e+02   3.8600462e-34
   6.4379522e+02   8.2838965e-35
   6.4377835e+02   9.9966807e-35
   6.4376149e+02   4.8736800e-35
   6.4374463e+02   4.2883280e-34
   6.4372776e+02   1.2998054e-34
   6.4371090e+02   1.0653995e-34
   6.4369404e+02   8.1547095e-35
   6.4367718e+02   7.9149001e-35
   6.4366032e+02   2.5903980e-34
   6.4364347e+02   1.3774402e-34
   6.4362661e+02   2.3603836e-36
   6.4360976e+02   1.5619613e-34
   6.4359290e+02   2.2444039e-34
   6.4357605e+02   3.1141642e-35
   6.4355919e+02   1.4693029e-34
   6.4354234e+02   1.0595041e-34
   6.4352549e+02   4.5631794e-36
   6.4350864e+02   2.0946709e-34
   6.4349179e+02   2.4757943e-34
   6.4347494e+02   5.7183975e-35
   6.4345809e+02   2.2445841e-34
   6.4344125e+02   1.3987796e-33
   6.4342440e+02   7.0642013e-34
   6.4340756e+02   1.1259560e-34
   6.4339071e+02   5.0639737e-34
   6.4337387e+02   1.0713990e-33
   6.4335703e+02   2.8989554e-34
   6.4334018e+02   2.8914816e-33
   6.4332334e+02   6.4342371e-34
   6.4330650e+02   1.5210531e-33
   6.4328967e+02   5.1017269e-34
   6.4327283e+02   1.9051077e-34
   6.4325599e+02   2.5155578e-34
   6.4323915e+02   1.2542023e-33
   6.4322232e+02   3.4300382e-33
   6.4320548e+02   1.3752184e-33
   6.4318865e+02   2.4771555e-34
   6.4317182e+02   3.2096475e-33
   6.4315499e+02   1.3346035e-33
   6.4313816e+02   1.5643671e-33
   6.4312133e+02   6.1271214e-34
   6.4310450e+02   1.9901915e-33
   6.4308767e+02   2.4028754e-34
   6.4307084e+02   4.2634777e-34
   6.4305401e+02   2.8643608e-35
   6.4303719e+02   3.2298228e-34
   6.4302036e+02   2.8380004e-33
   6.4300354e+02   5.8077077e-33
   6.4298672e+02   1.7999105e-33
   6.4296989e+02   8.1721091e-33
   6.4295307e+02   5.7201655e-33
   6.4293625e+02   1.1441381e-32
   6.4291943e+02   2.5959481e-32
   6.4290261e+02   4.6764013e-32
   6.4288580e+02   9.3090355e-32
   6.4286898e+02   1.4183943e-31
   6.4285216e+02   2.5256187e-31
   6.4283535e+02   4.4801337e-31
   6.4281853e+02   7.4359859e-31
   6.4280172e+02   1.3218148e-30
   6.4278491e+02   2.3624951e-30
   6.4276810e+02   4.2284682e-30
   6.4275129e+02   7.4755204e-30
   6.4273448e+02   1.3251703e-29
   6.4271767e+02   2.3508919e-29
   6.4270086e+02   4.1802630e-29
   6.4268405e+02   7.3402367e-29
   6.4266725e+02   1.2869802e-28
   6.4265044e+02   2.2682765e-28
   6.4263364e+02   3.9851593e-28
   6.4261683e+02   7.0102239e-28
   6.4260003e+02   1.2283632e-27
   6.4258323e+02   2.1534478e-27
   6.4256643e+02   3.7716289e-27
   6.4254963e+02   6.5915892e-27
   6.4253283e+02   1.1516907e-26
   6.4251603e+02   2.0105494e-26
   6.4249923e+02   3.5065374e-26
   6.4248243e+02   6.1077639e-26
   6.4246564e+02   1.0628009e-25
   6.4244884e+02   1.8474359e-25
   6.4243205e+02   3.2080001e-25
   6.4241526e+02   5.5646877e-25
   6.4239846e+02   9.6421384e-25
   6.4238167e+02   1.6689405e-24
   6.4236488e+02   2.8854980e-24
   6.4234809e+02   4.9834815e-24
   6.4233130e+02   8.5969172e-24
   6.4231452e+02   1.4814143e-23
   6.4229773e+02   2.5498179e-23
   6.4228094e+02   4.3837317e-23
   6.4226416e+02   7.5279462e-23
   6.4224737e+02   1.2912311e-22
   6.4223059e+02   2.2121591e-22
   6.4221381e+02   3.7854177e-22
   6.4219703e+02   6.4697745e-22
   6.4218024e+02   1.1044305e-21
   6.4216347e+02   1.8830277e-21
   6.4214669e+02   3.2065470e-21
   6.4212991e+02   5.4535205e-21
   6.4211313e+02   9.2633808e-21
   6.4209635e+02   1.5714838e-20
   6.4207958e+02   2.6625180e-20
   6.4206280e+02   4.5051767e-20
   6.4204603e+02   7.6131163e-20
   6.4202926e+02   1.2848085e-19
   6.4201248e+02   2.1653791e-19
   6.4199571e+02   3.6445427e-19
   6.4197894e+02   6.1257561e-19
   6.4196217e+02   1.0282001e-18
   6.4194541e+02   1.7234180e-18
   6.4192864e+02   2.8846434e-18
   6.4191187e+02   4.8214280e-18
   6.4189510e+02   8.0470098e-18
   6.4187834e+02   1.3411022e-17
   6.4186158e+02   2.2317764e-17
   6.4184481e+02   3.7084628e-17
   6.4182805e+02   6.1529630e-17
   6.4181129e+02   1.0193291e-16
   6.4179453e+02   1.6860742e-16
   6.4177777e+02   2.7846036e-16
   6.4176101e+02   4.5916273e-16
   6.4174425e+02   7.5592441e-16
   6.4172749e+02   1.2424827e-15
   6.4171074e+02   2.0388918e-15
   6.4169398e+02   3.3402674e-15
   6.4167723e+02   5.4631450e-15
   6.4166047e+02   8.9200986e-15
   6.4164372e+02   1.4539612e-14
   6.4162697e+02   2.3658262e-14
   6.4161022e+02   3.8428202e-14
   6.4159347e+02   6.2308119e-14
   6.4157672e+02   1.0084550e-13
   6.4155997e+02   1.6292035e-13
   6.4154322e+02   2.6271843e-13
   6.4152648e+02   4.2285486e-13
   6.4150973e+02   6.7930778e-13
   6.4149298e+02   1.0891933e-12
   6.4147624e+02   1.7429897e-12
   6.4145950e+02   2.7837116e-12
   6.4144275e+02   4.4369135e-12
   6.4142601e+02   7.0575252e-12
   6.4140927e+02   1.1202780e-11
   6.4139253e+02   1.7745485e-11
   6.4137579e+02   2.8049496e-11
   6.4135906e+02   4.4240850e-11
   6.4134232e+02   6.9625577e-11
   6.4132558e+02   1.0933178e-10
   6.4130885e+02   1.7129363e-10
   6.4129211e+02   2.6775508e-10
   6.4127538e+02   4.1756108e-10
   6.4125865e+02   6.4963847e-10
   6.4124191e+02   1.0082682e-09
   6.4122518e+02   1.5610459e-09
   6.4120845e+02   2.4108645e-09
   6.4119172e+02   3.7138904e-09
   6.4117500e+02   5.7064457e-09
   6.4115827e+02   8.7450680e-09
   6.4114154e+02   1.3366004e-08
   6.4112482e+02   2.0373251e-08
   6.4110809e+02   3.0968357e-08
   6.4109137e+02   4.6941100e-08
   6.4107464e+02   7.0948477e-08
   6.4105792e+02   1.0692134e-07
   6.4104120e+02   1.6065464e-07
   6.4102448e+02   2.4066063e-07
   6.4100776e+02   3.5939680e-07
   6.4099104e+02   5.3502551e-07
   6.4097432e+02   7.9392374e-07
   6.4095761e+02   1.1742461e-06
   6.4094089e+02   1.7309581e-06
   6.4092418e+02   2.5429118e-06
   6.4090746e+02   3.7227383e-06
   6.4089075e+02   5.4306067e-06
   6.4087403e+02   7.8932516e-06
   6.4085732e+02   1.1430133e-05
   6.4084061e+02   1.6489188e-05
   6.4082390e+02   2.3695373e-05
   6.4080719e+02   3.3916155e-05
   6.4079048e+02   4.8349242e-05
   6.4077378e+02   6.8639264e-05
   6.4075707e+02   9.7031785e-05
   6.4074037e+02   1.3657496e-04
   6.4072366e+02   1.9138133e-04
   6.4070696e+02   2.6696470e-04
   6.4069025e+02   3.7066950e-04
   6.4067355e+02   5.1221234e-04
   6.4065685e+02   7.0435793e-04
   6.4064015e+02   9.6375251e-04
   6.4062345e+02   1.3119386e-03
   6.4060675e+02   1.7765731e-03
   6.4059005e+02   2.3928675e-03
   6.4057336e+02   3.2052601e-03
   6.4055666e+02   4.2693211e-03
   6.4053996e+02   5.6538730e-03
   6.4052327e+02   7.4432853e-03
   6.4050658e+02   9.7398776e-03
   6.4048988e+02   1.2666325e-02
   6.4047319e+02   1.6367921e-02
   6.4045650e+02   2.1014506e-02
   6.4043981e+02   2.6801830e-02
   6.4042312e+02   3.3952051e-02
   6.4040643e+02   4.2713071e-02
   6.4038975e+02   5.3356342e-02
   6.4037306e+02   6.6172821e-02
   6.4035637e+02   8.1466739e-02
   6.4033969e+02   9.9546934e-02
   6.4032301e+02   1.2071562e-01
   6.4030632e+02   1.4525456e-01
   6.4028964e+02   1.7340888e-01
   6.4027296e+02   2.0536896e-01
   6.4025628e+02   2.4125101e-01
   6.4023960e+02   2.8107736e-01
   6.4022292e+02   3.2475762e-01
   6.4020624e+02   3.7207202e-01
   6.4018957e+02   4.2265848e-01
   6.4017289e+02   4.7600482e-01
   6.4015621e+02   5.3144748e-01
   6.4013954e+02   5.8817784e-01
   6.4012287e+02   6.4525677e-01
   6.4010619e+02   7.0163761e-01
   6.4008952e+02   7.5619712e-01
   6.4007285e+02   8.0777329e-01
   6.4005618e+02   8.5520831e-01
   6.4003951e+02   8.9739449e-01
   6.4002284e+02   9.3332051e-01
   6.4000618e+02   9.6211515e-01
   6.3998951e+02   9.8308577e-01
   6.3997284e+02   9.9574907e-01
   6.3995618e+02   9.9985205e-01
   6.3993952e+02   9.9538186e-01
   6.3992285e+02   9.8256393e-01
   6.3990619e+02   9.6184876e-01
   6.3988953e+02   9.3388823e-01
   6.3987287e+02   8.9950332e-01
   6.3985621e+02   8.5964546e-01
   6.3983955e+02   8.1535403e-01
   6.3982289e+02   7.6771272e-01
   6.3980623e+02   7.1780735e-01
   6.3978958e+02   6.6668730e-01
   6.3977292e+02   6.1533236e-01
   6.3975627e+02   5.6462636e-01
   6.3973962e+02   5.1533804e-01
   6.3972296e+02   4.6810952e-01
   6.3970631e+02   4.2345183e-01
   6.3968966e+02   3.8174682e-01
   6.3967301e+02   3.4325440e-01
   6.3965636e+02   3.0812397e-01
   6.3963971e+02   2.7640865e-01
   6.3962307e+02   2.4808140e-01
   6.3960642e+02   2.2305166e-01
   6.3958977e+02   2.0118190e-01
   6.3957313e+02   1.8230321e-01
   6.3955648e+02   1.6622946e-01
   6.3953984e+02   1.5276991e-01
   6.3952320e+02   1.4173986e-01
   6.3950656e+02   1.3296950e-01
   6.3948992e+02   1.2631109e-01
   6.3947328e+02   1.2164443e-01
   6.3945664e+02   1.1888093e-01
   6.3944000e+02   1.1796636e-01
   6.3942336e+02   1.1888251e-01
   6.3940673e+02   1.2164764e-01
   6.3939009e+02   1.2631602e-01
   6.3937346e+02   1.3297628e-01
   6.3935682e+02   1.4174867e-01
   6.3934019e+02   1.5278099e-01
   6.3932356e+02   1.6624307e-01
   6.3930693e+02   1.8231967e-01
   6.3929030e+02   2.0120159e-01
   6.3927367e+02   2.2307497e-01
   6.3925704e+02   2.4810877e-01
   6.3924041e+02   2.7644056e-01
   6.3922379e+02   3.0816091e-01
   6.3920716e+02   3.4329689e-01
   6.3919053e+02   3.8179535e-01
   6.3917391e+02   4.2350689e-01
   6.3915729e+02   4.6817158e-01
   6.3914066e+02   5.1540749e-01
   6.3912404e+02   5.6470354e-01
   6.3910742e+02   6.1541751e-01
   6.3909080e+02   6.6678054e-01
   6.3907418e+02   7.1790867e-01
   6.3905757e+02   7.6782196e-01
   6.3904095e+02   8.1547087e-01
   6.3902433e+02   8.5976942e-01
   6.3900772e+02   8.9963374e-01
   6.3899110e+02   9.3402431e-01
   6.3897449e+02   9.6198954e-01
   6.3895788e+02   9.8270832e-01
   6.3894126e+02   9.9552866e-01
   6.3892465e+02   1.0000000e+00
   6.3890804e+02   9.9589685e-01
   6.3889143e+02   9.8323207e-01
   6.3887482e+02   9.6225870e-01
   6.3885822e+02   9.3346009e-01
   6.3884161e+02   8.9752899e-01
   6.3882500e+02   8.5533675e-01
   6.3880840e+02   8.0789484e-01
   6.3879179e+02   7.5631111e-01
   6.3877519e+02   7.0174355e-01
   6.3875859e+02   6.4535435e-01
   6.3874199e+02   5.8826693e-01
   6.3872539e+02   5.3152809e-01
   6.3870879e+02   4.7607712e-01
   6.3869219e+02   4.2272276e-01
   6.3867559e+02   3.7212867e-01
   6.3865899e+02   3.2480713e-01
   6.3864240e+02   2.8112026e-01
   6.3862580e+02   2.4128787e-01
   6.3860921e+02   2.0540038e-01
   6.3859261e+02   1.7343543e-01
   6.3857602e+02   1.4527682e-01
   6.3855943e+02   1.2073414e-01
   6.3854283e+02   9.9562223e-02
   6.3852624e+02   8.1479262e-02
   6.3850965e+02   6.6183003e-02
   6.3849307e+02   5.3364559e-02
   6.3847648e+02   4.2719654e-02
   6.3845989e+02   3.3957289e-02
   6.3844331e+02   2.6805968e-02
   6.3842672e+02   2.1017754e-02
   6.3841014e+02   1.6370452e-02
   6.3839355e+02   1.2668285e-02
   6.3837697e+02   9.7413862e-03
   6.3836039e+02   7.4444390e-03
   6.3834381e+02   5.6547500e-03
   6.3832723e+02   4.2699839e-03
   6.3831065e+02   3.2057580e-03
   6.3829407e+02   2.3932395e-03
   6.3827749e+02   1.7768495e-03
   6.3826091e+02   1.3121428e-03
   6.3824434e+02   9.6390266e-04
   6.3822776e+02   7.0446774e-04
   6.3821119e+02   5.1229225e-04
   6.3819462e+02   3.7072736e-04
   6.3817804e+02   2.6700641e-04
   6.3816147e+02   1.9141124e-04
   6.3814490e+02   1.3659632e-04
   6.3812833e+02   9.7046974e-05
   6.3811176e+02   6.8650015e-05
   6.3809520e+02   4.8356820e-05
   6.3807863e+02   3.3921474e-05
   6.3806206e+02   2.3699091e-05
   6.3804550e+02   1.6491777e-05
   6.3802893e+02   1.1431929e-05
   6.3801237e+02   7.8944925e-06
   6.3799581e+02   5.4314610e-06
   6.3797924e+02   3.7233243e-06
   6.3796268e+02   2.5433123e-06
   6.3794612e+02   1.7312309e-06
   6.3792956e+02   1.1744312e-06
   6.3791300e+02   7.9404901e-07
   6.3789645e+02   5.3510998e-07
   6.3787989e+02   3.5945357e-07
   6.3786333e+02   2.4069866e-07
   6.3784678e+02   1.6068005e-07
   6.3783022e+02   1.0693826e-07
   6.3781367e+02   7.0959710e-08
   6.3779712e+02   4.6948536e-08
   6.3778057e+02   3.0973266e-08
   6.3776402e+02   2.0376482e-08
   6.3774747e+02   1.3368125e-08
   6.3773092e+02   8.7464565e-09
   6.3771437e+02   5.7073522e-09
   6.3769782e+02   3.7144807e-09
   6.3768127e+02   2.4112479e-09
   6.3766473e+02   1.5612943e-09
   6.3764818e+02   1.0084287e-09
   6.3763164e+02   6.4974195e-10
   6.3761510e+02   4.1762763e-10
   6.3759855e+02   2.6779777e-10
   6.3758201e+02   1.7132096e-10
   6.3756547e+02   1.0934923e-10
   6.3754893e+02   6.9636697e-11
   6.3753239e+02   4.4247920e-11
   6.3751586e+02   2.8053980e-11
   6.3749932e+02   1.7748323e-11
   6.3748278e+02   1.1204573e-11
   6.3746625e+02   7.0586554e-12
   6.3744971e+02   4.4376243e-12
   6.3743318e+02   2.7841578e-12
   6.3741665e+02   1.7432693e-12
   6.3740011e+02   1.0893681e-12
   6.3738358e+02   6.7941683e-13
   6.3736705e+02   4.2292278e-13
   6.3735052e+02   2.6276065e-13
   6.3733399e+02   1.6294654e-13
   6.3731747e+02   1.0086172e-13
   6.3730094e+02   6.2318147e-14
   6.3728441e+02   3.8434389e-14
   6.3726789e+02   2.3662073e-14
   6.3725137e+02   1.4541956e-14
   6.3723484e+02   8.9215370e-15
   6.3721832e+02   5.4640264e-15
   6.3720180e+02   3.3408066e-15
   6.3718528e+02   2.0392211e-15
   6.3716876e+02   1.2426835e-15
   6.3715224e+02   7.5604661e-16
   6.3713572e+02   4.5923700e-16
   6.3711920e+02   2.7850542e-16
   6.3710269e+02   1.6863471e-16
   6.3708617e+02   1.0194942e-16
   6.3706966e+02   6.1539601e-17
   6.3705314e+02   3.7090640e-17
   6.3703663e+02   2.2321384e-17
   6.3702012e+02   1.3413198e-17
   6.3700360e+02   8.0483164e-18
   6.3698709e+02   4.8222112e-18
   6.3697058e+02   2.8851122e-18
   6.3695408e+02   1.7236982e-18
   6.3693757e+02   1.0283674e-18
   6.3692106e+02   6.1267531e-19
   6.3690455e+02   3.6451362e-19
   6.3688805e+02   2.1657318e-19
   6.3687154e+02   1.2850180e-19
   6.3685504e+02   7.6143574e-20
   6.3683854e+02   4.5059129e-20
   6.3682204e+02   2.6629520e-20
   6.3680553e+02   1.5717409e-20
   6.3678903e+02   9.2648947e-21
   6.3677253e+02   5.4544109e-21
   6.3675604e+02   3.2070686e-21
   6.3673954e+02   1.8833351e-21
   6.3672304e+02   1.1046118e-21
   6.3670655e+02   6.4708322e-22
   6.3669005e+02   3.7860394e-22
   6.3667356e+02   2.2125219e-22
   6.3665706e+02   1.2914388e-22
   6.3664057e+02   7.5292027e-23
   6.3662408e+02   4.3844166e-23
   6.3660759e+02   2.5502296e-23
   6.3659110e+02   1.4816482e-23
   6.3657461e+02   8.5984259e-24
   6.3655812e+02   4.9841892e-24
   6.3654163e+02   2.8860686e-24
   6.3652515e+02   1.6692215e-24
   6.3650866e+02   9.6437224e-25
   6.3649218e+02   5.5655380e-25
   6.3647569e+02   3.2088287e-25
   6.3645921e+02   1.8479229e-25
   6.3644273e+02   1.0630441e-25
   6.3642624e+02   6.1090441e-26
   6.3640976e+02   3.5077188e-26
   6.3639328e+02   2.0115064e-26
   6.3637680e+02   1.1520488e-26
   6.3636033e+02   6.5943598e-27
   6.3634385e+02   3.7722797e-27
   6.3632737e+02   2.1543747e-27
   6.3631090e+02   1.2299796e-27
   6.3629442e+02   6.9976136e-28
   6.3627795e+02   3.9942189e-28
   6.3626148e+02   2.2740508e-28
   6.3624500e+02   1.2910746e-28
   6.3622853e+02   7.3310548e-29
   6.3621206e+02   4.1974651e-29
   6.3619559e+02   2.3775019e-29
   6.3617912e+02   1.3409814e-29
   6.3616266e+02   7.6211817e-30
   6.3614619e+02   4.3399942e-30
   6.3612972e+02   2.4677455e-30
   6.3611326e+02   1.4364876e-30
   6.3609679e+02   7.5786787e-31
   6.3608033e+02   4.6789756e-31
   6.3606387e+02   2.5719694e-31
   6.3604741e+02   1.4328024e-31
   6.3603094e+02   8.3134390e-32
   6.3601448e+02   5.6086806e-32
   6.3599803e+02   2.9043844e-32
   6.3598157e+02   1.8941477e-32
   6.3596511e+02   1.0927502e-32
   6.3594865e+02   1.9349509e-32
   6.3593220e+02   9.9094327e-33
   6.3591574e+02   7.2947243e-34
   6.3589929e+02   3.4346759e-33
   6.3588283e+02   2.4185594e-33
   6.3586638e+02   2.4272873e-33
   6.3584993e+02   1.0749153e-33
   6.3583348e+02   1.2494742e-34
   6.3581703e+02   2.0028336e-34
   6.3580058e+02   1.7511013e-33
   6.3578413e+02   3.7282105e-33
   6.3576768e+02   1.3854464e-33
   6.3575124e+02   1.2715237e-33
   6.3573479e+02   8.2685791e-35
   6.3571835e+02   1.0657280e-34
   6.3570190e+02   5.3102653e-34
   6.3568546e+02   9.5548025e-35
   6.3566902e+02   6.6148633e-35
   6.3565258e+02   2.1314560e-34
   6.3563614e+02   1.0896150e-33
   6.3561970e+02   2.1167563e-33
   6.3560326e+02   9.1873101e-34
   6.3558682e+02   9.0035639e-35
   6.3557038e+02   3.2706824e-34
   6.3555395e+02   3.1053108e-34
   6.3553751e+02   1.0326537e-33
   6.3552108e+02   1.6353412e-33
   6.3550464e+02   2.2968275e-34
   6.3548821e+02   6.4127425e-34
   6.3547178e+02   8.3053284e-34
   6.3545535e+02   2.2646720e-34
   6.3543892e+02   4.6901218e-34
   6.3542249e+02   1.3914181e-33
   6.3540606e+02   2.0303955e-34
   6.3538963e+02   5.0897698e-34
   6.3537320e+02   1.7823382e-34
   6.3535678e+02   8.4982619e-34
   6.3534035e+02   6.3312051e-34
   6.3532393e+02   1.9902011e-34
   6.3530750e+02   1.8420557e-34
   6.3529108e+02   3.2534562e-34
   6.3527466e+02   3.0099925e-34
   6.3525824e+02   4.0711268e-34
   6.3524182e+02   5.4308487e-34
   6.3522540e+02   5.1414484e-34
   6.3520898e+02   3.5310934e-34
   6.3519256e+02   1.8198555e-34
   6.3517614e+02   3.8418319e-34
   6.3515973e+02   9.3340322e-35
   6.3514331e+02   5.6812126e-34
   6.3512690e+02   2.5163689e-34
   6.3511049e+02   1.0408352e-34
   6.3509407e+02   1.5804724e-34
   6.3507766e+02   6.4510083e-34
   6.3506125e+02   1.3566827e-34
   6.3504484e+02   4.8812134e-35
   6.3502843e+02   3.8225766e-35
   6.3501202e+02   1.0748166e-34
   6.3499562e+02   3.8421607e-34
   6.3497921e+02   1.8915178e-34
   6.3496280e+02   4.4924691e-34
   6.3494640e+02   4.8579756e-34
   6.3492999e+02   6.1460322e-35
   6.3491359e+02   1.9157489e-34
   6.3489719e+02   7.1868921e-34
   6.3488079e+02   9.4036105e-35
   6.3486439e+02   8.1257323e-34
   6.3484799e+02   4.0659496e-34
   6.3483159e+02   2.1963102e-33
   6.3481519e+02   3.5411038e-34
   6.3479879e+02   2.3797045e-34
   6.3478240e+02   1.5802937e-34
   6.3476600e+02   1.0867400e-33
   6.3474961e+02   5.2625458e-34
   6.3473321e+02   9.8880327e-34
   6.3471682e+02   1.5041809e-33
   6.3470043e+02   8.3414139e-34
   6.3468403e+02   1.7706412e-33
   6.3466764e+02   2.3488548e-33
   6.3465125e+02   3.2372836e-34
   6.3463487e+02   1.3854965e-33
   6.3461848e+02   3.6167291e-33
   6.3460209e+02   1.2082424e-34
   6.3458570e+02   2.1392200e-33
   6.3456932e+02   1.0128293e-33
   6.3455293e+02   6.2919922e-34
   6.3453655e+02   5.6252065e-34
   6.3452017e+02   3.9873541e-34
   6.3450379e+02   2.2177877e-34
   6.3448740e+02   1.2906890e-34
   6.3447102e+02   6.3030002e-35
   6.3445464e+02   5.1461437e-34
   6.3443827e+02   1.0731210e-33
   6.3442189e+02   9.4286245e-36
   6.3440551e+02   3.0286437e-34
   6.3438913e+02   4.0439947e-34
   6.3437276e+02   6.6165994e-36
   6.3435639e+02   1.9496386e-34
   6.3434001e+02   1.8612589e-34
   6.3432364e+02   5.4079118e-34
   6.3430727e+02   7.5975648e-35
   6.3429090e+02   6.4297265e-35
   6.3427453e+02   2.1647317e-35
   6.3425816e+02   1.5654572e-35
   6.3424179e+02   1.5739496e-34
   6.3422542e+02   4.2341925e-34
   6.3420905e+02   2.0266288e-35
   6.3419269e+02   4.6096847e-35
   6.3417632e+02   7.2412205e-35
   6.3415996e+02   4.4147517e-35
   6.3414359e+02   9.6066129e-35
   6.3412723e+02   8.2288187e-35
   6.3411087e+02   5.6514013e-35
   6.3409451e+02   1.8906448e-35
   6.3407815e+02   5.0128138e-37
   6.3406179e+02   7.9739467e-35
   6.3404543e+02   5.5629239e-35
   6.3402907e+02   4.1797396e-36
   6.3401272e+02   2.8513234e-34
   6.3399636e+02   4.9999839e-35
   6.3398001e+02   3.2769143e-35
   6.3396365e+02   1.0618318e-34
   6.3394730e+02   1.8941945e-34
   6.3393095e+02   3.4337743e-34
   6.3391459e+02   1.6244436e-35
   6.3389824e+02   1.2695815e-35
   6.3388189e+02   3.0109330e-35
   6.3386554e+02   3.5299749e-34
   6.3384920e+02   1.5513793e-34
   6.3383285e+02   1.2303567e-35
   6.3381650e+02   3.4657859e-35
   6.3380016e+02   1.8774078e-34
   6.3378381e+02   3.9694603e-35
   6.3376747e+02   5.9020314e-35
   6.3375112e+02   2.2379320e-34
   6.3373478e+02   1.1517068e-34
   6.3371844e+02   2.0809440e-36
   6.3370210e+02   4.0998893e-35
   6.3368576e+02   6.7972795e-34
   6.3366942e+02   3.8096102e-34
   6.3365308e+02   7.1935330e-35
   6.3363675e+02   1.1546500e-34
   6.3362041e+02   5.2067960e-34
   6.3360407e+02   9.5001522e-34
   6.3358774e+02   6.6660622e-34
   6.3357140e+02   1.0114200e-35
   6.3355507e+02   8.1495526e-34
   6.3353874e+02   6.2408129e-35
   6.3352241e+02   5.1185858e-34
   6.3350608e+02   3.2867273e-34
   6.3348975e+02   1.2537006e-34
   6.3347342e+02   2.4270616e-34
   6.3345709e+02   1.4590124e-34
   6.3344076e+02   4.3398501e-35
   6.3342444e+02   5.4290556e-34
   6.3340811e+02   5.4114798e-35
   6.3339179e+02   3.0602922e-34
   6.3337546e+02   2.1005069e-34
   6.3335914e+02   5.9643892e-35
   6.3334282e+02   1.2615716e-34
   6.3332650e+02   2.7302912e-34
   6.3331018e+02   8.2184461e-35
   6.3329386e+02   3.6768847e-34
   6.3327754e+02   1.4231405e-34
   6.3326122e+02   2.8627165e-34
   6.3324490e+02   4.2023365e-35
   6.3322859e+02   1.3838808e-34
   6.3321227e+02   1.5090460e-35
   6.3319596e+02   3.4286954e-35
   6.3317964e+02   1.5603982e-34
   6.3316333e+02   6.1758472e-34
   6.3314702e+02   2.8809750e-34
   6.3313071e+02   6.1169682e-34
   6.3311440e+02   1.2819089e-34
   6.3309809e+02   1.8695676e-35
   6.3308178e+02   1.6822323e-34
   6.3306547e+02   9.1398883e-35
   6.3304916e+02   1.7941054e-34
   6.3303286e+02   6.6260549e-35
   6.3301655e+02   5.6844498e-35
   6.3300025e+02   7.3261242e-35
   6.3298394e+02   5.4099819e-34
   6.3296764e+02   4.6995913e-34
   6.3295134e+02   2.2912757e-34
   6.3293504e+02   6.8752185e-35
   6.3291874e+02   1.8438681e-34
   6.3290244e+02   2.0556711e-34
   6.3288614e+02   1.5894278e-34
   6.3286984e+02   1.8769536e-34
   6.3285354e+02   3.2141168e-36
   6.3283725e+02   1.4910073e-34
   6.3282095e+02   2.3318465e-35
   6.3280466e+02   1.2761125e-35
   6.3278836e+02   5.6953334e-35
   6.3277207e+02   2.0156010e-34
   6.3275578e+02   1.2484337e-34
   6.3273949e+02   5.4114669e-35
   6.3272320e+02   3.3994197e-35
   6.3270691e+02   3.2543212e-34
   6.3269062e+02   1.4665631e-35
   6.3267433e+02   8.8134729e-35
   6.3265805e+02   7.5005886e-35
   6.3264176e+02   1.5007099e-35
   6.3262547e+02   4.6942411e-34
   6.3260919e+02   1.4137557e-34
   6.3259291e+02   3.7728308e-36
   6.3257662e+02   3.0697683e-34
   6.3256034e+02   4.2482562e-34
   6.3254406e+02   2.9181912e-34
   6.3252778e+02   6.9622585e-36
   6.3251150e+02   3.1478021e-34
   6.3249522e+02   5.1965723e-36
   6.3247895e+02   1.3266512e-34
   6.3246267e+02   5.7609100e-35
   6.3244639e+02   1.7321668e-34
   6.3243012e+02   2.8782120e-34
   6.3241384e+02   3.0432965e-35
   6.3239757e+02   2.2475175e-34
   6.3238130e+02   5.5904782e-34
   6.3236503e+02   3.3533682e-34
   6.3234875e+02   1.5733269e-35
   6.3233248e+02   2.2078255e-35
   6.3231621e+02   1.0025652e-34
   6.3229995e+02   1.8558366e-34
   6.3228368e+02   1.7467373e-34
   6.3226741e+02   1.8661724e-34
   6.3225115e+02   2.1314560e-34
   6.3223488e+02   2.2233291e-34
   6.3221862e+02   4.0883530e-35
   6.3220235e+02   4.5936551e-37
   6.3218609e+02   2.3197958e-34
   6.3216983e+02   2.1314560e-34
   6.3215357e+02   1.8374620e-34
   6.3213731e+02   1.1943503e-34
   6.3212105e+02   2.6459453e-34
   6.3210479e+02   2.3519514e-34
   6.3208853e+02   5.8798785e-35
   6.3207228e+02   1.8374620e-34
   6.3205602e+02   6.6148633e-35
   6.3203976e+02   1.2494742e-34
   6.3202351e+02   4.9978967e-34
   6.3200726e+02   0.0000000e+00
   6.3199100e+02   4.9978967e-34
   6.3197475e+02   2.9399392e-35
   6.3195850e+02   2.6459453e-34
   6.3194225e+02   5.8798785e-34
   6.3192600e+02   4.7039028e-34
   6.3190975e+02   4.7039028e-34
   6.3189351e+02   4.7039028e-34
   6.3187726e+02   1.9991587e-33
   6.3186101e+02   1.9991587e-33
   6.3184477e+02   1.1759757e-34
   6.3182853e+02   4.7039028e-34
   6.3181228e+02   4.7039028e-34
   6.3179604e+02   0.0000000e+00
   6.3177980e+02   0.0000000e+00
   6.3176356e+02   1.1759757e-34
   6.3174732e+02   0.0000000e+00
   6.3173108e+02   2.3519514e-33
   6.3171484e+02   4.7039028e-34
   6.3169860e+02   1.8815611e-33
   6.3168236e+02   4.7039028e-34
   6.3166613e+02   0.0000000e+00
   6.3164989e+02   4.7039028e-34
   6.3163366e+02   1.8815611e-33
   6.3161743e+02   3.0104978e-32
   6.3160119e+02   7.5262445e-33
   6.3158496e+02   0.0000000e+00
   6.3156873e+02   7.5262445e-33
   6.3155250e+02   4.7039028e-34
   6.3153627e+02   4.7039028e-34
   6.3152004e+02   1.8815611e-33
   6.3150382e+02   7.5262445e-33
   6.3148759e+02   4.7039028e-34
   6.3147136e+02   4.7039028e-34
   6.3145514e+02   0.0000000e+00
   6.3143891e+02   0.0000000e+00
   6.3142269e+02   0.0000000e+00
   6.3140647e+02   3.0104978e-32
   6.3139025e+02   0.0000000e+00
   6.3137403e+02   0.0000000e+00
   6.3135781e+02   4.7039028e-34
   6.3134159e+02   4.2335125e-33
   6.3132537e+02   0.0000000e+00
   6.3130915e+02   1.1759757e-34
   6.3129293e+02   4.7039028e-34
   6.3127672e+02   2.3519514e-33
   6.3126050e+02   1.9991587e-33
   6.3124429e+02   4.7039028e-34
   6.3122808e+02   1.1759757e-34
