   6.4153654e+02   1.1575256e-36
   6.4153235e+02   1.9082196e-06
   6.4152817e+02   3.8284859e-06
   6.4152398e+02   1.9202937e-06
   6.4151979e+02   4.8101773e-38
   6.4151561e+02   1.9324779e-06
   6.4151142e+02   3.8772234e-06
   6.4150723e+02   1.9447735e-06
   6.4150305e+02   1.0920261e-35
   6.4149886e+02   1.9571816e-06
   6.4149468e+02   3.9268566e-06
   6.4149049e+02   1.9697036e-06
   6.4148630e+02   9.5358331e-36
   6.4148212e+02   1.9823408e-06
   6.4147793e+02   3.9774060e-06
   6.4147375e+02   1.9950945e-06
   6.4146956e+02   2.3457495e-34
   6.4146537e+02   2.0079660e-06
   6.4146119e+02   4.0288926e-06
   6.4145700e+02   2.0209566e-06
   6.4145282e+02   7.8058017e-36
   6.4144863e+02   2.0340678e-06
   6.4144445e+02   4.0813380e-06
   6.4144026e+02   2.0473008e-06
   6.4143608e+02   1.0619873e-34
   6.4143189e+02   2.0606572e-06
   6.4142770e+02   4.1347641e-06
   6.4142352e+02   2.0741382e-06
   6.4141933e+02   1.9005839e-35
   6.4141515e+02   2.0877454e-06
   6.4141096e+02   4.1891936e-06
   6.4140678e+02   2.1014802e-06
   6.4140259e+02   1.9406708e-36
   6.4139841e+02   2.1153440e-06
   6.4139422e+02   4.2446496e-06
   6.4139004e+02   2.1293384e-06
   6.4138585e+02   2.2652668e-36
   6.4138167e+02   2.1434647e-06
   6.4137749e+02   4.3011558e-06
   6.4137330e+02   2.1577246e-06
   6.4136912e+02   4.2761165e-36
   6.4136493e+02   2.1721196e-06
   6.4136075e+02   4.3587365e-06
   6.4135656e+02   2.1866512e-06
   6.4135238e+02   5.6487486e-36
   6.4134819e+02   2.2013210e-06
   6.4134401e+02   4.4174165e-06
   6.4133983e+02   2.2161306e-06
   6.4133564e+02   3.5631267e-36
   6.4133146e+02   2.2310816e-06
   6.4132727e+02   4.4772213e-06
   6.4132309e+02   2.2461757e-06
   6.4131891e+02   3.3154662e-36
   6.4131472e+02   2.2614143e-06
   6.4131054e+02   4.5381769e-06
   6.4130635e+02   2.2767994e-06
   6.4130217e+02   1.7948383e-35
   6.4129799e+02   2.2923324e-06
   6.4129380e+02   4.6003098e-06
   6.4128962e+02   2.3080151e-06
   6.4128544e+02   7.7632064e-35
   6.4128125e+02   2.3238493e-06
   6.4127707e+02   4.6636474e-06
   6.4127289e+02   2.3398366e-06
   6.4126870e+02   7.2781070e-36
   6.4126452e+02   2.3559789e-06
   6.4126034e+02   4.7282173e-06
   6.4125615e+02   2.3722778e-06
   6.4125197e+02   4.8546356e-36
   6.4124779e+02   2.3887352e-06
   6.4124361e+02   4.7940479e-06
   6.4123942e+02   2.4053530e-06
   6.4123524e+02   4.9183401e-35
   6.4123106e+02   2.4221329e-06
   6.4122687e+02   4.8611684e-06
   6.4122269e+02   2.4390767e-06
   6.4121851e+02   6.3770291e-35
   6.4121433e+02   2.4561865e-06
   6.4121014e+02   4.9296082e-06
   6.4120596e+02   2.4734639e-06
   6.4120178e+02   7.4366960e-35
   6.4119760e+02   2.4909110e-06
   6.4119341e+02   4.9993976e-06
   6.4118923e+02   2.5085297e-06
   6.4118505e+02   8.8268638e-36
   6.4118087e+02   2.5263219e-06
   6.4117669e+02   5.0705674e-06
   6.4117250e+02   2.5442896e-06
   6.4116832e+02   4.3115324e-35
   6.4116414e+02   2.5624347e-06
   6.4115996e+02   5.1431489e-06
   6.4115578e+02   2.5807593e-06
   6.4115160e+02   4.4292706e-35
   6.4114741e+02   2.5992653e-06
   6.4114323e+02   5.2171739e-06
   6.4113905e+02   2.6179548e-06
   6.4113487e+02   1.8761869e-37
   6.4113069e+02   2.6368298e-06
   6.4112651e+02   5.2926751e-06
   6.4112232e+02   2.6558924e-06
   6.4111814e+02   1.0849703e-36
   6.4111396e+02   2.6751447e-06
   6.4110978e+02   5.3696852e-06
   6.4110560e+02   2.6945887e-06
   6.4110142e+02   4.8213707e-36
   6.4109724e+02   2.7142266e-06
   6.4109306e+02   5.4482379e-06
   6.4108888e+02   2.7340605e-06
   6.4108470e+02   7.5186177e-36
   6.4108051e+02   2.7540925e-06
   6.4107633e+02   5.5283669e-06
   6.4107215e+02   2.7743248e-06
   6.4106797e+02   7.9105154e-35
   6.4106379e+02   2.7947594e-06
   6.4105961e+02   5.6101067e-06
   6.4105543e+02   2.8153987e-06
   6.4105125e+02   1.0641485e-36
   6.4104707e+02   2.8362447e-06
   6.4104289e+02   5.6934920e-06
   6.4103871e+02   2.8572997e-06
   6.4103453e+02   1.4697655e-34
   6.4103035e+02   2.8785659e-06
   6.4102617e+02   5.7785577e-06
   6.4102199e+02   2.9000454e-06
   6.4101781e+02   1.2195946e-35
   6.4101363e+02   2.9217406e-06
   6.4100945e+02   5.8653393e-06
   6.4100527e+02   2.9436535e-06
   6.4100109e+02   5.3498629e-36
   6.4099691e+02   2.9657864e-06
   6.4099273e+02   5.9538721e-06
   6.4098855e+02   2.9881416e-06
   6.4098437e+02   4.0501166e-36
   6.4098019e+02   3.0107212e-06
   6.4097601e+02   6.0441918e-06
   6.4097183e+02   3.0335275e-06
   6.4096765e+02   9.8283783e-36
   6.4096348e+02   3.0565628e-06
   6.4095930e+02   6.1363338e-06
   6.4095512e+02   3.0798291e-06
   6.4095094e+02   6.6180338e-36
   6.4094676e+02   3.1033288e-06
   6.4094258e+02   6.2303338e-06
   6.4093840e+02   3.1270641e-06
   6.4093422e+02   7.0793272e-35
   6.4093004e+02   3.1510371e-06
   6.4092586e+02   6.3262269e-06
   6.4092169e+02   3.1752500e-06
   6.4091751e+02   4.4002612e-36
   6.4091333e+02   3.1997050e-06
   6.4090915e+02   6.4240480e-06
   6.4090497e+02   3.2244043e-06
   6.4090079e+02   7.1187112e-34
   6.4089661e+02   3.2493499e-06
   6.4089244e+02   6.5238314e-06
   6.4088826e+02   3.2745439e-06
   6.4088408e+02   1.1219582e-34
   6.4087990e+02   3.2999885e-06
   6.4087572e+02   6.6256107e-06
   6.4087155e+02   3.3256856e-06
   6.4086737e+02   7.3892515e-36
   6.4086319e+02   3.3516373e-06
   6.4085901e+02   6.7294185e-06
   6.4085483e+02   3.3778456e-06
   6.4085066e+02   1.0427025e-36
   6.4084648e+02   3.4043123e-06
   6.4084230e+02   6.8352863e-06
   6.4083812e+02   3.4310393e-06
   6.4083395e+02   4.0852193e-36
   6.4082977e+02   3.4580286e-06
   6.4082559e+02   6.9432441e-06
   6.4082141e+02   3.4852817e-06
   6.4081724e+02   1.1595447e-35
   6.4081306e+02   3.5128005e-06
   6.4080888e+02   7.0533201e-06
   6.4080470e+02   3.5405866e-06
   6.4080053e+02   8.1872298e-35
   6.4079635e+02   3.5686415e-06
   6.4079217e+02   7.1655404e-06
   6.4078800e+02   3.5969667e-06
   6.4078382e+02   3.6714221e-37
   6.4077964e+02   3.6255636e-06
   6.4077547e+02   7.2799287e-06
   6.4077129e+02   3.6544335e-06
   6.4076711e+02   3.7426767e-35
   6.4076294e+02   3.6835776e-06
   6.4075876e+02   7.3965056e-06
   6.4075458e+02   3.7129969e-06
   6.4075041e+02   9.1979764e-35
   6.4074623e+02   3.7426925e-06
   6.4074205e+02   7.5152883e-06
   6.4073788e+02   3.7726651e-06
   6.4073370e+02   2.2725445e-36
   6.4072952e+02   3.8029155e-06
   6.4072535e+02   7.6362900e-06
   6.4072117e+02   3.8334441e-06
   6.4071700e+02   1.6318695e-36
   6.4071282e+02   3.8642514e-06
   6.4070864e+02   7.7595192e-06
   6.4070447e+02   3.8953375e-06
   6.4070029e+02   5.3347179e-35
   6.4069612e+02   3.9267025e-06
   6.4069194e+02   7.8849791e-06
   6.4068777e+02   3.9583462e-06
   6.4068359e+02   4.2616715e-35
   6.4067941e+02   3.9902682e-06
   6.4067524e+02   8.0126667e-06
   6.4067106e+02   4.0224678e-06
   6.4066689e+02   1.6253122e-35
   6.4066271e+02   4.0549443e-06
   6.4065854e+02   8.1425718e-06
   6.4065436e+02   4.0876963e-06
   6.4065019e+02   1.3238508e-37
   6.4064601e+02   4.1207227e-06
   6.4064184e+02   8.2746763e-06
   6.4063766e+02   4.1540215e-06
   6.4063349e+02   5.3894110e-35
   6.4062931e+02   4.1875909e-06
   6.4062514e+02   8.4089526e-06
   6.4062096e+02   4.2214284e-06
   6.4061679e+02   1.4812739e-34
   6.4061261e+02   4.2555313e-06
   6.4060844e+02   8.5453626e-06
   6.4060426e+02   4.2898965e-06
   6.4060009e+02   3.7874873e-36
   6.4059591e+02   4.3245204e-06
   6.4059174e+02   8.6838563e-06
   6.4058757e+02   4.3593991e-06
   6.4058339e+02   6.0587154e-36
   6.4057922e+02   4.3945281e-06
   6.4057504e+02   8.8243699e-06
   6.4057087e+02   4.4299025e-06
   6.4056669e+02   5.4776914e-36
   6.4056252e+02   4.4655168e-06
   6.4055835e+02   8.9668241e-06
   6.4055417e+02   4.5013650e-06
   6.4055000e+02   2.6252651e-35
   6.4054583e+02   4.5374404e-06
   6.4054165e+02   9.1111221e-06
   6.4053748e+02   4.5737358e-06
   6.4053330e+02   3.5932458e-35
   6.4052913e+02   4.6102431e-06
   6.4052496e+02   9.2571471e-06
   6.4052078e+02   4.6469537e-06
   6.4051661e+02   1.7223386e-36
   6.4051244e+02   4.6838581e-06
   6.4050826e+02   9.4047596e-06
   6.4050409e+02   4.7209460e-06
   6.4049992e+02   1.0082525e-35
   6.4049574e+02   4.7582063e-06
   6.4049157e+02   9.5537948e-06
   6.4048740e+02   4.7956269e-06
   6.4048322e+02   5.9027643e-35
   6.4047905e+02   4.8331947e-06
   6.4047488e+02   9.7040590e-06
   6.4047071e+02   4.8708957e-06
   6.4046653e+02   2.9329816e-35
   6.4046236e+02   4.9087144e-06
   6.4045819e+02   9.8553259e-06
   6.4045402e+02   4.9466347e-06
   6.4044984e+02   2.0138453e-36
   6.4044567e+02   4.9846387e-06
   6.4044150e+02   1.0007333e-05
   6.4043733e+02   5.0227076e-06
   6.4043315e+02   1.0362882e-35
   6.4042898e+02   5.0608209e-06
   6.4042481e+02   1.0159775e-05
   6.4042064e+02   5.0989567e-06
   6.4041646e+02   1.2743648e-35
   6.4041229e+02   5.1370915e-06
   6.4040812e+02   1.0312301e-05
   6.4040395e+02   5.1752001e-06
   6.4039978e+02   2.9422326e-35
   6.4039560e+02   5.2132557e-06
   6.4039143e+02   1.0464509e-05
   6.4038726e+02   5.2512293e-06
   6.4038309e+02   3.3782638e-36
   6.4037892e+02   5.2890901e-06
   6.4037475e+02   1.0615936e-05
   6.4037057e+02   5.3268050e-06
   6.4036640e+02   7.2812607e-34
   6.4036223e+02   5.3643390e-06
   6.4035806e+02   1.0766053e-05
   6.4035389e+02   5.4016543e-06
   6.4034972e+02   4.4279832e-34
   6.4034555e+02   5.4387108e-06
   6.4034138e+02   1.0914258e-05
   6.4033720e+02   5.4754658e-06
   6.4033303e+02   2.9178275e-35
   6.4032886e+02   5.5118737e-06
   6.4032469e+02   1.1059865e-05
   6.4032052e+02   5.5478858e-06
   6.4031635e+02   1.1110814e-36
   6.4031218e+02   5.5834505e-06
   6.4030801e+02   1.1202096e-05
   6.4030384e+02   5.6185129e-06
   6.4029967e+02   9.3174306e-36
   6.4029550e+02   5.6530143e-06
   6.4029133e+02   1.1340071e-05
   6.4028716e+02   5.6868926e-06
   6.4028299e+02   1.2433035e-37
   6.4027882e+02   5.7200820e-06
   6.4027464e+02   1.1472793e-05
   6.4027047e+02   5.7525123e-06
   6.4026630e+02   6.0408791e-35
   6.4026213e+02   5.7841092e-06
   6.4025796e+02   1.1599142e-05
   6.4025379e+02   5.8147941e-06
   6.4024962e+02   4.8446838e-36
   6.4024545e+02   5.8444837e-06
   6.4024128e+02   1.1717856e-05
   6.4023711e+02   5.8730897e-06
   6.4023295e+02   2.4766053e-34
   6.4022878e+02   5.9005191e-06
   6.4022461e+02   1.1827524e-05
   6.4022044e+02   5.9266734e-06
   6.4021627e+02   5.4776134e-35
   6.4021210e+02   5.9514489e-06
   6.4020793e+02   1.1926571e-05
   6.4020376e+02   5.9747364e-06
   6.4019959e+02   5.8878053e-36
   6.4019542e+02   5.9964207e-06
   6.4019125e+02   1.2013249e-05
   6.4018708e+02   6.0163814e-06
   6.4018291e+02   8.7190874e-37
   6.4017874e+02   6.0344917e-06
   6.4017457e+02   1.2085624e-05
   6.4017041e+02   6.0506194e-06
   6.4016624e+02   9.1673637e-35
   6.4016207e+02   6.0646262e-06
   6.4015790e+02   1.2141579e-05
   6.4015373e+02   6.0763682e-06
   6.4014956e+02   1.9150095e-34
   6.4014539e+02   6.0856961e-06
   6.4014122e+02   1.2178813e-05
   6.4013706e+02   6.0924555e-06
   6.4013289e+02   9.2580033e-34
   6.4012872e+02   6.0964872e-06
   6.4012455e+02   1.2194859e-05
   6.4012038e+02   6.0976284e-06
   6.4011621e+02   1.1696357e-36
   6.4011205e+02   6.0957130e-06
   6.4010788e+02   1.2187113e-05
   6.4010371e+02   6.0905730e-06
   6.4009954e+02   8.1183093e-34
   6.4009537e+02   6.0820403e-06
   6.4009121e+02   1.2152899e-05
   6.4008704e+02   6.0699481e-06
   6.4008287e+02   1.1431716e-35
   6.4007870e+02   6.0541337e-06
   6.4007454e+02   1.2089563e-05
   6.4007037e+02   6.0344415e-06
   6.4006620e+02   1.5317700e-35
   6.4006203e+02   6.0107264e-06
   6.4005787e+02   1.1994638e-05
   6.4005370e+02   5.9828590e-06
   6.4004953e+02   3.3087876e-36
   6.4004536e+02   5.9507310e-06
   6.4004120e+02   1.1866086e-05
   6.4003703e+02   5.9142621e-06
   6.4003286e+02   1.5478540e-35
   6.4002869e+02   5.8734091e-06
   6.4002453e+02   1.1702676e-05
   6.4002036e+02   5.8281767e-06
   6.4001619e+02   4.2310876e-35
   6.4001203e+02   5.7786300e-06
   6.4000786e+02   1.1504559e-05
   6.4000369e+02   5.7249111e-06
   6.3999953e+02   4.2287737e-34
   6.3999536e+02   5.6672587e-06
   6.3999119e+02   1.1274129e-05
   6.3998703e+02   5.6060324e-06
   6.3998286e+02   3.3092230e-36
   6.3997869e+02   5.5417425e-06
   6.3997453e+02   1.1017316e-05
   6.3997036e+02   5.4750864e-06
   6.3996620e+02   4.7031519e-34
   6.3996203e+02   5.4069941e-06
   6.3995786e+02   1.0745554e-05
   6.3995370e+02   5.3386837e-06
   6.3994953e+02   2.6532152e-34
   6.3994536e+02   5.2717299e-06
   6.3994120e+02   1.0478744e-05
   6.3993703e+02   5.2081498e-06
   6.3993287e+02   3.8404686e-35
   6.3992870e+02   5.1505081e-06
   6.3992454e+02   1.0249795e-05
   6.3992037e+02   5.1020494e-06
   6.3991620e+02   1.2433967e-35
   6.3991204e+02   5.0668622e-06
   6.3990787e+02   1.0111608e-05
   6.3990371e+02   5.0500858e-06
   6.3989954e+02   1.6341333e-35
   6.3989538e+02   5.0581691e-06
   6.3989121e+02   1.0147971e-05
   6.3988705e+02   5.0991985e-06
   6.3988288e+02   4.8132063e-34
   6.3987872e+02   5.1833133e-06
   6.3987455e+02   1.0490770e-05
   6.3987039e+02   5.3232349e-06
   6.3986622e+02   2.2684213e-35
   6.3986206e+02   5.5349447e-06
   6.3985789e+02   1.1347631e-05
   6.3985373e+02   5.8385571e-06
   6.3984956e+02   3.0429488e-35
   6.3984540e+02   6.2594494e-06
   6.3984123e+02   1.3047197e-05
   6.3983707e+02   6.8297352e-06
   6.3983290e+02   2.4450054e-32
   6.3982874e+02   7.5901985e-06
   6.3982458e+02   1.6114951e-05
   6.3982041e+02   8.5928497e-06
   6.3981625e+02   3.8799449e-32
   6.3981208e+02   9.9043342e-06
   6.3980792e+02   2.1403628e-05
   6.3980375e+02   1.1610515e-05
   6.3979959e+02   4.2837450e-33
   6.3979543e+02   1.3822695e-05
   6.3979126e+02   3.0324622e-05
   6.3978710e+02   1.6686152e-05
   6.3978293e+02   7.6285719e-36
   6.3977877e+02   2.0391986e-05
   6.3977461e+02   4.5274013e-05
   6.3977044e+02   2.5193763e-05
   6.3976628e+02   1.9957369e-33
   6.3976212e+02   3.1431233e-05
   6.3975795e+02   7.0452471e-05
   6.3975379e+02   3.9564641e-05
   6.3974962e+02   9.3265621e-33
   6.3974546e+02   5.0225224e-05
   6.3974130e+02   1.1353026e-04
   6.3973713e+02   6.4290952e-05
   6.3973297e+02   8.1862936e-32
   6.3972881e+02   8.3002591e-05
   6.3972465e+02   1.8926083e-04
   6.3972048e+02   1.0814593e-04
   6.3971632e+02   1.0439202e-35
   6.3971216e+02   1.4234593e-04
   6.3970799e+02   3.2801262e-04
   6.3970383e+02   1.8955686e-04
   6.3969967e+02   3.0727058e-31
   6.3969551e+02   2.5591008e-04
   6.3969134e+02   5.9826006e-04
   6.3968718e+02   3.5124589e-04
   6.3968302e+02   5.1720434e-32
   6.3967885e+02   4.9203019e-04
   6.3967469e+02   1.1755325e-03
   6.3967053e+02   7.0727143e-04
   6.3966637e+02   1.6765236e-21
   6.3966221e+02   1.0514991e-03
   6.3965804e+02   2.6058701e-03
   6.3965388e+02   1.6362550e-03
   6.3964972e+02   2.9476273e-10
   6.3964556e+02   2.7078573e-03
   6.3964139e+02   7.1800478e-03
   6.3963723e+02   4.8534197e-03
   6.3963307e+02   6.6300147e-04
   6.3962891e+02   1.6812764e-02
   6.3962475e+02   5.9888026e-02
   6.3962059e+02   9.6701751e-02
   6.3961642e+02   9.3369446e-02
   6.3961226e+02   7.6825357e-02
   6.3960810e+02   1.1633619e-01
   6.3960394e+02   2.2332418e-01
   6.3959978e+02   3.0691341e-01
   6.3959562e+02   2.7107724e-01
   6.3959145e+02   1.3754898e-01
   6.3958729e+02   2.4059855e-02
   6.3958313e+02   3.2016430e-03
   6.3957897e+02   3.2976938e-02
   6.3957481e+02   3.9136253e-02
   6.3957065e+02   1.4232173e-02
   6.3956649e+02   9.8281417e-08
   6.3956233e+02   9.3955386e-03
   6.3955817e+02   1.6003086e-02
   6.3955400e+02   6.9901770e-03
   6.3954984e+02   3.8918930e-12
   6.3954568e+02   5.6291932e-03
   6.3954152e+02   1.0311618e-02
   6.3953736e+02   4.7739334e-03
   6.3953320e+02   1.2554617e-18
   6.3952904e+02   4.2051773e-03
   6.3952488e+02   7.9842018e-03
   6.3952072e+02   3.8147063e-03
   6.3951656e+02   1.3272744e-24
   6.3951240e+02   3.5437126e-03
   6.3950824e+02   6.8834468e-03
   6.3950408e+02   3.3579900e-03
   6.3949992e+02   4.3801752e-29
   6.3949576e+02   3.2367668e-03
   6.3949160e+02   6.3922121e-03
   6.3948744e+02   3.1671865e-03
   6.3948328e+02   3.7095305e-31
   6.3947912e+02   3.1414011e-03
   6.3947496e+02   6.2868830e-03
   6.3947080e+02   3.1549840e-03
   6.3946664e+02   2.0653264e-31
   6.3946248e+02   3.2060677e-03
   6.3945832e+02   6.4913540e-03
   6.3945416e+02   3.2949173e-03
   6.3945000e+02   1.0932731e-34
   6.3944584e+02   3.4238072e-03
   6.3944168e+02   7.0091062e-03
   6.3943752e+02   3.5971465e-03
   6.3943336e+02   1.4602164e-31
   6.3942920e+02   3.8218642e-03
   6.3942504e+02   7.9130190e-03
   6.3942088e+02   4.1081151e-03
   6.3941673e+02   2.4852961e-30
   6.3941257e+02   4.4704463e-03
   6.3940841e+02   9.3726632e-03
   6.3940425e+02   4.9296824e-03
   6.3940009e+02   4.9571591e-29
   6.3939593e+02   5.5159994e-03
   6.3939177e+02   1.1740003e-02
   6.3938761e+02   6.2740752e-03
   6.3938345e+02   1.9096248e-24
   6.3937930e+02   7.2720521e-03
   6.3937514e+02   1.5784973e-02
   6.3937098e+02   8.6179114e-03
   6.3936682e+02   2.3343128e-19
   6.3936266e+02   1.0491276e-02
   6.3935850e+02   2.3433115e-02
   6.3935435e+02   1.3210184e-02
   6.3935019e+02   2.0470384e-13
   6.3934603e+02   1.7387119e-02
   6.3934187e+02   4.0774048e-02
   6.3933771e+02   2.4376859e-02
   6.3933355e+02   2.3370682e-07
   6.3932940e+02   3.7087703e-02
   6.3932524e+02   9.7330980e-02
   6.3932108e+02   6.8530085e-02
   6.3931692e+02   6.7283112e-04
   6.3931277e+02   1.4225189e-01
   6.3930861e+02   5.8613656e-01
   6.3930445e+02   1.0000000e+00
   6.3930029e+02   9.4513754e-01
   6.3929614e+02   4.5197400e-01
   6.3929198e+02   4.2352915e-02
   6.3928782e+02   1.0229373e-01
   6.3928366e+02   4.3351063e-01
   6.3927951e+02   5.6696755e-01
   6.3927535e+02   3.6167851e-01
   6.3927119e+02   8.8725351e-02
   6.3926703e+02   4.0908639e-04
   6.3926288e+02   5.0251620e-02
   6.3925872e+02   6.9610559e-02
   6.3925456e+02   2.6202455e-02
   6.3925041e+02   1.1469908e-10
   6.3924625e+02   1.6606019e-02
   6.3924209e+02   2.7386028e-02
   6.3923794e+02   1.1483891e-02
   6.3923378e+02   5.5304704e-22
   6.3922962e+02   8.4020556e-03
   6.3922547e+02   1.4602205e-02
   6.3922131e+02   6.3993789e-03
   6.3921715e+02   2.7699122e-32
   6.3921300e+02   5.0246528e-03
   6.3920884e+02   8.9879745e-03
   6.3920468e+02   4.0409493e-03
   6.3920053e+02   3.8816397e-32
   6.3919637e+02   3.3135956e-03
   6.3919221e+02   6.0385946e-03
   6.3918806e+02   2.7612846e-03
   6.3918390e+02   2.3451301e-35
   6.3917975e+02   2.3325247e-03
   6.3917559e+02   4.3068032e-03
   6.3917143e+02   1.9934093e-03
   6.3916728e+02   1.8265256e-31
   6.3916312e+02   1.7208724e-03
   6.3915897e+02   3.2086616e-03
   6.3915481e+02   1.4987837e-03
   6.3915066e+02   3.6003657e-32
   6.3914650e+02   1.3155922e-03
   6.3914234e+02   2.4717019e-03
   6.3913819e+02   1.1628529e-03
   6.3913403e+02   4.5632423e-34
   6.3912988e+02   1.0342788e-03
   6.3912572e+02   1.9550403e-03
   6.3912157e+02   9.2511345e-04
   6.3911741e+02   6.7745696e-37
   6.3911326e+02   8.3170612e-04
   6.3910910e+02   1.5799981e-03
   6.3910495e+02   7.5121836e-04
   6.3910079e+02   1.0596612e-32
   6.3909664e+02   6.8141737e-04
   6.3909248e+02   1.2999099e-03
   6.3908833e+02   6.2052803e-04
   6.3908417e+02   1.1469766e-33
   6.3908002e+02   5.6712530e-04
   6.3907586e+02   1.0857238e-03
   6.3907171e+02   5.2005504e-04
   6.3906755e+02   1.2107516e-33
   6.3906340e+02   4.7837481e-04
   6.3905925e+02   9.1861621e-04
   6.3905509e+02   4.4130921e-04
   6.3905094e+02   9.7349505e-35
   6.3904678e+02   4.0821580e-04
   6.3904263e+02   7.8597536e-04
   6.3903847e+02   3.7855886e-04
   6.3903432e+02   1.4991907e-33
   6.3903017e+02   3.5188891e-04
   6.3902601e+02   6.7910634e-04
   6.3902186e+02   3.2782672e-04
   6.3901770e+02   3.2733883e-33
   6.3901355e+02   3.0605063e-04
   6.3900940e+02   5.9186512e-04
   6.3900524e+02   2.8628643e-04
   6.3900109e+02   3.7059053e-35
   6.3899693e+02   2.6829930e-04
   6.3899278e+02   5.1981576e-04
   6.3898863e+02   2.5188724e-04
   6.3898447e+02   1.2181470e-36
   6.3898032e+02   2.3687576e-04
   6.3897617e+02   4.5969432e-04
   6.3897201e+02   2.2311357e-04
   6.3896786e+02   1.2073849e-34
   6.3896371e+02   2.1046898e-04
   6.3895955e+02   4.0905852e-04
   6.3895540e+02   1.9882696e-04
   6.3895125e+02   9.7340781e-35
   6.3894710e+02   1.8808670e-04
   6.3894294e+02   3.6605320e-04
   6.3893879e+02   1.7815956e-04
   6.3893464e+02   4.7351234e-36
   6.3893048e+02   1.6896739e-04
   6.3892633e+02   3.2925001e-04
   6.3892218e+02   1.6044107e-04
   6.3891803e+02   4.6020847e-37
   6.3891387e+02   1.5251930e-04
   6.3890972e+02   2.9753568e-04
   6.3890557e+02   1.4514756e-04
   6.3890142e+02   2.8943349e-34
   6.3889726e+02   1.3827726e-04
   6.3889311e+02   2.7003280e-04
   6.3888896e+02   1.3186499e-04
   6.3888481e+02   5.0269504e-34
   6.3888065e+02   1.2587185e-04
   6.3887650e+02   2.4604280e-04
   6.3887235e+02   1.2026293e-04
   6.3886820e+02   1.4009739e-35
   6.3886405e+02   1.1500684e-04
   6.3885989e+02   2.2500430e-04
   6.3885574e+02   1.1007527e-04
   6.3885159e+02   3.2739463e-37
   6.3884744e+02   1.0544264e-04
   6.3884329e+02   2.0646224e-04
   6.3883914e+02   1.0108583e-04
   6.3883498e+02   3.2117756e-35
   6.3883083e+02   9.6983869e-05
   6.3882668e+02   1.9004486e-04
   6.3882253e+02   9.3117702e-05
   6.3881838e+02   5.4145084e-35
   6.3881423e+02   8.9470007e-05
   6.3881008e+02   1.7544620e-04
   6.3880593e+02   8.6024997e-05
   6.3880177e+02   1.5370650e-34
   6.3879762e+02   8.2768264e-05
   6.3879347e+02   1.6241268e-04
   6.3878932e+02   7.9686640e-05
   6.3878517e+02   2.1751033e-36
   6.3878102e+02   7.6768069e-05
   6.3877687e+02   1.5073288e-04
   6.3877272e+02   7.4001502e-05
   6.3876857e+02   6.8192625e-34
   6.3876442e+02   7.1376794e-05
   6.3876027e+02   1.4022939e-04
   6.3875612e+02   6.8884623e-05
   6.3875197e+02   1.1522314e-33
   6.3874782e+02   6.6516406e-05
   6.3874366e+02   1.3075257e-04
   6.3873951e+02   6.4264235e-05
   6.3873536e+02   4.2686567e-35
   6.3873121e+02   6.2120813e-05
   6.3872706e+02   1.2217551e-04
   6.3872291e+02   6.0079400e-05
   6.3871876e+02   8.3849868e-37
   6.3871461e+02   5.8133760e-05
   6.3871046e+02   1.1439007e-04
   6.3870631e+02   5.6278123e-05
   6.3870216e+02   2.7002137e-35
   6.3869801e+02   5.4507139e-05
   6.3869386e+02   1.0730365e-04
   6.3868972e+02   5.2815842e-05
   6.3868557e+02   1.2467726e-35
   6.3868142e+02   5.1199623e-05
   6.3867727e+02   1.0083663e-04
   6.3867312e+02   4.9654195e-05
   6.3866897e+02   2.2271238e-35
   6.3866482e+02   4.8175568e-05
   6.3866067e+02   9.4920266e-05
   6.3865652e+02   4.6760025e-05
   6.3865237e+02   1.1381665e-36
   6.3864822e+02   4.5404102e-05
   6.3864407e+02   8.9494956e-05
   6.3863992e+02   4.4104563e-05
   6.3863577e+02   8.3302242e-35
   6.3863163e+02   4.2858390e-05
   6.3862748e+02   8.4508850e-05
   6.3862333e+02   4.1662757e-05
   6.3861918e+02   7.1439507e-35
   6.3861503e+02   4.0515022e-05
   6.3861088e+02   7.9916673e-05
   6.3860673e+02   3.9412711e-05
   6.3860258e+02   1.7420876e-36
   6.3859844e+02   3.8353505e-05
   6.3859429e+02   7.5678763e-05
   6.3859014e+02   3.7335230e-05
   6.3858599e+02   2.0193984e-36
   6.3858184e+02   3.6355844e-05
   6.3857769e+02   7.1760261e-05
   6.3857355e+02   3.5413430e-05
   6.3856940e+02   7.3104274e-35
   6.3856525e+02   3.4506185e-05
   6.3856110e+02   6.8130436e-05
   6.3855695e+02   3.3632416e-05
   6.3855281e+02   8.1949286e-36
   6.3854866e+02   3.2790525e-05
   6.3854451e+02   6.4762121e-05
   6.3854036e+02   3.1979010e-05
   6.3853622e+02   2.2041884e-35
   6.3853207e+02   3.1196454e-05
   6.3852792e+02   6.1631229e-05
   6.3852377e+02   3.0441521e-05
   6.3851963e+02   3.8287165e-36
   6.3851548e+02   2.9712949e-05
   6.3851133e+02   5.8716350e-05
   6.3850718e+02   2.9009550e-05
   6.3850304e+02   1.1610224e-34
   6.3849889e+02   2.8330195e-05
   6.3849474e+02   5.5998402e-05
   6.3849060e+02   2.7673823e-05
   6.3848645e+02   1.7669665e-34
   6.3848230e+02   2.7039427e-05
   6.3847815e+02   5.3460340e-05
   6.3847401e+02   2.6426053e-05
   6.3846986e+02   8.2517606e-36
   6.3846571e+02   2.5832801e-05
   6.3846157e+02   5.1086901e-05
   6.3845742e+02   2.5258813e-05
   6.3845327e+02   4.8223263e-37
   6.3844913e+02   2.4703281e-05
   6.3844498e+02   4.8864386e-05
   6.3844083e+02   2.4165434e-05
   6.3843669e+02   2.9101213e-35
   6.3843254e+02   2.3644543e-05
   6.3842840e+02   4.6780477e-05
   6.3842425e+02   2.3139916e-05
   6.3842010e+02   2.8278141e-35
   6.3841596e+02   2.2650892e-05
   6.3841181e+02   4.4824071e-05
   6.3840767e+02   2.2176847e-05
   6.3840352e+02   8.8589676e-35
   6.3839937e+02   2.1717186e-05
   6.3839523e+02   4.2985141e-05
   6.3839108e+02   2.1271341e-05
   6.3838694e+02   8.7936676e-37
   6.3838279e+02   2.0838774e-05
   6.3837864e+02   4.1254617e-05
   6.3837450e+02   2.0418971e-05
   6.3837035e+02   2.0572617e-34
   6.3836621e+02   2.0011444e-05
   6.3836206e+02   3.9624275e-05
   6.3835792e+02   1.9615726e-05
   6.3835377e+02   4.0738916e-34
   6.3834963e+02   1.9231373e-05
   6.3834548e+02   3.8086649e-05
   6.3834134e+02   1.8857960e-05
   6.3833719e+02   1.5917708e-36
   6.3833305e+02   1.8495083e-05
   6.3832890e+02   3.6634949e-05
   6.3832476e+02   1.8142356e-05
   6.3832061e+02   1.6297055e-36
   6.3831647e+02   1.7799409e-05
   6.3831232e+02   3.5262984e-05
   6.3830818e+02   1.7465890e-05
   6.3830403e+02   1.0073195e-35
   6.3829989e+02   1.7141461e-05
   6.3829574e+02   3.3965110e-05
   6.3829160e+02   1.6825801e-05
   6.3828746e+02   3.3129075e-35
   6.3828331e+02   1.6518602e-05
   6.3827917e+02   3.2736163e-05
   6.3827502e+02   1.6219567e-05
   6.3827088e+02   9.8118904e-36
   6.3826673e+02   1.5928415e-05
   6.3826259e+02   3.1571420e-05
   6.3825845e+02   1.5644875e-05
   6.3825430e+02   2.1875023e-36
   6.3825016e+02   1.5368688e-05
   6.3824601e+02   3.0466548e-05
   6.3824187e+02   1.5099606e-05
   6.3823773e+02   2.7367581e-34
   6.3823358e+02   1.4837391e-05
   6.3822944e+02   2.9417574e-05
   6.3822530e+02   1.4581814e-05
   6.3822115e+02   3.1348595e-34
   6.3821701e+02   1.4332657e-05
   6.3821286e+02   2.8420840e-05
   6.3820872e+02   1.4089710e-05
   6.3820458e+02   2.4556137e-35
   6.3820043e+02   1.3852770e-05
   6.3819629e+02   2.7472984e-05
   6.3819215e+02   1.3621644e-05
   6.3818801e+02   6.9100544e-36
   6.3818386e+02   1.3396147e-05
   6.3817972e+02   2.6570905e-05
   6.3817558e+02   1.3176099e-05
   6.3817143e+02   5.1775953e-36
   6.3816729e+02   1.2961329e-05
   6.3816315e+02   2.5711742e-05
   6.3815900e+02   1.2751671e-05
   6.3815486e+02   1.1304432e-36
   6.3815072e+02   1.2546968e-05
   6.3814658e+02   2.4892851e-05
   6.3814243e+02   1.2347065e-05
   6.3813829e+02   7.1417159e-36
   6.3813415e+02   1.2151817e-05
   6.3813001e+02   2.4111788e-05
   6.3812586e+02   1.1961082e-05
   6.3812172e+02   3.4017841e-36
   6.3811758e+02   1.1774724e-05
   6.3811344e+02   2.3366289e-05
   6.3810930e+02   1.1592611e-05
   6.3810515e+02   1.5110164e-34
   6.3810101e+02   1.1414617e-05
   6.3809687e+02   2.2654255e-05
   6.3809273e+02   1.1240622e-05
   6.3808859e+02   2.1040564e-35
   6.3808444e+02   1.1070506e-05
   6.3808030e+02   2.1973737e-05
   6.3807616e+02   1.0904159e-05
   6.3807202e+02   1.5087776e-36
   6.3806788e+02   1.0741469e-05
   6.3806374e+02   2.1322927e-05
   6.3805959e+02   1.0582333e-05
   6.3805545e+02   2.1952427e-36
   6.3805131e+02   1.0426649e-05
   6.3804717e+02   2.0700142e-05
   6.3804303e+02   1.0274319e-05
   6.3803889e+02   1.5920815e-35
   6.3803475e+02   1.0125249e-05
   6.3803061e+02   2.0103815e-05
   6.3802646e+02   9.9793468e-06
   6.3802232e+02   2.4093223e-35
   6.3801818e+02   9.8365253e-06
   6.3801404e+02   1.9532486e-05
   6.3800990e+02   9.6966992e-06
   6.3800576e+02   4.7123812e-34
   6.3800162e+02   9.5597864e-06
   6.3799748e+02   1.8984795e-05
   6.3799334e+02   9.4257075e-06
   6.3798920e+02   3.8916231e-36
   6.3798506e+02   9.2943857e-06
   6.3798092e+02   1.8459471e-05
   6.3797678e+02   9.1657469e-06
   6.3797264e+02   8.6472636e-35
   6.3796850e+02   9.0397195e-06
   6.3796436e+02   1.7955326e-05
   6.3796022e+02   8.9162339e-06
   6.3795608e+02   6.3922816e-36
   6.3795194e+02   8.7952233e-06
   6.3794780e+02   1.7471251e-05
   6.3794366e+02   8.6766225e-06
   6.3793952e+02   1.6130585e-35
   6.3793538e+02   8.5603689e-06
   6.3793124e+02   1.7006206e-05
   6.3792710e+02   8.4464016e-06
   6.3792296e+02   2.9702273e-38
   6.3791882e+02   8.3346618e-06
   6.3791468e+02   1.6559219e-05
   6.3791054e+02   8.2250924e-06
   6.3790640e+02   2.5679398e-35
   6.3790226e+02   8.1176383e-06
   6.3789812e+02   1.6129375e-05
   6.3789398e+02   8.0122459e-06
   6.3788984e+02   7.7429160e-37
   6.3788570e+02   7.9088636e-06
   6.3788156e+02   1.5715821e-05
   6.3787742e+02   7.8074410e-06
   6.3787328e+02   5.4288175e-36
   6.3786915e+02   7.7079294e-06
   6.3786501e+02   1.5317751e-05
   6.3786087e+02   7.6102818e-06
   6.3785673e+02   9.6040608e-36
   6.3785259e+02   7.5144524e-06
   6.3784845e+02   1.4934411e-05
   6.3784431e+02   7.4203968e-06
   6.3784017e+02   1.0873364e-34
   6.3783604e+02   7.3280720e-06
   6.3783190e+02   1.4565091e-05
   6.3782776e+02   7.2374362e-06
   6.3782362e+02   1.7879428e-35
   6.3781948e+02   7.1484489e-06
   6.3781534e+02   1.4209122e-05
   6.3781120e+02   7.0610708e-06
   6.3780707e+02   2.4402065e-36
   6.3780293e+02   6.9752639e-06
   6.3779879e+02   1.3865876e-05
   6.3779465e+02   6.8909910e-06
   6.3779051e+02   2.7486189e-36
   6.3778638e+02   6.8082161e-06
   6.3778224e+02   1.3534759e-05
   6.3777810e+02   6.7269044e-06
   6.3777396e+02   2.5087405e-36
   6.3776983e+02   6.6470219e-06
   6.3776569e+02   1.3215213e-05
   6.3776155e+02   6.5685357e-06
   6.3775741e+02   3.0294091e-35
   6.3775328e+02   6.4914138e-06
   6.3774914e+02   1.2906709e-05
   6.3774500e+02   6.4156250e-06
   6.3774086e+02   3.9133428e-35
   6.3773673e+02   6.3411392e-06
   6.3773259e+02   1.2608751e-05
   6.3772845e+02   6.2679268e-06
   6.3772431e+02   4.1700631e-38
   6.3772018e+02   6.1959595e-06
   6.3771604e+02   1.2320868e-05
   6.3771190e+02   6.1252092e-06
   6.3770777e+02   9.3291498e-35
   6.3770363e+02   6.0556492e-06
   6.3769949e+02   1.2042614e-05
   6.3769536e+02   5.9872530e-06
   6.3769122e+02   9.2610920e-35
   6.3768708e+02   5.9199951e-06
   6.3768295e+02   1.1773570e-05
   6.3767881e+02   5.8538506e-06
   6.3767467e+02   8.9586910e-36
   6.3767054e+02   5.7887954e-06
   6.3766640e+02   1.1513338e-05
   6.3766226e+02   5.7248059e-06
   6.3765813e+02   2.4199088e-36
   6.3765399e+02   5.6618591e-06
   6.3764986e+02   1.1261539e-05
   6.3764572e+02   5.5999327e-06
   6.3764158e+02   4.5306689e-36
   6.3763745e+02   5.5390051e-06
   6.3763331e+02   1.1017818e-05
   6.3762918e+02   5.4790550e-06
   6.3762504e+02   5.3536927e-36
   6.3762090e+02   5.4200619e-06
   6.3761677e+02   1.0781836e-05
   6.3761263e+02   5.3620057e-06
   6.3760850e+02   7.6164874e-35
   6.3760436e+02   5.3048668e-06
   6.3760023e+02   1.0553271e-05
   6.3759609e+02   5.2486262e-06
   6.3759195e+02   3.1650239e-36
   6.3758782e+02   5.1932653e-06
   6.3758368e+02   1.0331818e-05
   6.3757955e+02   5.1387661e-06
   6.3757541e+02   7.0992873e-35
   6.3757128e+02   5.0851109e-06
   6.3756714e+02   1.0117189e-05
   6.3756301e+02   5.0322826e-06
   6.3755887e+02   6.1368959e-35
   6.3755474e+02   4.9802643e-06
   6.3755060e+02   9.9091077e-06
   6.3754647e+02   4.9290398e-06
   6.3754233e+02   3.2858858e-36
   6.3753820e+02   4.8785932e-06
   6.3753406e+02   9.7073134e-06
   6.3752993e+02   4.8289089e-06
   6.3752580e+02   3.7895770e-37
   6.3752166e+02   4.7799717e-06
   6.3751753e+02   9.5115575e-06
   6.3751339e+02   4.7317670e-06
   6.3750926e+02   2.3575018e-35
   6.3750512e+02   4.6842802e-06
   6.3750099e+02   9.3216034e-06
   6.3749686e+02   4.6374974e-06
   6.3749272e+02   3.4491914e-36
   6.3748859e+02   4.5914047e-06
   6.3748445e+02   9.1372261e-06
   6.3748032e+02   4.5459889e-06
   6.3747619e+02   1.8283986e-34
   6.3747205e+02   4.5012367e-06
   6.3746792e+02   8.9582112e-06
   6.3746378e+02   4.4571356e-06
   6.3745965e+02   2.7716542e-35
   6.3745552e+02   4.4136730e-06
   6.3745138e+02   8.7843545e-06
   6.3744725e+02   4.3708367e-06
   6.3744312e+02   4.9912408e-34
   6.3743898e+02   4.3286148e-06
   6.3743485e+02   8.6154614e-06
   6.3743072e+02   4.2869959e-06
   6.3742658e+02   1.6681044e-34
   6.3742245e+02   4.2459685e-06
   6.3741832e+02   8.4513463e-06
   6.3741418e+02   4.2055216e-06
   6.3741005e+02   9.8029569e-36
   6.3740592e+02   4.1656443e-06
   6.3740178e+02   8.2918321e-06
   6.3739765e+02   4.1263262e-06
   6.3739352e+02   3.4763605e-38
   6.3738939e+02   4.0875569e-06
   6.3738525e+02   8.1367497e-06
   6.3738112e+02   4.0493262e-06
   6.3737699e+02   2.2269772e-35
