294.44	862.50
294.71	862.50
294.98	862.50
295.25	879.00
295.52	935.00
295.79	917.00
296.06	927.00
296.33	915.00
296.60	913.50
296.87	921.00
297.14	917.00
297.41	922.00
297.68	928.00
297.95	930.00
298.22	929.00
298.49	917.50
298.76	917.00
299.03	922.50
299.30	920.00
299.57	914.50
299.84	916.50
300.11	912.50
300.38	928.50
300.65	957.50
300.92	925.00
301.18	927.50
301.45	923.50
301.72	910.00
301.99	923.00
302.26	918.50
302.53	931.50
302.80	921.00
303.07	920.50
303.34	941.50
303.61	931.50
303.88	931.50
304.15	936.50
304.42	938.00
304.69	943.00
304.96	937.00
305.23	920.50
305.50	898.50
305.77	902.50
306.03	930.00
306.30	923.50
306.57	933.00
306.84	915.50
307.11	925.50
307.38	925.50
307.65	925.00
307.92	936.00
308.19	922.50
308.46	924.50
308.73	927.00
309.00	914.00
309.27	930.50
309.54	933.50
309.81	950.00
310.07	930.00
310.34	936.50
310.61	928.00
310.88	922.50
311.15	939.00
311.42	935.00
311.69	924.00
311.96	918.50
312.23	919.00
312.50	914.50
312.77	938.50
313.04	934.00
313.30	915.00
313.57	923.00
313.84	923.50
314.11	935.50
314.38	920.00
314.65	920.00
314.92	931.00
315.19	924.50
315.46	916.00
315.73	934.50
316.00	929.00
316.26	931.00
316.53	932.00
316.80	919.50
317.07	924.50
317.34	925.00
317.61	936.50
317.88	930.00
318.15	938.00
318.42	923.50
318.69	913.50
318.95	918.00
319.22	898.50
319.49	910.00
319.76	915.50
320.03	927.50
320.30	929.00
320.57	968.50
320.84	921.50
321.11	927.50
321.37	905.50
321.64	910.00
321.91	918.50
322.18	918.00
322.45	919.00
322.72	919.00
322.99	943.50
323.26	949.00
323.53	923.50
323.79	942.00
324.06	927.50
324.33	918.00
324.60	934.00
324.87	927.50
325.14	910.50
325.41	907.00
325.68	914.00
325.94	915.00
326.21	923.00
326.48	921.50
326.75	930.50
327.02	925.50
327.29	942.00
327.56	940.50
327.83	932.00
328.09	921.50
328.36	936.00
328.63	928.50
328.90	931.50
329.17	926.50
329.44	926.00
329.71	916.50
329.97	932.00
330.24	927.50
330.51	924.00
330.78	917.50
331.05	931.50
331.32	933.00
331.59	936.50
331.85	940.00
332.12	947.00
332.39	934.50
332.66	940.50
332.93	937.00
333.20	941.00
333.47	935.50
333.73	929.00
334.00	934.00
334.27	925.50
334.54	917.50
334.81	925.50
335.08	925.50
335.34	918.00
335.61	930.00
335.88	926.50
336.15	933.00
336.42	930.50
336.69	910.50
336.96	922.50
337.22	913.00
337.49	931.50
337.76	927.00
338.03	925.00
338.30	937.50
338.57	935.50
338.83	916.50
339.10	929.50
339.37	912.00
339.64	935.50
339.91	930.00
340.17	921.50
340.44	948.50
340.71	925.00
340.98	936.50
341.25	924.50
341.52	928.00
341.78	925.50
342.05	932.00
342.32	933.00
342.59	935.50
342.86	918.50
343.13	929.00
343.39	934.00
343.66	936.00
343.93	947.00
344.20	911.00
344.47	923.00
344.73	925.00
345.00	930.50
345.27	920.00
345.54	924.00
345.81	923.50
346.07	918.00
346.34	918.50
346.61	909.00
346.88	933.00
347.15	940.50
347.42	930.00
347.68	905.50
347.95	914.50
348.22	946.50
348.49	933.00
348.76	936.00
349.02	914.00
349.29	902.00
349.56	926.50
349.83	916.50
350.09	921.00
350.36	923.00
350.63	928.50
350.90	932.00
351.17	927.50
351.43	920.00
351.70	941.00
351.97	917.50
352.24	925.50
352.51	921.00
352.77	935.50
353.04	928.50
353.31	922.00
353.58	924.50
353.85	920.50
354.11	931.00
354.38	917.50
354.65	940.50
354.92	926.50
355.18	914.00
355.45	915.50
355.72	924.00
355.99	907.00
356.26	932.00
356.52	933.00
356.79	920.00
357.06	930.50
357.33	911.00
357.59	906.00
357.86	936.00
358.13	905.50
358.40	933.50
358.66	926.00
358.93	924.50
359.20	926.50
359.47	912.00
359.74	912.50
360.00	920.50
360.27	945.00
360.54	935.50
360.81	926.50
361.07	932.00
361.34	941.00
361.61	926.50
361.88	909.00
362.14	923.00
362.41	932.50
362.68	924.00
362.95	918.50
363.21	942.50
363.48	946.50
363.75	941.00
364.02	923.50
364.28	919.50
364.55	925.50
364.82	925.00
365.09	930.50
365.35	923.50
365.62	925.50
365.89	927.50
366.16	946.00
366.42	921.00
366.69	943.00
366.96	941.50
367.23	932.00
367.49	930.00
367.76	937.00
368.03	923.00
368.30	915.50
368.56	939.00
368.83	922.50
369.10	924.50
369.36	933.00
369.63	927.00
369.90	927.50
370.17	927.50
370.43	928.50
370.70	915.50
370.97	921.00
371.24	905.00
371.50	942.00
371.77	924.50
372.04	912.00
372.30	915.00
372.57	920.00
372.84	942.00
373.11	938.00
373.37	923.50
373.64	917.50
373.91	918.00
374.17	917.50
374.44	914.00
374.71	920.50
374.98	913.00
375.24	926.00
375.51	940.00
375.78	911.50
376.04	930.50
376.31	933.50
376.58	937.50
376.85	916.50
377.11	915.00
377.38	915.50
377.65	936.50
377.91	940.50
378.18	927.00
378.45	925.50
378.72	932.50
378.98	929.50
379.25	908.50
379.52	926.50
379.78	928.50
380.05	933.00
380.32	931.00
380.58	921.00
380.85	917.50
381.12	918.00
381.39	929.50
381.65	921.50
381.92	923.00
382.19	924.00
382.45	925.50
382.72	932.00
382.99	919.50
383.25	934.00
383.52	934.00
383.79	928.50
384.05	919.00
384.32	919.00
384.59	923.00
384.85	915.50
385.12	940.50
385.39	910.00
385.66	915.50
385.92	904.00
386.19	912.00
386.46	921.00
386.72	924.00
386.99	917.00
387.26	927.50
387.52	928.00
387.79	921.00
388.06	937.00
388.32	920.00
388.59	931.50
388.86	942.50
389.12	921.00
389.39	927.50
389.66	919.50
389.92	899.50
390.19	900.00
390.46	911.00
390.72	920.00
390.99	931.50
391.26	930.50
391.52	928.00
391.79	937.00
392.06	931.00
392.32	935.00
392.59	919.50
392.86	912.00
393.12	923.50
393.39	923.50
393.65	908.50
393.92	930.00
394.19	935.00
394.45	938.50
394.72	928.00
394.99	910.00
395.25	904.00
395.52	913.50
395.79	934.00
396.05	929.50
396.32	933.00
396.59	946.00
396.85	917.50
397.12	919.00
397.39	923.50
397.65	924.00
397.92	929.00
398.18	924.50
398.45	933.00
398.72	921.00
398.98	932.50
399.25	939.00
399.52	918.00
399.78	935.00
400.05	920.50
400.32	923.00
400.58	919.00
400.85	936.50
401.11	924.50
401.38	930.50
401.65	924.00
401.91	915.50
402.18	947.50
402.45	924.00
402.71	923.00
402.98	928.00
403.24	927.50
403.51	918.50
403.78	928.50
404.04	937.50
404.31	927.00
404.58	913.00
404.84	914.50
405.11	910.00
405.37	917.00
405.64	920.00
405.91	907.00
406.17	934.50
406.44	943.00
406.70	934.50
406.97	915.50
407.24	918.50
407.50	925.00
407.77	913.50
408.04	928.50
408.30	940.00
408.57	903.50
408.83	928.50
409.10	916.50
409.37	927.00
409.63	929.00
409.90	934.50
410.16	920.00
410.43	922.50
410.70	929.50
410.96	919.50
411.23	920.00
411.49	916.00
411.76	926.00
412.03	927.50
412.29	925.50
412.56	931.00
412.82	924.00
413.09	919.00
413.35	930.50
413.62	920.00
413.89	936.00
414.15	922.50
414.42	932.50
414.68	933.00
414.95	937.00
415.22	940.50
415.48	934.50
415.75	924.50
416.01	912.50
416.28	915.50
416.54	927.00
416.81	931.00
417.08	921.50
417.34	913.50
417.61	941.50
417.87	951.00
418.14	951.00
418.40	921.00
418.67	914.00
418.94	933.50
419.20	925.50
419.47	915.00
419.73	920.50
420.00	924.50
420.26	922.50
420.53	934.00
420.80	929.00
421.06	910.50
421.33	917.50
421.59	918.00
421.86	919.00
422.12	912.00
422.39	910.00
422.66	907.00
422.92	913.00
423.19	916.50
423.45	951.00
423.72	917.00
423.98	927.00
424.25	920.00
424.51	920.00
424.78	926.50
425.05	916.00
425.31	930.00
425.58	910.00
425.84	898.50
426.11	932.00
426.37	911.50
426.64	920.00
426.90	931.00
427.17	924.50
427.43	924.00
427.70	912.50
427.97	931.50
428.23	934.50
428.50	925.00
428.76	928.50
429.03	918.50
429.29	925.00
429.56	923.00
429.82	919.00
430.09	933.00
430.35	927.50
430.62	919.00
430.88	920.50
431.15	915.00
431.41	938.50
431.68	934.00
431.95	933.00
432.21	933.50
432.48	926.50
432.74	946.00
433.01	919.50
433.27	922.50
433.54	918.50
433.80	933.50
434.07	917.00
434.33	914.00
434.60	921.50
434.86	932.00
435.13	929.50
435.39	915.00
435.66	929.00
435.92	931.00
436.19	937.00
436.45	920.50
436.72	914.00
436.98	922.50
437.25	917.50
437.51	948.50
437.78	916.50
438.04	931.00
438.31	917.00
438.57	916.00
438.84	928.00
439.11	929.50
439.37	915.00
439.64	917.00
439.90	918.00
440.17	922.00
440.43	922.50
440.70	920.50
440.96	915.00
441.23	917.00
441.49	924.00
441.76	943.00
442.02	931.50
442.28	924.50
442.55	923.50
442.81	900.50
443.08	914.00
443.34	917.00
443.61	909.50
443.87	924.00
444.14	923.00
444.40	935.00
444.67	913.50
444.93	919.00
445.20	911.50
445.46	918.00
445.73	938.00
445.99	915.50
446.26	920.50
446.52	926.00
446.79	926.50
447.05	917.00
447.32	940.00
447.58	916.50
447.85	920.00
448.11	921.50
448.38	932.00
448.64	912.00
448.91	929.50
449.17	928.00
449.44	900.00
449.70	918.50
449.96	914.00
450.23	910.00
450.49	929.00
450.76	909.50
451.02	914.00
451.29	920.50
451.55	919.50
451.82	923.50
452.08	915.50
452.35	919.00
452.61	929.00
452.88	931.50
453.14	918.50
453.40	920.50
453.67	913.50
453.93	906.50
454.20	922.50
454.46	922.50
454.73	932.50
454.99	924.50
455.26	922.00
455.52	921.00
455.79	929.00
456.05	917.50
456.31	924.00
456.58	938.00
456.84	921.00
457.11	912.00
457.37	949.50
457.64	912.50
457.90	917.50
458.17	924.00
458.43	943.00
458.69	946.00
458.96	920.00
459.22	922.00
459.49	919.00
459.75	921.00
460.02	927.00
460.28	925.00
460.55	935.50
460.81	937.50
461.07	923.50
461.34	923.50
461.60	923.50
461.87	923.00
462.13	942.00
462.40	919.00
462.66	936.50
462.92	932.50
463.19	931.50
463.45	936.00
463.72	929.50
463.98	928.00
464.25	930.00
464.51	917.00
464.77	921.50
465.04	914.50
465.30	926.50
465.57	913.00
465.83	951.50
466.09	918.00
466.36	923.00
466.62	920.00
466.89	904.50
467.15	925.50
467.42	929.00
467.68	936.00
467.94	924.00
468.21	912.00
468.47	919.00
468.74	917.50
469.00	912.50
469.26	923.50
469.53	937.00
469.79	925.00
470.06	927.50
470.32	919.50
470.58	935.50
470.85	938.50
471.11	923.50
471.38	939.50
471.64	927.00
471.90	928.50
472.17	931.00
472.43	916.50
472.70	922.50
472.96	938.50
473.22	903.50
473.49	908.00
473.75	912.50
474.02	925.00
474.28	931.00
474.54	907.50
474.81	922.50
475.07	922.00
475.34	922.50
475.60	924.50
475.86	923.00
476.13	917.00
476.39	931.50
476.65	903.00
476.92	911.50
477.18	921.00
477.45	942.00
477.71	925.00
477.97	918.50
478.24	919.50
478.50	929.50
478.76	936.50
479.03	931.00
479.29	924.50
479.56	928.00
479.82	932.00
480.08	919.50
480.35	928.50
480.61	925.00
480.87	931.00
481.14	923.00
481.40	910.00
481.67	927.50
481.93	935.50
482.19	914.50
482.46	904.50
482.72	911.00
482.98	940.00
483.25	932.00
483.51	917.50
483.77	941.50
484.04	916.00
484.30	914.00
484.56	931.50
484.83	927.50
485.09	928.50
485.36	929.50
485.62	937.00
485.88	922.00
486.15	938.00
486.41	937.50
486.67	933.00
486.94	911.00
487.20	930.00
487.46	941.00
487.73	944.50
487.99	938.50
488.25	937.50
488.52	938.00
488.78	923.00
489.04	922.00
489.31	906.50
489.57	926.50
489.83	925.00
490.10	935.50
490.36	959.50
490.62	925.00
490.89	940.50
491.15	943.00
491.41	926.00
491.68	925.00
491.94	918.50
492.20	916.50
492.47	920.00
492.73	932.00
492.99	921.00
493.26	928.50
493.52	916.00
493.78	930.50
494.05	920.50
494.31	910.00
494.57	924.50
494.84	928.00
495.10	936.00
495.36	943.00
495.63	926.00
495.89	926.50
496.15	925.50
496.42	921.50
496.68	937.00
496.94	926.50
497.21	934.50
497.47	931.00
497.73	921.00
497.99	924.00
498.26	928.00
498.52	927.00
498.78	917.00
499.05	902.50
499.31	922.00
499.57	921.00
499.84	920.00
500.10	925.50
500.36	910.50
500.63	940.50
500.89	938.00
501.15	926.00
501.41	925.50
501.68	922.50
501.94	923.50
502.20	939.00
502.47	922.50
502.73	908.50
502.99	924.00
503.26	936.50
503.52	925.50
503.78	927.00
504.04	906.00
504.31	916.50
504.57	926.00
504.83	932.00
505.10	932.50
505.36	937.50
505.62	932.50
505.88	924.50
506.15	927.50
506.41	939.00
506.67	929.50
506.94	926.50
507.20	917.50
507.46	932.50
507.72	914.50
507.99	901.00
508.25	917.50
508.51	923.00
508.78	929.00
509.04	936.00
509.30	918.00
509.56	926.50
509.83	919.50
510.09	938.00
510.35	931.00
510.61	940.50
510.88	927.00
511.14	940.00
511.40	935.00
511.66	919.50
511.93	922.50
512.19	927.50
512.45	905.50
512.72	925.00
512.98	932.00
513.24	943.00
513.50	958.00
513.77	931.50
514.03	930.50
514.29	937.50
514.55	921.50
514.82	939.50
515.08	930.50
515.34	948.00
515.60	926.00
515.87	927.50
516.13	940.50
516.39	931.00
516.65	944.50
516.92	952.00
517.18	941.50
517.44	951.00
517.70	975.50
517.97	966.50
518.23	978.00
518.49	1003.00
518.75	992.50
519.02	990.50
519.28	1015.00
519.54	1042.00
519.80	1053.00
520.07	1090.50
520.33	1143.00
520.59	1279.00
520.85	1524.00
521.11	2331.00
521.38	3806.00
521.64	6775.00
521.90	9657.50
522.16	12247.50
522.43	15104.50
522.69	15998.00
522.95	6728.50
523.21	2257.50
523.48	1313.00
523.74	1107.00
524.00	1052.50
524.26	1006.00
524.52	971.50
524.79	958.00
525.05	968.00
525.31	946.00
525.57	932.50
525.84	947.50
526.10	944.50
526.36	932.00
526.62	942.50
526.88	921.50
527.15	926.00
527.41	930.50
527.67	940.50
527.93	957.00
528.20	939.00
528.46	935.00
528.72	938.50
528.98	937.00
529.24	936.50
529.51	930.00
529.77	946.50
530.03	936.50
530.29	934.50
530.55	931.50
530.82	934.00
531.08	942.00
531.34	933.00
531.60	922.00
531.86	955.00
532.13	925.50
532.39	913.00
532.65	936.00
532.91	951.00
533.17	933.00
533.44	924.00
533.70	916.50
533.96	946.00
534.22	928.50
534.48	924.50
534.75	926.50
535.01	946.50
535.27	925.50
535.53	928.00
535.79	930.00
536.05	909.50
536.32	920.00
536.58	943.00
536.84	931.00
537.10	932.50
537.36	939.50
537.63	924.00
537.89	932.00
538.15	925.50
538.41	921.50
538.67	925.00
538.93	922.50
539.20	923.00
539.46	944.50
539.72	929.50
539.98	931.50
540.24	931.50
540.50	927.00
540.77	915.00
541.03	935.00
541.29	942.50
541.55	970.00
541.81	956.00
542.07	964.00
542.34	967.50
542.60	962.00
542.86	967.00
543.12	966.00
543.38	954.50
543.64	955.50
543.91	958.00
544.17	945.00
544.43	954.50
544.69	943.50
544.95	949.50
545.21	959.00
545.48	963.00
545.74	981.50
546.00	976.50
546.26	972.50
546.52	940.50
546.78	938.00
547.04	935.50
547.31	932.50
547.57	923.50
547.83	935.00
548.09	925.50
548.35	931.00
548.61	922.50
548.88	939.50
549.14	934.00
549.40	955.50
549.66	933.00
549.92	925.50
550.18	932.50
550.44	933.50
550.70	943.50
550.97	953.00
551.23	936.50
551.49	930.50
551.75	933.00
552.01	940.00
552.27	913.50
552.53	920.00
552.80	931.00
553.06	926.00
553.32	922.50
553.58	944.50
553.84	938.00
554.10	927.00
554.36	914.50
554.62	935.00
554.89	921.50
555.15	921.00
555.41	936.00
555.67	918.50
555.93	928.00
556.19	927.50
556.45	927.50
556.71	922.00
556.98	932.50
557.24	940.50
557.50	927.00
557.76	913.50
558.02	926.00
558.28	923.50
558.54	920.50
558.80	924.50
559.06	944.50
559.33	922.50
559.59	928.00
559.85	928.50
560.11	917.00
560.37	916.00
560.63	931.00
560.89	912.00
561.15	925.00
561.41	930.00
561.67	923.50
561.94	928.00
562.20	930.50
562.46	941.00
562.72	938.00
562.98	931.50
563.24	924.00
563.50	916.00
563.76	931.50
564.02	932.50
564.28	916.00
564.55	926.00
564.81	938.50
565.07	914.00
565.33	912.00
565.59	921.50
565.85	910.50
566.11	922.00
566.37	931.00
566.63	927.00
566.89	912.50
567.15	911.00
567.41	920.00
567.68	938.50
567.94	908.50
568.20	911.00
568.46	900.00
568.72	919.00
568.98	908.00
569.24	911.00
569.50	910.00
569.76	923.00
570.02	916.00
570.28	922.50
570.54	916.00
570.80	915.00
571.06	925.50
571.33	914.50
571.59	931.50
571.85	922.00
572.11	911.00
572.37	922.50
572.63	914.00
572.89	928.00
573.15	928.00
573.41	919.00
573.67	917.00
573.93	949.00
574.19	919.50
574.45	929.50
574.71	936.50
574.97	920.00
575.23	914.50
575.50	907.00
575.76	917.00
576.02	924.50
576.28	924.00
576.54	925.00
576.80	917.50
577.06	923.50
577.32	935.50
577.58	918.50
577.84	926.00
578.10	921.50
578.36	906.50
578.62	923.00
578.88	930.00
579.14	920.50
579.40	920.00
579.66	919.00
579.92	921.00
580.18	930.00
580.44	922.50
580.70	928.50
580.96	923.50
581.23	922.50
581.49	933.00
581.75	917.50
582.01	926.50
582.27	926.00
582.53	921.50
582.79	929.50
583.05	916.00
583.31	923.00
583.57	934.50
583.83	928.50
584.09	916.00
584.35	938.00
584.61	929.00
584.87	932.00
585.13	923.50
585.39	933.00
585.65	946.00
585.91	925.50
586.17	928.00
586.43	931.00
586.69	930.00
586.95	925.00
587.21	954.00
587.47	933.50
587.73	923.00
587.99	917.00
588.25	929.00
588.51	932.50
588.77	929.00
589.03	929.00
589.29	916.00
589.55	934.00
589.81	931.50
590.07	945.00
590.33	932.00
590.59	926.50
590.85	939.00
591.11	924.50
591.37	925.50
591.63	918.00
591.89	941.00
592.15	923.00
592.41	928.00
592.67	950.00
592.93	925.00
593.19	926.50
593.45	921.00
593.71	921.00
593.97	940.50
594.23	924.00
594.49	938.50
594.75	935.50
595.01	921.50
595.27	920.50
595.53	928.50
595.79	935.00
596.05	938.00
596.31	924.00
596.57	923.00
596.83	932.50
597.09	923.50
597.35	938.50
597.61	942.00
597.87	931.00
598.13	946.00
598.39	921.50
598.65	964.00
598.91	931.00
599.17	941.50
599.43	924.50
599.69	927.00
599.95	923.50
600.21	926.50
600.47	928.00
600.73	941.00
600.99	963.00
601.25	968.50
601.51	974.00
601.77	947.50
602.03	971.00
602.29	979.00
602.54	1027.50
602.80	1010.50
603.06	1068.00
603.32	1100.00
603.58	1131.00
603.84	1168.00
604.10	1184.00
604.36	1202.00
604.62	1177.50
604.88	1143.50
605.14	1123.00
605.40	1086.00
605.66	1087.00
605.92	1095.50
606.18	1133.50
606.44	1145.50
606.70	1201.50
606.96	1181.00
607.22	1169.00
607.48	1141.00
607.74	1100.50
608.00	1077.50
608.25	1030.00
608.51	1014.00
608.77	1018.00
609.03	1024.00
609.29	1030.00
609.55	1022.50
609.81	1017.50
610.07	996.00
610.33	992.50
610.59	967.50
610.85	988.00
611.11	1000.50
611.37	1001.50
611.63	1001.50
611.89	983.00
612.15	965.00
612.40	968.00
612.66	963.50
612.92	983.00
613.18	963.00
613.44	974.00
613.70	967.00
613.96	954.50
614.22	947.00
614.48	957.50
614.74	948.00
615.00	950.50
615.26	942.50
615.52	933.50
615.78	954.00
616.03	952.50
616.29	941.00
616.55	929.50
616.81	945.50
617.07	948.50
617.33	960.00
617.59	938.50
617.85	953.00
618.11	950.50
618.37	946.50
618.63	939.50
618.88	964.50
619.14	953.50
619.40	940.50
619.66	955.00
619.92	944.00
620.18	953.00
620.44	939.00
620.70	954.00
620.96	936.00
621.22	948.00
621.48	938.00
621.73	955.00
621.99	931.50
622.25	950.00
622.51	941.00
622.77	928.00
623.03	920.50
623.29	937.00
623.55	949.00
623.81	935.50
624.06	946.50
624.32	924.00
624.58	954.50
624.84	936.00
625.10	940.00
625.36	947.00
625.62	935.00
625.88	939.50
626.14	949.00
626.39	966.00
626.65	964.50
626.91	952.50
627.17	973.00
627.43	970.00
627.69	956.50
627.95	943.50
628.21	932.00
628.47	939.50
628.72	944.50
628.98	935.50
629.24	929.50
629.50	914.50
629.76	921.00
630.02	929.00
630.28	937.50
630.54	943.00
630.79	953.00
631.05	945.50
631.31	929.50
631.57	925.50
631.83	917.50
632.09	933.50
632.35	919.50
632.60	937.00
632.86	927.50
633.12	924.50
633.38	935.50
633.64	933.00
633.90	932.50
634.16	934.50
634.41	930.50
634.67	929.00
634.93	935.50
635.19	925.00
635.45	954.00
635.71	941.00
635.97	953.00
636.22	952.00
636.48	943.00
636.74	933.00
637.00	955.50
637.26	977.00
637.52	949.00
637.78	956.50
638.03	994.50
638.29	1022.50
638.55	1065.50
638.81	1111.50
639.07	1152.00
639.33	1214.50
639.58	1187.00
639.84	1136.00
640.10	1043.00
640.36	1003.50
640.62	968.00
640.88	958.50
641.13	953.50
641.39	934.00
641.65	934.50
641.91	929.50
642.17	917.50
642.43	923.00
642.68	924.00
642.94	941.00
643.20	926.50
643.46	930.00
643.72	951.50
643.98	943.50
644.23	950.00
644.49	937.50
644.75	966.00
645.01	941.00
645.27	926.50
645.53	916.50
645.78	920.50
646.04	925.50
646.30	930.00
646.56	918.50
646.82	926.50
647.07	949.50
647.33	921.50
647.59	919.00
647.85	940.50
648.11	920.50
648.36	929.00
648.62	927.00
648.88	928.00
649.14	927.50
649.40	921.50
649.66	927.50
649.91	928.50
650.17	923.00
650.43	939.50
650.69	936.00
650.95	931.50
651.20	928.00
651.46	934.00
651.72	918.00
651.98	925.50
652.24	928.50
652.49	922.00
652.75	949.00
653.01	929.00
653.27	943.50
653.53	942.00
653.78	937.00
654.04	929.00
654.30	926.00
654.56	916.50
654.81	945.50
655.07	939.00
655.33	930.00
655.59	935.00
655.85	939.50
656.10	921.50
656.36	904.50
656.62	922.00
656.88	918.50
657.14	917.00
657.39	920.50
657.65	924.00
657.91	928.50
658.17	917.50
658.42	911.50
658.68	915.00
658.94	909.00
659.20	912.00
659.46	914.50
659.71	920.50
659.97	924.00
660.23	915.00
660.49	930.50
660.74	923.00
661.00	935.50
661.26	938.50
661.52	917.00
661.77	916.50
662.03	926.50
662.29	932.50
662.55	944.50
662.81	916.00
663.06	927.00
663.32	928.50
663.58	927.00
663.84	933.00
664.09	924.00
664.35	928.00
664.61	929.50
664.87	930.50
665.12	914.50
665.38	924.50
665.64	918.00
665.90	924.00
666.15	928.00
666.41	927.50
666.67	918.50
666.93	925.00
667.18	910.50
667.44	926.00
667.70	909.50
667.96	928.00
668.21	947.50
668.47	924.50
668.73	931.00
668.99	938.50
669.24	939.00
669.50	931.00
669.76	945.00
670.01	934.50
670.27	963.50
670.53	937.00
670.79	934.00
671.04	936.50
671.30	941.50
671.56	941.50
671.82	948.50
672.07	931.50
672.33	931.50
672.59	938.00
672.85	942.00
673.10	921.00
673.36	925.50
673.62	930.50
673.87	943.50
674.13	926.50
674.39	930.50
674.65	932.00
674.90	932.00
675.16	936.00
675.42	938.00
675.67	920.00
675.93	922.00
676.19	928.50
676.45	942.50
676.70	938.00
676.96	928.50
677.22	923.00
677.48	929.50
677.73	939.00
677.99	925.00
678.25	948.50
678.50	950.00
678.76	937.00
679.02	954.50
679.27	938.50
679.53	943.00
679.79	920.00
680.05	933.50
680.30	951.00
680.56	941.00
680.82	947.50
681.07	949.50
681.33	934.00
681.59	913.50
681.84	907.00
682.10	915.50
682.36	923.00
682.62	920.50
682.87	919.00
683.13	918.50
683.39	923.00
683.64	934.50
683.90	930.00
684.16	926.00
684.41	929.50
684.67	937.00
684.93	921.00
685.18	930.50
685.44	936.50
685.70	933.50
685.96	926.00
686.21	916.00
686.47	919.00
686.73	939.50
686.98	948.50
687.24	941.00
687.50	931.00
687.75	953.00
688.01	947.50
688.27	944.50
688.52	925.00
688.78	924.00
689.04	925.00
689.29	920.00
689.55	932.50
689.81	949.00
690.06	933.50
690.32	936.00
690.58	941.00
690.83	969.50
691.09	955.00
691.35	957.00
691.60	954.00
691.86	947.50
692.12	936.50
692.37	960.00
692.63	936.00
692.89	940.50
693.14	928.50
693.40	952.50
693.66	942.00
693.91	929.50
694.17	944.00
694.43	946.50
694.68	924.00
694.94	940.50
695.20	939.50
695.45	965.00
695.71	937.00
695.97	950.00
696.22	938.50
696.48	945.50
696.73	944.50
696.99	959.50
697.25	970.00
697.50	976.50
697.76	962.50
698.02	955.00
698.27	935.50
698.53	949.00
698.79	927.50
699.04	937.50
699.30	932.50
699.56	937.50
699.81	931.50
700.07	938.00
700.32	962.50
700.58	942.50
700.84	958.00
701.09	944.50
701.35	926.00
701.61	924.50
701.86	936.50
702.12	937.50
702.37	925.50
702.63	924.50
702.89	925.00
703.14	943.00
703.40	928.50
703.66	936.00
703.91	913.00
704.17	910.00
704.42	921.00
704.68	925.50
704.94	913.50
705.19	910.00
705.45	921.50
705.71	923.50
705.96	935.00
706.22	949.00
706.47	922.50
706.73	933.00
706.99	920.50
707.24	920.00
707.50	940.50
707.75	928.00
708.01	922.50
708.27	950.50
708.52	925.50
708.78	923.50
709.04	920.00
709.29	924.00
709.55	930.00
709.80	929.50
710.06	941.00
710.32	919.50
710.57	915.50
710.83	943.50
711.08	922.50
711.34	918.00
711.60	932.00
711.85	927.50
712.11	920.50
712.36	930.50
712.62	924.00
712.88	943.50
713.13	940.50
713.39	914.00
713.64	922.00
713.90	924.00
714.15	913.50
714.41	916.50
714.67	921.50
714.92	930.50
715.18	933.00
715.43	930.00
715.69	914.00
715.95	930.50
716.20	929.50
716.46	930.00
716.71	927.00
716.97	912.50
717.22	925.00
717.48	918.50
717.74	927.00
717.99	928.50
718.25	928.50
718.50	951.00
718.76	946.50
719.01	937.00
719.27	931.00
719.53	941.00
719.78	958.50
720.04	935.00
720.29	952.50
720.55	963.00
720.80	968.50
721.06	962.00
721.32	935.00
721.57	935.00
721.83	924.00
722.08	919.00
722.34	929.50
722.59	905.00
722.85	903.50
723.11	934.00
723.36	918.00
723.62	917.50
723.87	912.50
724.13	920.50
724.38	939.00
724.64	909.50
724.89	911.50
725.15	928.50
725.40	930.50
725.66	914.00
725.92	917.50
726.17	914.00
726.43	916.50
726.68	911.00
726.94	912.00
727.19	927.50
727.45	922.00
727.70	929.50
727.96	917.50
728.21	918.00
728.47	921.00
728.73	922.50
728.98	923.50
729.24	930.50
729.49	926.50
729.75	918.50
730.00	923.50
730.26	921.50
730.51	911.00
730.77	917.00
731.02	935.00
731.28	924.50
731.53	913.00
731.79	934.00
732.04	926.50
732.30	941.50
732.56	917.00
732.81	920.00
733.07	947.50
733.32	920.00
733.58	933.50
733.83	917.50
734.09	913.00
734.34	933.00
734.60	929.50
734.85	920.00
735.11	908.50
735.36	920.00
735.62	913.50
735.87	921.50
736.13	932.00
736.38	916.00
736.64	906.50
736.89	927.50
737.15	918.50
737.40	915.50
737.66	920.00
737.91	926.50
738.17	909.00
738.42	917.50
738.68	923.00
738.93	928.50
739.19	930.00
739.44	931.00
739.70	936.50
739.95	918.00
740.21	928.50
740.46	918.00
740.72	918.50
740.97	936.50
741.23	932.50
741.48	913.00
741.74	902.50
741.99	922.50
742.25	918.00
742.50	908.50
742.76	918.50
743.01	922.00
743.27	911.00
743.52	909.00
743.78	931.00
744.03	914.50
744.29	916.50
744.54	918.00
744.80	918.00
745.05	926.00
745.31	944.50
745.56	944.00
745.82	915.50
746.07	931.50
746.33	918.00
746.58	935.00
746.84	918.50
747.09	903.00
747.35	929.50
747.60	924.50
747.86	941.00
748.11	917.00
748.36	920.50
748.62	922.00
748.87	929.50
749.13	915.00
749.38	896.50
749.64	913.00
749.89	932.00
750.15	926.50
750.40	914.00
750.66	920.50
750.91	896.00
751.17	926.00
751.42	909.50
751.68	915.50
751.93	917.50
752.18	911.00
752.44	932.00
752.69	941.00
752.95	918.00
753.20	916.50
753.46	913.50
753.71	924.00
753.97	917.00
754.22	911.00
754.48	918.00
754.73	929.50
754.98	933.00
755.24	912.00
755.49	897.50
755.75	903.00
756.00	918.00
756.26	926.50
756.51	932.00
756.77	911.50
757.02	906.50
757.27	914.00
757.53	910.00
757.78	920.50
758.04	917.50
758.29	907.00
758.55	929.00
758.80	913.50
759.05	922.00
759.31	926.00
759.56	910.00
759.82	922.00
760.07	927.00
760.33	912.50
760.58	916.00
760.84	917.00
761.09	911.50
761.34	909.00
761.60	910.00
761.85	922.50
762.11	914.50
762.36	909.50
762.62	913.00
762.87	922.50
763.12	933.50
763.38	927.00
763.63	928.50
763.89	902.50
764.14	907.50
764.39	913.50
764.65	913.50
764.90	907.50
765.16	917.50
765.41	914.50
765.67	914.00
765.92	927.00
766.17	925.50
766.43	901.50
766.68	899.00
766.94	920.50
767.19	901.50
767.44	915.00
767.70	931.00
767.95	922.00
768.21	920.50
768.46	925.50
768.71	916.50
768.97	931.50
769.22	910.50
769.48	917.00
769.73	920.50
769.98	909.50
770.24	925.00
770.49	901.00
770.75	916.00
771.00	914.50
771.25	920.50
771.51	935.50
771.76	925.00
772.02	912.50
772.27	905.00
772.52	905.50
772.78	924.50
773.03	913.50
773.29	910.00
773.54	926.50
773.79	933.00
774.05	931.00
774.30	926.00
774.55	925.50
774.81	905.50
775.06	927.00
775.32	921.50
775.57	942.50
775.82	906.00
776.08	906.50
776.33	894.50
776.58	942.00
776.84	939.00
777.09	930.50
777.35	915.50
777.60	907.00
777.85	922.00
778.11	896.50
778.36	917.50
778.61	911.00
778.87	934.50
779.12	906.50
779.38	932.00
779.63	907.50
779.88	927.50
780.14	922.50
780.39	916.50
780.64	908.00
780.90	930.50
781.15	910.50
781.40	918.00
781.66	930.00
781.91	918.50
782.17	933.50
782.42	918.50
782.67	923.50
782.93	903.00
783.18	911.00
783.43	951.50
783.69	910.00
783.94	896.50
784.19	918.00
784.45	920.50
784.70	915.00
784.95	913.50
785.21	920.50
785.46	909.00
785.71	912.50
785.97	909.50
786.22	910.50
786.47	913.50
786.73	926.00
786.98	931.00
787.23	910.00
787.49	929.00
787.74	916.00
787.99	898.00
788.25	925.50
788.50	930.50
788.75	913.50
789.01	912.50
789.26	907.00
789.51	915.00
789.77	929.00
790.02	919.50
790.27	933.00
790.53	928.00
790.78	931.00
791.03	923.50
791.29	940.00
791.54	925.00
791.79	940.50
792.05	926.00
792.30	917.50
792.55	913.50
792.81	912.00
793.06	919.00
793.31	907.50
793.57	918.50
793.82	928.00
794.07	922.50
794.33	921.00
794.58	921.00
794.83	911.00
795.09	902.00
795.34	908.50
795.59	925.50
795.84	909.50
796.10	930.00
796.35	915.00
796.60	918.00
796.86	935.50
797.11	927.50
797.36	938.00
797.62	927.00
797.87	909.00
798.12	909.50
798.38	924.00
798.63	921.50
798.88	908.00
799.13	921.00
799.39	931.50
799.64	921.50
799.89	912.00
800.15	921.00
800.40	927.50
800.65	917.00
800.90	912.50
801.16	910.50
801.41	912.00
801.66	916.00
801.92	918.50
802.17	923.50
802.42	917.50
802.68	919.00
802.93	922.00
803.18	939.00
803.43	920.00
803.69	903.00
803.94	908.50
804.19	923.00
804.44	915.00
804.70	939.00
804.95	922.50
805.20	924.00
805.46	916.50
805.71	921.50
805.96	915.50
806.21	928.00
806.47	912.50
806.72	920.50
806.97	903.50
807.23	907.50
807.48	911.50
807.73	920.50
807.98	912.00
808.24	906.00
808.49	905.50
808.74	924.50
808.99	922.50
809.25	913.50
809.50	901.00
809.75	904.50
810.00	912.50
810.26	923.00
810.51	909.00
810.76	925.00
811.01	921.50
811.27	915.50
811.52	911.50
811.77	910.00
812.02	923.00
812.28	920.50
812.53	930.50
812.78	933.00
813.03	927.50
813.29	915.00
813.54	925.00
813.79	919.50
814.04	919.00
814.30	930.00
814.55	920.00
814.80	910.00
815.05	907.00
815.31	912.50
815.56	907.50
815.81	905.50
816.06	917.00
816.32	927.50
816.57	912.00
816.82	919.00
817.07	910.50
817.33	905.00
817.58	918.00
817.83	910.50
818.08	920.50
818.34	921.50
818.59	932.50
818.84	926.50
819.09	914.00
819.34	916.00
819.60	917.50
819.85	915.00
820.10	897.50
820.35	925.00
820.61	911.00
820.86	902.50
821.11	916.00
821.36	916.00
821.62	927.00
821.87	919.00
822.12	911.00
822.37	922.50
822.62	931.50
822.88	921.50
823.13	911.50
823.38	912.00
823.63	918.50
823.88	916.50
824.14	930.50
824.39	912.50
824.64	913.50
824.89	905.50
825.15	941.00
825.40	933.00
825.65	928.50
825.90	913.50
826.15	928.00
826.41	911.50
826.66	927.50
826.91	935.00
827.16	931.00
827.41	932.50
827.67	922.00
827.92	917.00
828.17	922.50
828.42	909.00
828.67	911.00
828.93	905.50
829.18	910.50
829.43	933.50
829.68	903.50
829.93	926.00
830.19	930.50
830.44	925.00
830.69	910.50
830.94	908.00
831.19	927.00
831.44	921.50
831.70	933.00
831.95	921.00
832.20	925.50
832.45	929.00
832.70	935.00
832.96	912.00
833.21	921.00
833.46	925.00
833.71	931.50
833.96	935.00
834.21	926.00
834.47	914.50
834.72	904.00
834.97	906.50
835.22	922.00
835.47	919.50
835.73	915.00
835.98	918.50
836.23	918.00
836.48	930.00
836.73	914.00
836.98	914.50
837.24	919.00
837.49	919.00
837.74	924.50
837.99	926.00
838.24	933.00
838.49	924.00
838.75	925.00
839.00	916.50
839.25	919.00
839.50	915.00
839.75	924.00
840.00	905.00
840.25	914.50
840.51	912.00
840.76	924.50
841.01	913.50
841.26	912.50
841.51	926.50
841.76	917.00
842.02	921.00
842.27	932.00
842.52	923.00
842.77	921.00
843.02	907.00
843.27	924.50
843.52	922.50
843.78	911.50
844.03	911.00
844.28	934.50
844.53	913.00
844.78	902.00
845.03	911.50
845.28	913.00
845.54	923.50
845.79	913.50
846.04	911.00
846.29	926.50
846.54	914.00
846.79	899.50
847.04	927.00
847.30	928.00
847.55	905.50
847.80	918.50
848.05	922.00
848.30	922.00
848.55	920.00
848.80	925.00
849.05	913.50
849.31	933.00
849.56	918.00
849.81	902.00
850.06	911.00
850.31	921.50
850.56	903.00
850.81	925.00
851.06	914.50
851.32	905.50
851.57	920.50
851.82	937.50
852.07	921.00
852.32	922.00
852.57	922.50
852.82	932.00
853.07	924.00
853.32	923.50
853.58	928.00
853.83	910.50
854.08	911.50
854.33	914.00
854.58	939.00
854.83	928.00
855.08	925.00
855.33	922.50
855.58	920.00
855.83	930.00
856.09	914.00
856.34	912.00
856.59	932.50
856.84	910.00
857.09	943.50
857.34	936.00
857.59	910.00
857.84	911.00
858.09	917.00
858.34	944.50
858.60	938.00
858.85	934.00
859.10	917.50
859.35	935.00
859.60	917.50
859.85	924.00
860.10	907.00
860.35	933.50
860.60	941.00
860.85	929.00
861.10	903.00
861.36	913.50
861.61	920.50
861.86	934.00
862.11	912.00
862.36	911.00
862.61	922.50
862.86	915.00
863.11	934.00
863.36	905.50
863.61	914.50
863.86	936.00
864.11	911.50
864.36	924.00
864.62	937.00
864.87	928.00
865.12	911.00
865.37	908.00
865.62	908.50
865.87	929.50
866.12	931.50
866.37	932.00
866.62	914.50
866.87	916.50
867.12	933.00
867.37	935.50
867.62	917.00
867.87	928.50
868.12	915.00
868.38	915.50
868.63	912.00
868.88	907.50
869.13	909.50
869.38	925.00
869.63	907.50
869.88	930.50
870.13	922.50
870.38	916.50
870.63	924.50
870.88	928.50
871.13	923.50
871.38	915.00
871.63	932.50
871.88	924.50
872.13	933.00
872.38	906.50
872.63	892.50
872.88	902.00
873.14	909.50
873.39	911.50
873.64	921.50
873.89	938.50
874.14	925.50
874.39	921.50
874.64	910.50
874.89	924.50
875.14	934.50
875.39	913.50
875.64	915.00
875.89	932.50
876.14	910.00
876.39	926.50
876.64	929.50
876.89	915.50
877.14	911.00
877.39	917.50
877.64	916.00
877.89	935.50
878.14	925.50
878.39	921.00
878.64	933.00
878.89	919.00
879.14	940.00
879.39	916.00
879.64	926.50
879.89	925.00
880.14	918.00
880.39	910.50
880.64	920.50
880.89	934.50
881.14	912.50
881.39	909.00
881.64	917.00
881.89	925.50
882.14	904.50
882.40	917.00
882.65	930.50
882.90	935.50
883.15	931.00
883.40	917.00
883.65	920.50
883.90	915.50
884.15	918.50
884.40	920.50
884.65	912.50
884.90	924.50
885.15	900.00
885.40	915.50
885.65	911.00
885.90	910.50
886.15	927.00
886.40	913.00
886.65	923.50
886.90	914.50
887.15	912.50
887.40	940.50
887.65	933.00
887.90	912.50
888.15	908.00
888.40	916.00
888.64	925.50
888.89	942.00
889.14	915.50
889.39	928.00
889.64	928.00
889.89	930.50
890.14	903.50
890.39	916.50
890.64	904.00
890.89	909.50
891.14	925.50
891.39	918.50
891.64	908.00
891.89	932.50
892.14	928.50
892.39	914.50
892.64	917.00
892.89	916.00
893.14	912.50
893.39	913.00
893.64	929.00
893.89	908.00
894.14	922.00
894.39	923.50
894.64	912.50
894.89	923.00
895.14	931.50
895.39	943.50
895.64	922.50
895.89	907.00
896.14	914.00
896.39	923.00
896.64	919.50
896.89	906.00
897.14	910.00
897.39	917.50
897.64	917.50
897.88	920.50
898.13	924.50
898.38	913.50
898.63	905.50
898.88	911.50
899.13	919.50
899.38	916.00
899.63	940.50
899.88	913.50
900.13	934.00
900.38	929.50
900.63	937.00
900.88	918.50
901.13	928.50
901.38	915.00
901.63	898.50
901.88	911.00
902.13	915.50
902.38	939.50
902.63	918.50
902.87	922.50
903.12	923.50
903.37	913.50
903.62	911.00
903.87	923.50
904.12	922.00
904.37	925.00
904.62	904.50
904.87	902.00
905.12	922.00
905.37	936.00
905.62	917.00
905.87	917.50
906.12	919.50
906.37	902.00
906.61	921.00
906.86	937.00
907.11	915.50
907.36	916.00
907.61	935.00
907.86	908.50
908.11	900.50
908.36	910.00
908.61	920.50
908.86	915.50
909.11	928.50
909.36	917.50
909.61	917.00
909.85	923.50
910.10	930.00
910.35	909.00
910.60	913.50
910.85	919.00
911.10	937.00
911.35	925.50
911.60	916.00
911.85	908.00
912.10	913.50
912.35	934.50
912.59	905.00
912.84	914.50
913.09	920.50
913.34	945.00
913.59	932.00
913.84	944.00
914.09	921.00
914.34	941.50
914.59	916.00
914.84	907.50
915.08	916.50
915.33	933.50
915.58	921.00
915.83	938.00
916.08	909.00
916.33	906.50
916.58	910.00
916.83	927.50
917.08	934.00
917.32	909.50
917.57	909.00
917.82	923.50
918.07	921.50
918.32	944.00
918.57	920.50
918.82	922.50
919.07	905.50
919.32	908.00
919.56	920.00
919.81	936.50
920.06	921.50
920.31	919.50
920.56	914.00
920.81	920.00
921.06	913.00
921.31	919.00
921.55	934.00
921.80	922.00
922.05	921.00
922.30	924.50
922.55	920.50
922.80	912.00
923.05	910.00
923.30	904.50
923.54	912.00
923.79	917.00
924.04	926.50
924.29	910.50
924.54	923.50
924.79	913.00
925.04	932.00
925.28	909.50
925.53	909.50
925.78	923.00
926.03	906.50
926.28	921.50
926.53	905.00
926.78	918.00
927.03	924.00
927.27	917.50
927.52	909.00
927.77	922.50
928.02	903.50
928.27	918.50
928.52	923.00
928.76	920.00
929.01	920.50
929.26	915.50
929.51	909.00
929.76	923.00
930.01	924.50
930.26	899.50
930.50	910.00
930.75	898.00
931.00	894.50
931.25	912.50
931.50	940.00
931.75	912.50
931.99	923.00
932.24	924.00
932.49	923.00
932.74	924.00
932.99	913.00
933.24	921.50
933.48	921.00
933.73	919.50
933.98	910.50
934.23	928.50
934.48	905.00
934.73	923.50
934.97	915.50
935.22	912.50
935.47	924.00
935.72	923.00
935.97	913.00
936.22	906.00
936.46	912.00
936.71	925.00
936.96	917.00
937.21	921.00
937.46	919.00
937.70	907.00
937.95	912.50
938.20	926.00
938.45	914.50
938.70	943.50
938.95	921.00
939.19	920.50
939.44	941.50
939.69	922.50
939.94	916.00
940.19	916.00
940.43	919.50
940.68	916.00
940.93	918.50
941.18	901.50
941.43	910.50
941.67	921.00
941.92	933.50
942.17	919.50
942.42	919.50
942.67	904.50
942.91	915.00
943.16	917.50
943.41	917.00
943.66	938.00
943.91	921.00
944.15	924.00
944.40	928.00
944.65	912.50
944.90	903.00
945.15	906.50
945.39	928.00
945.64	919.00
945.89	915.50
946.14	921.00
946.39	907.50
946.63	921.50
946.88	929.00
947.13	913.50
947.38	933.50
947.62	934.00
947.87	898.50
948.12	914.50
948.37	914.50
948.62	909.00
948.86	908.50
949.11	906.50
949.36	926.50
949.61	927.00
949.86	920.50
950.10	910.50
950.35	920.50
950.60	924.00
950.85	925.00
951.09	900.00
951.34	924.50
951.59	927.50
951.84	926.00
952.08	924.50
952.33	926.00
952.58	926.00
952.83	905.50
953.08	919.50
953.32	900.50
953.57	919.00
953.82	903.50
954.07	910.00
954.31	933.50
954.56	914.00
954.81	917.00
955.06	909.00
955.30	945.00
955.55	905.50
955.80	913.50
956.05	924.50
956.29	917.00
956.54	928.00
956.79	921.50
957.04	921.00
957.28	906.50
957.53	924.50
957.78	915.50
958.03	928.00
958.27	915.00
958.52	902.00
958.77	916.50
959.02	912.00
959.26	922.00
959.51	917.00
959.76	912.50
960.01	919.00
960.25	933.00
960.50	924.50
960.75	899.00
961.00	913.50
961.24	909.00
961.49	930.00
961.74	919.50
961.98	917.00
962.23	925.00
962.48	917.50
962.73	900.00
962.97	930.50
963.22	920.50
963.47	913.50
963.72	924.00
963.96	904.00
964.21	895.00
964.46	917.50
964.70	922.00
964.95	925.50
965.20	910.50
965.45	909.00
965.69	903.50
965.94	916.00
966.19	904.50
966.44	897.50
966.68	907.00
966.93	924.50
967.18	920.00
967.42	923.50
967.67	926.00
967.92	923.00
968.17	908.50
968.41	913.00
968.66	931.00
968.91	909.00
969.15	920.50
969.40	931.00
969.65	919.50
969.89	894.50
970.14	918.50
970.39	923.00
970.64	925.00
970.88	915.00
971.13	909.50
971.38	916.00
971.62	926.00
971.87	906.50
972.12	912.00
972.36	913.00
972.61	914.00
972.86	939.00
973.11	907.50
973.35	922.50
973.60	911.50
973.85	912.00
974.09	918.00
974.34	926.00
974.59	923.00
974.83	930.50
975.08	926.50
975.33	910.00
975.57	925.00
975.82	927.00
976.07	917.00
976.32	925.00
976.56	915.00
976.81	908.50
977.06	917.00
977.30	929.00
977.55	905.50
977.80	913.50
978.04	914.50
978.29	918.00
978.54	908.00
978.78	920.50
979.03	903.50
979.28	931.50
979.52	917.50
979.77	900.50
980.02	908.50
980.26	914.00
980.51	903.50
980.76	915.50
981.00	921.50
981.25	915.00
981.50	909.00
981.74	911.00
981.99	915.50
982.24	928.00
982.48	915.50
982.73	916.50
982.98	914.50
983.22	909.50
983.47	895.00
983.72	909.50
983.96	922.00
984.21	918.00
984.46	913.00
984.70	930.50
984.95	913.00
985.20	909.50
985.44	911.00
985.69	925.50
985.93	917.00
986.18	909.50
986.43	910.00
986.67	920.00
986.92	913.50
987.17	917.50
987.41	926.50
987.66	924.50
987.91	922.50
988.15	927.50
988.40	917.00
988.65	898.00
988.89	910.00
989.14	904.50
989.38	912.00
989.63	899.50
989.88	911.50
990.12	912.00
990.37	908.00
990.62	902.50
990.86	911.00
991.11	920.50
991.36	906.50
991.60	914.50
991.85	914.50
992.09	897.00
992.34	912.50
992.59	908.00
992.83	905.50
993.08	917.50
993.33	924.50
993.57	909.00
993.82	908.00
994.06	909.00
994.31	909.50
994.56	921.00
994.80	903.00
995.05	916.50
995.29	907.00
995.54	921.00
995.79	916.00
996.03	919.50
996.28	931.50
996.53	927.00
996.77	914.50
997.02	910.50
997.26	905.00
997.51	923.00
997.76	909.50
998.00	908.50
998.25	917.50
998.49	923.50
998.74	907.00
998.99	899.00
999.23	918.50
999.48	909.00
999.72	902.00
999.97	907.50
1000.22	903.00
1000.46	924.50
1000.71	905.50
1000.95	914.50
1001.20	917.00
1001.45	944.00
1001.69	918.00
1001.94	928.00
1002.18	919.00
1002.43	915.00
1002.68	918.50
1002.92	906.00
1003.17	909.50
1003.41	921.00
1003.66	917.50
1003.90	916.50
1004.15	928.50
1004.40	923.50
1004.64	922.50
1004.89	919.50
1005.13	937.00
1005.38	910.00
1005.63	908.50
1005.87	917.00
1006.12	906.50
1006.36	924.50
1006.61	908.50
1006.85	905.50
1007.10	916.50
1007.35	902.00
1007.59	924.50
1007.84	916.00
1008.08	905.50
1008.33	930.00
1008.57	905.00
1008.82	916.00
1009.07	910.00
1009.31	909.50
1009.56	910.50
1009.80	926.00
1010.05	916.50
1010.29	917.00
1010.54	920.00
1010.79	925.50
1011.03	925.50
1011.28	916.50
1011.52	907.00
1011.77	903.50
1012.01	914.50
1012.26	911.50
1012.50	910.00
1012.75	917.00
1013.00	917.50
1013.24	934.50
1013.49	920.00
1013.73	926.50
1013.98	922.00
1014.22	909.50
1014.47	909.50
1014.71	921.00
1014.96	909.00
1015.21	903.00
1015.45	909.00
1015.70	921.00
1015.94	919.00
1016.19	920.00
1016.43	909.00
1016.68	923.00
1016.92	920.50
1017.17	930.50
1017.41	916.50
1017.66	908.00
1017.90	909.50
1018.15	920.00
1018.40	911.00
1018.64	909.00
1018.89	907.00
1019.13	917.00
1019.38	903.00
1019.62	924.00
1019.87	928.00
1020.11	910.00
1020.36	915.50
1020.60	908.00
1020.85	901.00
1021.09	906.50
1021.34	934.00
1021.58	915.00
1021.83	914.00
1022.07	910.00
1022.32	921.50
1022.56	913.00
1022.81	914.50
1023.06	904.00
1023.30	901.00
1023.55	924.50
1023.79	904.50
1024.04	893.00
1024.28	918.00
1024.53	923.50
1024.77	896.00
1025.02	917.50
1025.26	917.00
1025.51	905.00
1025.75	922.50
1026.00	932.50
1026.24	917.00
1026.49	910.00
1026.73	916.00
1026.98	925.00
1027.22	900.00
1027.47	924.50
1027.71	907.00
1027.96	913.00
1028.20	911.50
1028.45	917.50
1028.69	907.00
1028.94	894.00
1029.18	911.00
1029.43	920.00
1029.67	911.50
1029.92	913.50
1030.16	900.50
1030.41	903.50
1030.65	905.00
1030.90	922.00
1031.14	907.50
1031.39	921.00
1031.63	912.50
1031.88	913.00
1032.12	913.50
1032.37	918.00
1032.61	917.00
1032.86	919.50
1033.10	903.00
1033.34	920.00
1033.59	925.00
1033.83	907.50
1034.08	901.00
1034.32	908.00
1034.57	904.00
1034.81	934.00
1035.06	921.00
1035.30	907.50
1035.55	900.50
1035.79	917.50
1036.04	921.00
1036.28	907.00
1036.53	901.00
1036.77	910.50
1037.02	915.00
1037.26	910.50
1037.51	909.50
1037.75	918.00
1037.99	926.00
1038.24	909.50
1038.48	920.00
1038.73	894.00
1038.97	910.00
1039.22	911.00
1039.46	922.00
1039.71	926.50
1039.95	921.00
1040.20	928.00
1040.44	922.50
1040.69	921.50
1040.93	903.50
1041.17	911.50
1041.42	912.00
1041.66	924.00
1041.91	902.50
1042.15	923.50
1042.40	902.00
1042.64	913.00
1042.89	913.00
1043.13	916.50
1043.37	923.50
1043.62	925.00
1043.86	918.00
1044.11	921.00
1044.35	929.50
1044.60	987.50
1044.84	1019.50
1045.09	1000.50
1045.33	968.50
1045.57	942.00
1045.82	938.50
1046.06	918.50
1046.31	919.50
1046.55	906.50
1046.80	903.50
1047.04	919.00
1047.28	911.50
1047.53	894.50
1047.77	901.50
1048.02	910.00
1048.26	921.00
1048.51	916.00
1048.75	919.50
1048.99	917.00
1049.24	920.00
1049.48	908.00
1049.73	918.00
1049.97	929.50
1050.22	933.50
1050.46	914.00
1050.70	899.00
1050.95	924.50
1051.19	939.50
1051.44	915.00
1051.68	912.00
1051.93	921.00
1052.17	913.00
1052.41	895.50
1052.66	910.00
1052.90	912.50
1053.15	914.50
1053.39	910.00
1053.63	922.50
1053.88	911.50
1054.12	905.50
1054.37	915.50
1054.61	916.00
1054.85	926.50
1055.10	926.00
1055.34	899.50
1055.59	904.50
1055.83	910.50
1056.07	922.00
1056.32	918.50
1056.56	903.00
1056.81	903.00
1057.05	905.50
1057.29	910.50
1057.54	922.00
1057.78	920.50
1058.03	909.00
1058.27	919.00
1058.51	903.50
1058.76	915.00
1059.00	917.50
1059.25	927.00
1059.49	916.50
1059.73	924.00
1059.98	926.00
1060.22	905.50
1060.47	911.00
1060.71	922.50
1060.95	920.00
1061.20	908.00
1061.44	911.00
1061.68	914.00
1061.93	921.50
1062.17	912.00
1062.42	918.50
1062.66	912.50
1062.90	923.00
1063.15	911.50
1063.39	926.50
1063.63	913.00
1063.88	933.50
1064.12	921.50
1064.37	922.00
1064.61	914.50
1064.85	905.50
1065.10	915.50
1065.34	910.00
1065.58	891.50
1065.83	908.00
1066.07	928.50
1066.32	916.00
1066.56	901.00
1066.80	914.00
1067.05	903.00
1067.29	898.00
1067.53	919.00
1067.78	902.50
1068.02	890.00
1068.26	917.00
1068.51	921.50
1068.75	896.00
1068.99	910.50
1069.24	928.00
1069.48	923.00
1069.73	922.50
1069.97	936.50
1070.21	923.50
1070.46	911.50
1070.70	923.00
1070.94	921.50
1071.19	918.50
1071.43	917.50
1071.67	909.00
1071.92	907.00
1072.16	912.50
1072.40	936.50
1072.65	907.50
1072.89	923.00
1073.13	910.00
1073.38	910.50
1073.62	921.00
1073.86	923.00
1074.11	922.00
1074.35	924.00
1074.59	904.50
1074.84	920.50
1075.08	923.00
1075.32	908.00
1075.57	908.50
1075.81	915.50
1076.05	913.00
1076.30	927.00
1076.54	915.00
1076.78	905.50
1077.03	922.00
1077.27	923.50
1077.51	906.50
1077.76	902.00
1078.00	902.00
1078.24	913.50
1078.49	904.50
1078.73	902.00
1078.97	933.50
1079.22	917.00
1079.46	920.50
1079.70	909.00
1079.95	931.50
1080.19	907.50
1080.43	920.00
1080.67	910.50
1080.92	939.00
1081.16	924.00
1081.40	907.00
1081.65	901.50
1081.89	906.00
1082.13	918.50
1082.38	920.50
1082.62	911.00
1082.86	925.00
1083.11	934.50
1083.35	912.50
1083.59	909.50
1083.83	917.50
1084.08	916.50
1084.32	912.50
1084.56	918.50
1084.81	917.00
1085.05	904.00
1085.29	918.50
1085.54	917.00
1085.78	914.00
1086.02	898.00
1086.26	920.00
1086.51	919.50
1086.75	910.50
1086.99	909.00
1087.24	909.50
1087.48	915.00
1087.72	910.00
1087.96	927.00
1088.21	906.50
1088.45	915.50
1088.69	920.00
1088.94	926.00
1089.18	914.00
1089.42	914.50
1089.66	913.00
1089.91	913.50
1090.15	919.50
1090.39	923.00
1090.64	907.00
1090.88	911.00
1091.12	903.00
1091.36	919.00
1091.61	920.00
1091.85	916.50
1092.09	916.00
1092.33	905.00
1092.58	911.00
1092.82	917.00
1093.06	918.50
1093.31	904.00
1093.55	911.00
1093.79	915.00
1094.03	900.00
1094.28	922.00
1094.52	910.50
1094.76	919.00
1095.00	915.00
1095.25	933.00
1095.49	909.50
1095.73	916.00
1095.97	909.00
1096.22	921.50
1096.46	920.50
1096.70	919.00
1096.94	920.00
1097.19	949.50
1097.43	920.00
1097.67	897.00
1097.91	907.00
1098.16	924.50
1098.40	916.00
1098.64	918.50
1098.88	900.00
1099.13	922.00
1099.37	913.00
1099.61	922.00
1099.85	927.50
1100.10	923.00
1100.34	911.50
1100.58	916.50
1100.82	916.00
1101.07	907.00
1101.31	918.00
1101.55	924.00
1101.79	900.00
1102.04	903.50
1102.28	900.00
1102.52	907.00
1102.76	923.50
1103.01	909.50
1103.25	914.00
1103.49	926.00
1103.73	897.00
1103.97	923.50
1104.22	916.50
1104.46	912.50
1104.70	914.00
1104.94	912.50
1105.19	918.00
1105.43	898.00
1105.67	919.50
1105.91	916.50
1106.16	929.00
1106.40	908.50
1106.64	914.00
1106.88	925.00
1107.12	938.00
1107.37	926.50
1107.61	916.00
1107.85	931.00
1108.09	920.00
1108.33	921.00
1108.58	902.50
1108.82	925.00
1109.06	915.50
1109.30	918.50
1109.55	922.00
1109.79	917.50
1110.03	933.50
1110.27	915.50
1110.51	918.00
1110.76	906.00
1111.00	923.50
1111.24	927.50
1111.48	899.50
1111.72	915.50
1111.97	912.50
1112.21	936.00
1112.45	916.00
1112.69	916.00
1112.93	907.00
1113.18	917.50
1113.42	920.50
1113.66	919.50
1113.90	924.50
1114.14	921.00
1114.39	918.50
1114.63	920.50
1114.87	930.00
1115.11	917.50
1115.35	904.50
1115.59	908.50
1115.84	916.50
1116.08	909.50
1116.32	903.00
1116.56	901.00
1116.80	917.50
1117.05	924.00
1117.29	914.50
1117.53	921.50
1117.77	901.50
1118.01	918.00
1118.25	911.50
1118.50	915.00
1118.74	921.50
1118.98	913.00
1119.22	916.50
1119.46	920.00
1119.71	952.00
1119.95	924.00
1120.19	921.00
1120.43	909.50
1120.67	914.00
1120.91	937.50
1121.16	909.50
1121.40	897.50
1121.64	905.00
1121.88	919.50
1122.12	910.00
1122.36	911.50
1122.61	916.50
1122.85	914.00
1123.09	897.50
1123.33	898.00
1123.57	901.50
1123.81	902.50
1124.06	908.50
1124.30	920.50
1124.54	938.50
1124.78	935.00
1125.02	920.00
1125.26	929.50
1125.50	922.00
1125.75	911.50
1125.99	938.00
1126.23	932.50
1126.47	926.50
1126.71	940.00
1126.95	927.50
1127.19	913.00
1127.44	917.50
1127.68	921.50
1127.92	916.00
1128.16	914.00
1128.40	917.00
1128.64	909.00
1128.88	911.00
1129.13	920.50
1129.37	939.50
1129.61	923.00
1129.85	921.00
1130.09	921.00
1130.33	909.00
1130.57	905.00
1130.82	913.00
1131.06	912.00
1131.30	924.00
1131.54	910.50
1131.78	924.00
1132.02	912.00
1132.26	928.00
1132.50	921.50
1132.75	909.00
1132.99	921.50
1133.23	907.50
1133.47	911.50
1133.71	913.00
1133.95	912.00
1134.19	921.00
1134.43	911.00
1134.68	895.50
1134.92	911.00
1135.16	916.50
1135.40	920.00
1135.64	916.50
1135.88	925.50
1136.12	910.00
1136.36	923.50
1136.61	914.00
1136.85	932.50
1137.09	910.50
1137.33	911.00
1137.57	928.00
1137.81	925.00
1138.05	917.00
1138.29	920.00
1138.53	904.00
1138.78	908.50
1139.02	911.50
1139.26	917.00
1139.50	920.50
1139.74	922.00
1139.98	913.50
1140.22	920.50
1140.46	917.50
1140.70	917.00
1140.94	893.50
1141.19	917.50
1141.43	936.50
1141.67	917.00
1141.91	909.50
1142.15	912.00
1142.39	925.50
1142.63	915.00
1142.87	897.00
1143.11	912.00
1143.35	897.50
1143.59	914.00
1143.83	920.00
1144.08	914.50
1144.32	912.00
1144.56	909.00
1144.80	908.50
1145.04	914.50
1145.28	908.50
1145.52	905.50
1145.76	908.00
1146.00	925.50
1146.24	923.00
1146.48	953.00
1146.72	907.50
1146.97	927.50
1147.21	919.50
1147.45	910.50
1147.69	921.00
1147.93	923.50
1148.17	918.50
1148.41	912.50
1148.65	930.00
1148.89	921.00
1149.13	906.00
1149.37	920.50
1149.61	912.50
1149.85	932.00
1150.09	923.50
1150.34	909.50
1150.58	922.50
1150.82	921.50
1151.06	907.00
1151.30	911.50
1151.54	921.50
1151.78	912.00
1152.02	925.00
1152.26	925.50
1152.50	907.50
1152.74	932.50
1152.98	908.00
1153.22	914.50
1153.46	931.50
1153.70	909.00
1153.94	935.50
1154.18	904.00
1154.42	915.00
1154.66	902.50
1154.91	919.00
1155.15	912.00
1155.39	916.50
1155.63	910.50
1155.87	906.00
1156.11	908.00
1156.35	922.00
1156.59	923.00
1156.83	927.00
1157.07	910.00
1157.31	909.50
1157.55	915.00
1157.79	919.50
1158.03	920.00
1158.27	915.00
1158.51	930.50
1158.75	927.00
1158.99	922.50
1159.23	901.50
1159.47	919.50
1159.71	925.50
1159.95	912.50
1160.19	918.00
1160.43	919.00
1160.67	918.50
1160.91	896.50
1161.15	912.00
1161.39	915.50
1161.63	909.00
1161.88	925.50
1162.12	912.00
1162.36	918.00
1162.60	927.00
1162.84	940.50
1163.08	918.50
1163.32	917.00
1163.56	902.00
1163.80	903.50
1164.04	923.00
1164.28	908.50
1164.52	910.00
1164.76	913.50
1165.00	923.00
1165.24	912.50
1165.48	928.50
1165.72	935.50
1165.96	912.00
1166.20	937.50
1166.44	921.00
1166.68	930.00
1166.92	923.00
1167.16	914.00
1167.40	917.50
1167.64	905.50
1167.88	905.00
1168.12	902.50
1168.36	914.00
1168.60	907.50
1168.84	897.00
1169.08	912.00
1169.32	904.50
1169.56	903.50
1169.80	924.50
1170.04	920.00
1170.28	905.50
1170.52	922.00
1170.76	928.50
1171.00	918.00
1171.24	925.50
1171.48	912.50
1171.72	926.00
1171.96	913.50
1172.20	912.00
1172.44	940.00
1172.68	918.00
1172.92	913.00
1173.16	905.50
1173.40	910.00
1173.63	916.50
1173.87	913.00
1174.11	910.00
1174.35	914.50
1174.59	907.50
1174.83	904.00
1175.07	914.00
1175.31	923.50
1175.55	918.00
1175.79	915.00
1176.03	911.50
1176.27	914.50
1176.51	904.50
1176.75	922.50
1176.99	922.00
1177.23	909.50
1177.47	908.00
1177.71	910.00
1177.95	913.00
1178.19	910.00
1178.43	906.00
1178.67	936.00
1178.91	933.50
1179.15	926.50
1179.39	918.50
1179.63	912.00
1179.87	916.50
1180.11	905.50
1180.35	926.00
1180.59	919.00
1180.82	917.00
1181.06	908.00
1181.30	928.00
1181.54	921.50
1181.78	914.00
1182.02	912.00
1182.26	907.00
1182.50	931.00
1182.74	925.00
1182.98	906.00
1183.22	920.50
1183.46	920.00
1183.70	915.00
1183.94	899.00
1184.18	907.50
1184.42	917.00
1184.66	914.00
1184.90	904.50
1185.13	904.50
1185.37	913.00
1185.61	921.00
1185.85	916.50
1186.09	902.50
1186.33	912.50
1186.57	907.00
1186.81	916.00
1187.05	921.50
1187.29	932.00
1187.53	935.50
1187.77	932.00
1188.01	912.50
1188.25	933.50
1188.48	913.00
1188.72	914.50
1188.96	924.00
1189.20	911.50
1189.44	932.00
1189.68	931.50
1189.92	904.00
1190.16	906.50
1190.40	923.00
1190.64	906.50
1190.88	911.00
1191.12	926.00
1191.36	906.50
1191.59	912.00
1191.83	911.50
1192.07	904.50
1192.31	894.50
1192.55	911.00
1192.79	915.00
1193.03	902.50
1193.27	891.50
1193.51	918.00
1193.75	912.50
1193.99	898.00
1194.22	900.00
1194.46	909.50
1194.70	926.50
1194.94	917.50
1195.18	915.50
1195.42	913.50
1195.66	921.00
1195.90	913.50
1196.14	921.00
1196.38	911.00
1196.61	925.00
1196.85	914.50
1197.09	917.00
1197.33	910.50
1197.57	918.50
1197.81	910.50
1198.05	930.00
1198.29	923.00
1198.53	931.50
1198.76	923.00
1199.00	905.00
1199.24	922.50
1199.48	907.00
1199.72	924.00
1199.96	919.50
1200.20	910.00
1200.44	905.50
1200.68	910.50
1200.91	909.00
1201.15	922.00
1201.39	919.00
1201.63	908.50
1201.87	913.50
1202.11	908.00
1202.35	933.50
1202.59	922.50
1202.82	914.50
1203.06	911.50
1203.30	918.00
1203.54	942.00
1203.78	904.50
1204.02	911.50
1204.26	926.00
1204.49	922.50
1204.73	919.50
1204.97	923.00
1205.21	942.50
1205.45	916.00
1205.69	916.50
1205.93	907.00
1206.17	924.00
1206.40	910.00
1206.64	927.50
1206.88	922.00
1207.12	920.00
1207.36	915.50
1207.60	931.50
1207.84	926.50
1208.07	906.00
1208.31	913.50
1208.55	913.00
1208.79	916.00
1209.03	941.50
1209.27	937.50
1209.50	937.50
1209.74	930.50
1209.98	909.00
1210.22	910.00
1210.46	898.00
1210.70	912.50
1210.94	910.00
1211.17	916.00
1211.41	914.50
1211.65	895.50
1211.89	926.00
1212.13	924.50
1212.37	904.50
1212.60	927.50
1212.84	924.50
1213.08	902.00
1213.32	936.00
1213.56	919.00
1213.80	918.00
1214.03	917.50
1214.27	913.00
1214.51	920.00
1214.75	920.00
1214.99	909.00
1215.23	904.50
1215.46	908.50
1215.70	906.50
1215.94	896.00
1216.18	921.00
1216.42	921.50
1216.66	932.50
1216.89	914.00
1217.13	918.50
1217.37	914.00
1217.61	908.00
1217.85	921.00
1218.08	915.50
1218.32	922.50
1218.56	926.50
1218.80	933.50
1219.04	916.50
1219.28	907.00
1219.51	908.00
1219.75	907.50
1219.99	912.50
1220.23	905.50
1220.47	899.00
