294.44	824.00
294.71	824.00
294.98	824.00
295.25	844.00
295.52	904.00
295.79	902.00
296.06	917.00
296.33	889.00
296.60	902.00
296.87	917.00
297.14	897.00
297.41	894.00
297.68	893.00
297.95	906.00
298.22	907.00
298.49	903.00
298.76	905.00
299.03	908.00
299.30	904.00
299.57	901.00
299.84	903.00
300.11	895.00
300.38	909.00
300.65	934.00
300.92	914.00
301.18	911.00
301.45	889.00
301.72	890.00
301.99	905.00
302.26	896.00
302.53	913.00
302.80	888.00
303.07	902.00
303.34	906.00
303.61	915.00
303.88	910.00
304.15	911.00
304.42	903.00
304.69	901.00
304.96	902.00
305.23	892.00
305.50	900.00
305.77	905.00
306.03	904.00
306.30	903.00
306.57	900.00
306.84	905.00
307.11	897.00
307.38	913.00
307.65	906.00
307.92	914.00
308.19	911.00
308.46	915.00
308.73	904.00
309.00	892.00
309.27	899.00
309.54	898.00
309.81	924.00
310.07	901.00
310.34	912.00
310.61	918.00
310.88	902.00
311.15	906.00
311.42	901.00
311.69	902.00
311.96	881.00
312.23	888.00
312.50	881.00
312.77	914.00
313.04	906.00
313.30	897.00
313.57	891.00
313.84	890.00
314.11	901.00
314.38	894.00
314.65	907.00
314.92	889.00
315.19	893.00
315.46	901.00
315.73	891.00
316.00	925.00
316.26	906.00
316.53	910.00
316.80	896.00
317.07	898.00
317.34	905.00
317.61	912.00
317.88	910.00
318.15	902.00
318.42	909.00
318.69	884.00
318.95	901.00
319.22	890.00
319.49	899.00
319.76	895.00
320.03	912.00
320.30	906.00
320.57	932.00
320.84	916.00
321.11	894.00
321.37	881.00
321.64	879.00
321.91	893.00
322.18	891.00
322.45	901.00
322.72	898.00
322.99	934.00
323.26	924.00
323.53	901.00
323.79	907.00
324.06	909.00
324.33	904.00
324.60	903.00
324.87	902.00
325.14	884.00
325.41	908.00
325.68	888.00
325.94	885.00
326.21	902.00
326.48	895.00
326.75	901.00
327.02	907.00
327.29	928.00
327.56	926.00
327.83	915.00
328.09	902.00
328.36	909.00
328.63	914.00
328.90	910.00
329.17	901.00
329.44	892.00
329.71	890.00
329.97	904.00
330.24	910.00
330.51	906.00
330.78	905.00
331.05	918.00
331.32	903.00
331.59	908.00
331.85	914.00
332.12	914.00
332.39	904.00
332.66	921.00
332.93	911.00
333.20	904.00
333.47	919.00
333.73	898.00
334.00	906.00
334.27	916.00
334.54	898.00
334.81	903.00
335.08	912.00
335.34	899.00
335.61	914.00
335.88	920.00
336.15	912.00
336.42	904.00
336.69	891.00
336.96	893.00
337.22	883.00
337.49	898.00
337.76	908.00
338.03	892.00
338.30	920.00
338.57	914.00
338.83	885.00
339.10	890.00
339.37	898.00
339.64	905.00
339.91	916.00
340.17	907.00
340.44	909.00
340.71	908.00
340.98	905.00
341.25	897.00
341.52	913.00
341.78	905.00
342.05	910.00
342.32	890.00
342.59	902.00
342.86	897.00
343.13	905.00
343.39	891.00
343.66	900.00
343.93	927.00
344.20	906.00
344.47	902.00
344.73	899.00
345.00	897.00
345.27	903.00
345.54	893.00
345.81	909.00
346.07	908.00
346.34	905.00
346.61	894.00
346.88	902.00
347.15	915.00
347.42	910.00
347.68	880.00
347.95	892.00
348.22	919.00
348.49	919.00
348.76	908.00
349.02	897.00
349.29	885.00
349.56	907.00
349.83	883.00
350.09	881.00
350.36	890.00
350.63	912.00
350.90	914.00
351.17	922.00
351.43	892.00
351.70	918.00
351.97	890.00
352.24	897.00
352.51	905.00
352.77	900.00
353.04	900.00
353.31	884.00
353.58	894.00
353.85	894.00
354.11	891.00
354.38	893.00
354.65	910.00
354.92	917.00
355.18	906.00
355.45	897.00
355.72	909.00
355.99	892.00
356.26	916.00
356.52	906.00
356.79	912.00
357.06	904.00
357.33	887.00
357.59	891.00
357.86	916.00
358.13	897.00
358.40	910.00
358.66	901.00
358.93	929.00
359.20	922.00
359.47	900.00
359.74	885.00
360.00	893.00
360.27	908.00
360.54	916.00
360.81	917.00
361.07	910.00
361.34	905.00
361.61	898.00
361.88	908.00
362.14	898.00
362.41	900.00
362.68	903.00
362.95	895.00
363.21	920.00
363.48	926.00
363.75	902.00
364.02	897.00
364.28	882.00
364.55	901.00
364.82	903.00
365.09	903.00
365.35	901.00
365.62	887.00
365.89	899.00
366.16	920.00
366.42	902.00
366.69	913.00
366.96	915.00
367.23	908.00
367.49	905.00
367.76	916.00
368.03	892.00
368.30	901.00
368.56	901.00
368.83	884.00
369.10	907.00
369.36	915.00
369.63	933.00
369.90	910.00
370.17	907.00
370.43	904.00
370.70	910.00
370.97	902.00
371.24	898.00
371.50	919.00
371.77	905.00
372.04	890.00
372.30	888.00
372.57	898.00
372.84	904.00
373.11	904.00
373.37	910.00
373.64	884.00
373.91	897.00
374.17	888.00
374.44	907.00
374.71	901.00
374.98	886.00
375.24	898.00
375.51	919.00
375.78	910.00
376.04	910.00
376.31	910.00
376.58	886.00
376.85	878.00
377.11	903.00
377.38	906.00
377.65	892.00
377.91	904.00
378.18	905.00
378.45	899.00
378.72	893.00
378.98	915.00
379.25	898.00
379.52	909.00
379.78	910.00
380.05	884.00
380.32	910.00
380.58	903.00
380.85	898.00
381.12	907.00
381.39	910.00
381.65	902.00
381.92	907.00
382.19	902.00
382.45	906.00
382.72	926.00
382.99	871.00
383.25	898.00
383.52	894.00
383.79	882.00
384.05	905.00
384.32	897.00
384.59	903.00
384.85	902.00
385.12	912.00
385.39	882.00
385.66	891.00
385.92	884.00
386.19	897.00
386.46	879.00
386.72	907.00
386.99	892.00
387.26	904.00
387.52	906.00
387.79	904.00
388.06	901.00
388.32	888.00
388.59	920.00
388.86	896.00
389.12	904.00
389.39	889.00
389.66	903.00
389.92	878.00
390.19	869.00
390.46	906.00
390.72	905.00
390.99	878.00
391.26	889.00
391.52	901.00
391.79	910.00
392.06	906.00
392.32	912.00
392.59	882.00
392.86	901.00
393.12	906.00
393.39	892.00
393.65	887.00
393.92	916.00
394.19	898.00
394.45	942.00
394.72	901.00
394.99	885.00
395.25	886.00
395.52	907.00
395.79	885.00
396.05	897.00
396.32	900.00
396.59	918.00
396.85	891.00
397.12	908.00
397.39	882.00
397.65	876.00
397.92	902.00
398.18	901.00
398.45	893.00
398.72	897.00
398.98	921.00
399.25	896.00
399.52	892.00
399.78	920.00
400.05	891.00
400.32	906.00
400.58	910.00
400.85	893.00
401.11	897.00
401.38	897.00
401.65	911.00
401.91	899.00
402.18	925.00
402.45	915.00
402.71	909.00
402.98	898.00
403.24	889.00
403.51	892.00
403.78	892.00
404.04	912.00
404.31	905.00
404.58	892.00
404.84	868.00
405.11	874.00
405.37	900.00
405.64	892.00
405.91	884.00
406.17	892.00
406.44	907.00
406.70	911.00
406.97	889.00
407.24	911.00
407.50	910.00
407.77	886.00
408.04	915.00
408.30	912.00
408.57	890.00
408.83	893.00
409.10	888.00
409.37	908.00
409.63	918.00
409.90	914.00
410.16	904.00
410.43	891.00
410.70	896.00
410.96	890.00
411.23	902.00
411.49	919.00
411.76	910.00
412.03	890.00
412.29	901.00
412.56	910.00
412.82	879.00
413.09	878.00
413.35	904.00
413.62	908.00
413.89	900.00
414.15	883.00
414.42	889.00
414.68	885.00
414.95	923.00
415.22	927.00
415.48	903.00
415.75	894.00
416.01	896.00
416.28	890.00
416.54	894.00
416.81	914.00
417.08	917.00
417.34	895.00
417.61	911.00
417.87	921.00
418.14	919.00
418.40	898.00
418.67	886.00
418.94	894.00
419.20	910.00
419.47	899.00
419.73	910.00
420.00	894.00
420.26	894.00
420.53	902.00
420.80	893.00
421.06	883.00
421.33	884.00
421.59	890.00
421.86	877.00
422.12	902.00
422.39	881.00
422.66	895.00
422.92	896.00
423.19	890.00
423.45	913.00
423.72	908.00
423.98	898.00
424.25	925.00
424.51	898.00
424.78	916.00
425.05	915.00
425.31	903.00
425.58	899.00
425.84	876.00
426.11	911.00
426.37	889.00
426.64	897.00
426.90	897.00
427.17	904.00
427.43	916.00
427.70	903.00
427.97	899.00
428.23	915.00
428.50	903.00
428.76	905.00
429.03	897.00
429.29	899.00
429.56	900.00
429.82	902.00
430.09	900.00
430.35	896.00
430.62	892.00
430.88	888.00
431.15	901.00
431.41	897.00
431.68	907.00
431.95	913.00
432.21	890.00
432.48	894.00
432.74	914.00
433.01	906.00
433.27	897.00
433.54	897.00
433.80	909.00
434.07	893.00
434.33	885.00
434.60	882.00
434.86	918.00
435.13	911.00
435.39	912.00
435.66	916.00
435.92	890.00
436.19	915.00
436.45	878.00
436.72	888.00
436.98	900.00
437.25	884.00
437.51	927.00
437.78	897.00
438.04	901.00
438.31	917.00
438.57	904.00
438.84	915.00
439.11	888.00
439.37	879.00
439.64	897.00
439.90	888.00
440.17	876.00
440.43	911.00
440.70	894.00
440.96	894.00
441.23	902.00
441.49	909.00
441.76	897.00
442.02	906.00
442.28	889.00
442.55	903.00
442.81	888.00
443.08	902.00
443.34	887.00
443.61	889.00
443.87	898.00
444.14	882.00
444.40	899.00
444.67	886.00
444.93	895.00
445.20	905.00
445.46	895.00
445.73	916.00
445.99	902.00
446.26	889.00
446.52	902.00
446.79	900.00
447.05	896.00
447.32	896.00
447.58	891.00
447.85	885.00
448.11	884.00
448.38	909.00
448.64	889.00
448.91	903.00
449.17	905.00
449.44	872.00
449.70	885.00
449.96	882.00
450.23	889.00
450.49	894.00
450.76	877.00
451.02	887.00
451.29	907.00
451.55	914.00
451.82	902.00
452.08	898.00
452.35	897.00
452.61	893.00
452.88	911.00
453.14	891.00
453.40	884.00
453.67	886.00
453.93	904.00
454.20	908.00
454.46	908.00
454.73	918.00
454.99	906.00
455.26	898.00
455.52	901.00
455.79	909.00
456.05	905.00
456.31	884.00
456.58	910.00
456.84	898.00
457.11	876.00
457.37	901.00
457.64	901.00
457.90	899.00
458.17	895.00
458.43	919.00
458.69	910.00
458.96	880.00
459.22	896.00
459.49	899.00
459.75	910.00
460.02	898.00
460.28	897.00
460.55	907.00
460.81	907.00
461.07	892.00
461.34	897.00
461.60	886.00
461.87	890.00
462.13	907.00
462.40	898.00
462.66	918.00
462.92	909.00
463.19	911.00
463.45	902.00
463.72	921.00
463.98	906.00
464.25	906.00
464.51	898.00
464.77	899.00
465.04	882.00
465.30	920.00
465.57	893.00
465.83	925.00
466.09	908.00
466.36	899.00
466.62	904.00
466.89	909.00
467.15	884.00
467.42	894.00
467.68	915.00
467.94	887.00
468.21	895.00
468.47	900.00
468.74	901.00
469.00	881.00
469.26	902.00
469.53	912.00
469.79	893.00
470.06	901.00
470.32	907.00
470.58	920.00
470.85	909.00
471.11	924.00
471.38	921.00
471.64	902.00
471.90	906.00
472.17	894.00
472.43	909.00
472.70	891.00
472.96	901.00
473.22	896.00
473.49	889.00
473.75	892.00
474.02	901.00
474.28	906.00
474.54	886.00
474.81	904.00
475.07	902.00
475.34	882.00
475.60	912.00
475.86	884.00
476.13	890.00
476.39	901.00
476.65	890.00
476.92	885.00
477.18	891.00
477.45	926.00
477.71	909.00
477.97	892.00
478.24	914.00
478.50	921.00
478.76	908.00
479.03	912.00
479.29	898.00
479.56	912.00
479.82	902.00
480.08	893.00
480.35	905.00
480.61	905.00
480.87	902.00
481.14	904.00
481.40	893.00
481.67	908.00
481.93	910.00
482.19	890.00
482.46	890.00
482.72	886.00
482.98	912.00
483.25	915.00
483.51	890.00
483.77	913.00
484.04	910.00
484.30	891.00
484.56	907.00
484.83	908.00
485.09	915.00
485.36	920.00
485.62	892.00
485.88	901.00
486.15	925.00
486.41	904.00
486.67	904.00
486.94	896.00
487.20	922.00
487.46	913.00
487.73	935.00
487.99	905.00
488.25	913.00
488.52	897.00
488.78	910.00
489.04	895.00
489.31	902.00
489.57	915.00
489.83	910.00
490.10	909.00
490.36	920.00
490.62	907.00
490.89	918.00
491.15	906.00
491.41	898.00
491.68	901.00
491.94	907.00
492.20	905.00
492.47	915.00
492.73	907.00
492.99	897.00
493.26	921.00
493.52	905.00
493.78	907.00
494.05	905.00
494.31	889.00
494.57	910.00
494.84	915.00
495.10	899.00
495.36	911.00
495.63	904.00
495.89	917.00
496.15	915.00
496.42	909.00
496.68	918.00
496.94	902.00
497.21	922.00
497.47	933.00
497.73	918.00
497.99	917.00
498.26	916.00
498.52	924.00
498.78	910.00
499.05	926.00
499.31	923.00
499.57	902.00
499.84	885.00
500.10	912.00
500.36	892.00
500.63	918.00
500.89	922.00
501.15	929.00
501.41	908.00
501.68	892.00
501.94	897.00
502.20	923.00
502.47	908.00
502.73	907.00
502.99	901.00
503.26	903.00
503.52	902.00
503.78	886.00
504.04	900.00
504.31	916.00
504.57	901.00
504.83	922.00
505.10	907.00
505.36	917.00
505.62	926.00
505.88	904.00
506.15	903.00
506.41	936.00
506.67	922.00
506.94	920.00
507.20	885.00
507.46	911.00
507.72	913.00
507.99	892.00
508.25	898.00
508.51	919.00
508.78	909.00
509.04	908.00
509.30	917.00
509.56	906.00
509.83	909.00
510.09	928.00
510.35	911.00
510.61	927.00
510.88	894.00
511.14	917.00
511.40	925.00
511.66	907.00
511.93	905.00
512.19	907.00
512.45	896.00
512.72	912.00
512.98	899.00
513.24	904.00
513.50	944.00
513.77	906.00
514.03	907.00
514.29	903.00
514.55	905.00
514.82	920.00
515.08	920.00
515.34	896.00
515.60	913.00
515.87	907.00
516.13	916.00
516.39	901.00
516.65	916.00
516.92	937.00
517.18	917.00
517.44	922.00
517.70	934.00
517.97	950.00
518.23	948.00
518.49	961.00
518.75	926.00
519.02	960.00
519.28	966.00
519.54	1000.00
519.80	985.00
520.07	1008.00
520.33	1052.00
520.59	1139.00
520.85	1335.00
521.11	1834.00
521.38	2821.00
521.64	4748.00
521.90	7283.00
522.16	10657.00
522.43	15513.00
522.69	14463.00
522.95	4766.00
523.21	1679.00
523.48	1148.00
523.74	1013.00
524.00	971.00
524.26	972.00
524.52	953.00
524.79	936.00
525.05	942.00
525.31	922.00
525.57	916.00
525.84	922.00
526.10	915.00
526.36	930.00
526.62	934.00
526.88	908.00
527.15	913.00
527.41	914.00
527.67	915.00
527.93	924.00
528.20	909.00
528.46	918.00
528.72	920.00
528.98	910.00
529.24	924.00
529.51	924.00
529.77	905.00
530.03	915.00
530.29	920.00
530.55	908.00
530.82	924.00
531.08	925.00
531.34	907.00
531.60	913.00
531.86	949.00
532.13	928.00
532.39	889.00
532.65	900.00
532.91	913.00
533.17	908.00
533.44	902.00
533.70	914.00
533.96	921.00
534.22	922.00
534.48	912.00
534.75	903.00
535.01	912.00
535.27	918.00
535.53	914.00
535.79	909.00
536.05	889.00
536.32	900.00
536.58	909.00
536.84	901.00
537.10	908.00
537.36	924.00
537.63	908.00
537.89	910.00
538.15	919.00
538.41	908.00
538.67	914.00
538.93	902.00
539.20	915.00
539.46	936.00
539.72	927.00
539.98	920.00
540.24	928.00
540.50	938.00
540.77	926.00
541.03	948.00
541.29	954.00
541.55	1004.00
541.81	992.00
542.07	1004.00
542.34	1012.00
542.60	996.00
542.86	1000.00
543.12	1006.00
543.38	991.00
543.64	1015.00
543.91	989.00
544.17	1001.00
544.43	983.00
544.69	990.00
544.95	993.00
545.21	994.00
545.48	1002.00
545.74	1020.00
546.00	1039.00
546.26	1014.00
546.52	948.00
546.78	941.00
547.04	945.00
547.31	924.00
547.57	929.00
547.83	916.00
548.09	916.00
548.35	931.00
548.61	942.00
548.88	936.00
549.14	910.00
549.40	952.00
549.66	929.00
549.92	918.00
550.18	914.00
550.44	913.00
550.70	920.00
550.97	927.00
551.23	916.00
551.49	912.00
551.75	912.00
552.01	934.00
552.27	905.00
552.53	911.00
552.80	907.00
553.06	908.00
553.32	908.00
553.58	916.00
553.84	924.00
554.10	901.00
554.36	894.00
554.62	920.00
554.89	903.00
555.15	911.00
555.41	917.00
555.67	897.00
555.93	902.00
556.19	901.00
556.45	906.00
556.71	910.00
556.98	913.00
557.24	899.00
557.50	913.00
557.76	911.00
558.02	917.00
558.28	907.00
558.54	889.00
558.80	905.00
559.06	912.00
559.33	894.00
559.59	903.00
559.85	913.00
560.11	902.00
560.37	906.00
560.63	910.00
560.89	904.00
561.15	893.00
561.41	902.00
561.67	906.00
561.94	897.00
562.20	892.00
562.46	911.00
562.72	910.00
562.98	913.00
563.24	903.00
563.50	897.00
563.76	903.00
564.02	889.00
564.28	882.00
564.55	897.00
564.81	910.00
565.07	922.00
565.33	896.00
565.59	877.00
565.85	884.00
566.11	898.00
566.37	892.00
566.63	893.00
566.89	900.00
567.15	877.00
567.41	897.00
567.68	908.00
567.94	898.00
568.20	897.00
568.46	889.00
568.72	901.00
568.98	877.00
569.24	896.00
569.50	894.00
569.76	916.00
570.02	887.00
570.28	908.00
570.54	907.00
570.80	901.00
571.06	896.00
571.33	898.00
571.59	893.00
571.85	886.00
572.11	900.00
572.37	904.00
572.63	894.00
572.89	903.00
573.15	902.00
573.41	900.00
573.67	901.00
573.93	929.00
574.19	882.00
574.45	905.00
574.71	901.00
574.97	890.00
575.23	897.00
575.50	902.00
575.76	903.00
576.02	895.00
576.28	906.00
576.54	896.00
576.80	910.00
577.06	919.00
577.32	906.00
577.58	895.00
577.84	904.00
578.10	900.00
578.36	882.00
578.62	914.00
578.88	909.00
579.14	925.00
579.40	909.00
579.66	906.00
579.92	917.00
580.18	910.00
580.44	901.00
580.70	903.00
580.96	897.00
581.23	902.00
581.49	916.00
581.75	900.00
582.01	921.00
582.27	913.00
582.53	902.00
582.79	932.00
583.05	919.00
583.31	902.00
583.57	918.00
583.83	914.00
584.09	903.00
584.35	923.00
584.61	898.00
584.87	912.00
585.13	917.00
585.39	901.00
585.65	912.00
585.91	903.00
586.17	907.00
586.43	895.00
586.69	905.00
586.95	891.00
587.21	930.00
587.47	920.00
587.73	923.00
587.99	919.00
588.25	916.00
588.51	916.00
588.77	914.00
589.03	902.00
589.29	895.00
589.55	912.00
589.81	919.00
590.07	913.00
590.33	926.00
590.59	913.00
590.85	918.00
591.11	882.00
591.37	893.00
591.63	899.00
591.89	918.00
592.15	917.00
592.41	901.00
592.67	917.00
592.93	915.00
593.19	899.00
593.45	892.00
593.71	904.00
593.97	915.00
594.23	889.00
594.49	923.00
594.75	904.00
595.01	898.00
595.27	908.00
595.53	881.00
595.79	897.00
596.05	896.00
596.31	899.00
596.57	919.00
596.83	918.00
597.09	905.00
597.35	930.00
597.61	911.00
597.87	906.00
598.13	936.00
598.39	925.00
598.65	926.00
598.91	906.00
599.17	904.00
599.43	879.00
599.69	908.00
599.95	911.00
600.21	909.00
600.47	904.00
600.73	922.00
600.99	916.00
601.25	929.00
601.51	930.00
601.77	922.00
602.03	922.00
602.29	921.00
602.54	942.00
602.80	927.00
603.06	953.00
603.32	930.00
603.58	952.00
603.84	970.00
604.10	954.00
604.36	964.00
604.62	969.00
604.88	969.00
605.14	955.00
605.40	947.00
605.66	962.00
605.92	954.00
606.18	962.00
606.44	963.00
606.70	988.00
606.96	982.00
607.22	976.00
607.48	975.00
607.74	951.00
608.00	933.00
608.25	923.00
608.51	930.00
608.77	913.00
609.03	940.00
609.29	945.00
609.55	943.00
609.81	951.00
610.07	927.00
610.33	950.00
610.59	936.00
610.85	984.00
611.11	991.00
611.37	974.00
611.63	970.00
611.89	948.00
612.15	922.00
612.40	945.00
612.66	903.00
612.92	924.00
613.18	920.00
613.44	924.00
613.70	950.00
613.96	912.00
614.22	922.00
614.48	925.00
614.74	904.00
615.00	897.00
615.26	915.00
615.52	908.00
615.78	913.00
616.03	932.00
616.29	919.00
616.55	911.00
616.81	922.00
617.07	900.00
617.33	934.00
617.59	925.00
617.85	904.00
618.11	915.00
618.37	920.00
618.63	923.00
618.88	920.00
619.14	915.00
619.40	901.00
619.66	917.00
619.92	900.00
620.18	914.00
620.44	912.00
620.70	907.00
620.96	904.00
621.22	931.00
621.48	911.00
621.73	918.00
621.99	909.00
622.25	916.00
622.51	898.00
622.77	905.00
623.03	895.00
623.29	917.00
623.55	926.00
623.81	901.00
624.06	927.00
624.32	901.00
624.58	921.00
624.84	916.00
625.10	897.00
625.36	915.00
625.62	896.00
625.88	925.00
626.14	930.00
626.39	913.00
626.65	926.00
626.91	910.00
627.17	929.00
627.43	940.00
627.69	908.00
627.95	921.00
628.21	905.00
628.47	901.00
628.72	900.00
628.98	930.00
629.24	914.00
629.50	902.00
629.76	879.00
630.02	890.00
630.28	901.00
630.54	918.00
630.79	906.00
631.05	912.00
631.31	910.00
631.57	908.00
631.83	896.00
632.09	896.00
632.35	886.00
632.60	907.00
632.86	898.00
633.12	899.00
633.38	924.00
633.64	907.00
633.90	913.00
634.16	910.00
634.41	894.00
634.67	906.00
634.93	894.00
635.19	890.00
635.45	913.00
635.71	921.00
635.97	920.00
636.22	913.00
636.48	909.00
636.74	906.00
637.00	905.00
637.26	916.00
637.52	917.00
637.78	915.00
638.03	914.00
638.29	930.00
638.55	961.00
638.81	957.00
639.07	972.00
639.33	995.00
639.58	966.00
639.84	953.00
640.10	940.00
640.36	935.00
640.62	924.00
640.88	898.00
641.13	910.00
641.39	899.00
641.65	906.00
641.91	905.00
642.17	886.00
642.43	905.00
642.68	915.00
642.94	923.00
643.20	925.00
643.46	909.00
643.72	932.00
643.98	905.00
644.23	911.00
644.49	907.00
644.75	925.00
645.01	906.00
645.27	901.00
645.53	897.00
645.78	909.00
646.04	892.00
646.30	896.00
646.56	891.00
646.82	889.00
647.07	908.00
647.33	890.00
647.59	892.00
647.85	918.00
648.11	893.00
648.36	888.00
648.62	898.00
648.88	906.00
649.14	911.00
649.40	916.00
649.66	899.00
649.91	901.00
650.17	897.00
650.43	901.00
650.69	916.00
650.95	911.00
651.20	897.00
651.46	888.00
651.72	901.00
651.98	910.00
652.24	894.00
652.49	892.00
652.75	913.00
653.01	899.00
653.27	912.00
653.53	906.00
653.78	912.00
654.04	904.00
654.30	890.00
654.56	891.00
654.81	909.00
655.07	903.00
655.33	912.00
655.59	910.00
655.85	913.00
656.10	897.00
656.36	896.00
656.62	903.00
656.88	898.00
657.14	897.00
657.39	900.00
657.65	895.00
657.91	894.00
658.17	885.00
658.42	910.00
658.68	887.00
658.94	897.00
659.20	910.00
659.46	877.00
659.71	899.00
659.97	901.00
660.23	887.00
660.49	920.00
660.74	890.00
661.00	914.00
661.26	909.00
661.52	904.00
661.77	910.00
662.03	903.00
662.29	915.00
662.55	915.00
662.81	897.00
663.06	922.00
663.32	919.00
663.58	898.00
663.84	922.00
664.09	909.00
664.35	908.00
664.61	896.00
664.87	900.00
665.12	901.00
665.38	901.00
665.64	894.00
665.90	901.00
666.15	892.00
666.41	889.00
666.67	902.00
666.93	894.00
667.18	891.00
667.44	924.00
667.70	900.00
667.96	891.00
668.21	919.00
668.47	913.00
668.73	888.00
668.99	907.00
669.24	906.00
669.50	902.00
669.76	904.00
670.01	911.00
670.27	917.00
670.53	900.00
670.79	894.00
671.04	891.00
671.30	910.00
671.56	902.00
671.82	921.00
672.07	902.00
672.33	904.00
672.59	911.00
672.85	910.00
673.10	890.00
673.36	904.00
673.62	903.00
673.87	894.00
674.13	893.00
674.39	909.00
674.65	906.00
674.90	910.00
675.16	906.00
675.42	897.00
675.67	886.00
675.93	905.00
676.19	908.00
676.45	918.00
676.70	914.00
676.96	895.00
677.22	905.00
677.48	902.00
677.73	908.00
677.99	902.00
678.25	913.00
678.50	906.00
678.76	894.00
679.02	904.00
679.27	900.00
679.53	931.00
679.79	891.00
680.05	890.00
680.30	900.00
680.56	890.00
680.82	910.00
681.07	902.00
681.33	882.00
681.59	899.00
681.84	902.00
682.10	891.00
682.36	914.00
682.62	911.00
682.87	904.00
683.13	898.00
683.39	899.00
683.64	903.00
683.90	916.00
684.16	904.00
684.41	904.00
684.67	903.00
684.93	906.00
685.18	892.00
685.44	899.00
685.70	896.00
685.96	909.00
686.21	890.00
686.47	889.00
686.73	902.00
686.98	894.00
687.24	896.00
687.50	909.00
687.75	923.00
688.01	911.00
688.27	905.00
688.52	902.00
688.78	906.00
689.04	901.00
689.29	905.00
689.55	904.00
689.81	899.00
690.06	910.00
690.32	891.00
690.58	908.00
690.83	921.00
691.09	917.00
691.35	916.00
691.60	898.00
691.86	914.00
692.12	897.00
692.37	918.00
692.63	908.00
692.89	909.00
693.14	915.00
693.40	907.00
693.66	909.00
693.91	914.00
694.17	917.00
694.43	908.00
694.68	896.00
694.94	887.00
695.20	916.00
695.45	916.00
695.71	907.00
695.97	911.00
696.22	903.00
696.48	905.00
696.73	901.00
696.99	907.00
697.25	925.00
697.50	919.00
697.76	901.00
698.02	905.00
698.27	907.00
698.53	910.00
698.79	898.00
699.04	902.00
699.30	895.00
699.56	913.00
699.81	897.00
700.07	913.00
700.32	919.00
700.58	893.00
700.84	910.00
701.09	906.00
701.35	901.00
701.61	898.00
701.86	899.00
702.12	904.00
702.37	890.00
702.63	915.00
702.89	881.00
703.14	902.00
703.40	893.00
703.66	897.00
703.91	890.00
704.17	885.00
704.42	884.00
704.68	888.00
704.94	876.00
705.19	892.00
705.45	899.00
705.71	896.00
705.96	905.00
706.22	918.00
706.47	899.00
706.73	904.00
706.99	899.00
707.24	899.00
707.50	897.00
707.75	905.00
708.01	909.00
708.27	924.00
708.52	899.00
708.78	893.00
709.04	903.00
709.29	885.00
709.55	877.00
709.80	898.00
710.06	899.00
710.32	906.00
710.57	890.00
710.83	916.00
711.08	900.00
711.34	883.00
711.60	900.00
711.85	887.00
712.11	872.00
712.36	891.00
712.62	884.00
712.88	914.00
713.13	904.00
713.39	886.00
713.64	902.00
713.90	914.00
714.15	899.00
714.41	901.00
714.67	886.00
714.92	892.00
715.18	900.00
715.43	893.00
715.69	896.00
715.95	902.00
716.20	904.00
716.46	901.00
716.71	889.00
716.97	901.00
717.22	913.00
717.48	909.00
717.74	902.00
717.99	910.00
718.25	913.00
718.50	906.00
718.76	901.00
719.01	893.00
719.27	892.00
719.53	902.00
719.78	912.00
720.04	900.00
720.29	914.00
720.55	900.00
720.80	918.00
721.06	918.00
721.32	891.00
721.57	888.00
721.83	881.00
722.08	886.00
722.34	897.00
722.59	886.00
722.85	874.00
723.11	898.00
723.36	893.00
723.62	885.00
723.87	880.00
724.13	900.00
724.38	910.00
724.64	891.00
724.89	888.00
725.15	899.00
725.40	899.00
725.66	903.00
725.92	884.00
726.17	891.00
726.43	892.00
726.68	888.00
726.94	889.00
727.19	920.00
727.45	903.00
727.70	914.00
727.96	893.00
728.21	899.00
728.47	900.00
728.73	893.00
728.98	891.00
729.24	912.00
729.49	902.00
729.75	889.00
730.00	884.00
730.26	897.00
730.51	887.00
730.77	891.00
731.02	912.00
731.28	904.00
731.53	891.00
731.79	889.00
732.04	896.00
732.30	909.00
732.56	893.00
732.81	911.00
733.07	916.00
733.32	903.00
733.58	917.00
733.83	881.00
734.09	901.00
734.34	923.00
734.60	904.00
734.85	888.00
735.11	894.00
735.36	906.00
735.62	896.00
735.87	906.00
736.13	909.00
736.38	879.00
736.64	871.00
736.89	899.00
737.15	900.00
737.40	899.00
737.66	904.00
737.91	892.00
738.17	889.00
738.42	896.00
738.68	876.00
738.93	898.00
739.19	906.00
739.44	908.00
739.70	898.00
739.95	890.00
740.21	891.00
740.46	889.00
740.72	888.00
740.97	911.00
741.23	911.00
741.48	889.00
741.74	883.00
741.99	905.00
742.25	885.00
742.50	883.00
742.76	883.00
743.01	895.00
743.27	906.00
743.52	887.00
743.78	897.00
744.03	907.00
744.29	898.00
744.54	902.00
744.80	881.00
745.05	887.00
745.31	918.00
745.56	901.00
745.82	895.00
746.07	904.00
746.33	884.00
746.58	907.00
746.84	907.00
747.09	879.00
747.35	898.00
747.60	899.00
747.86	909.00
748.11	893.00
748.36	894.00
748.62	903.00
748.87	887.00
749.13	906.00
749.38	890.00
749.64	898.00
749.89	901.00
750.15	904.00
750.40	888.00
750.66	886.00
750.91	894.00
751.17	896.00
751.42	898.00
751.68	886.00
751.93	904.00
752.18	884.00
752.44	906.00
752.69	893.00
752.95	899.00
753.20	891.00
753.46	891.00
753.71	901.00
753.97	900.00
754.22	896.00
754.48	910.00
754.73	914.00
754.98	906.00
755.24	885.00
755.49	878.00
755.75	881.00
756.00	892.00
756.26	908.00
756.51	906.00
756.77	891.00
757.02	897.00
757.27	893.00
757.53	887.00
757.78	913.00
758.04	917.00
758.29	894.00
758.55	898.00
758.80	894.00
759.05	888.00
759.31	885.00
759.56	891.00
759.82	882.00
760.07	883.00
760.33	890.00
760.58	884.00
760.84	890.00
761.09	888.00
761.34	880.00
761.60	889.00
761.85	893.00
762.11	890.00
762.36	907.00
762.62	903.00
762.87	903.00
763.12	902.00
763.38	909.00
763.63	900.00
763.89	886.00
764.14	886.00
764.39	897.00
764.65	900.00
764.90	888.00
765.16	884.00
765.41	891.00
765.67	893.00
765.92	905.00
766.17	896.00
766.43	887.00
766.68	884.00
766.94	902.00
767.19	891.00
767.44	894.00
767.70	909.00
767.95	888.00
768.21	904.00
768.46	888.00
768.71	893.00
768.97	894.00
769.22	886.00
769.48	904.00
769.73	909.00
769.98	882.00
770.24	889.00
770.49	904.00
770.75	897.00
771.00	896.00
771.25	912.00
771.51	897.00
771.76	902.00
772.02	911.00
772.27	886.00
772.52	896.00
772.78	901.00
773.03	905.00
773.29	892.00
773.54	900.00
773.79	900.00
774.05	911.00
774.30	896.00
774.55	912.00
774.81	898.00
775.06	918.00
775.32	889.00
775.57	912.00
775.82	899.00
776.08	888.00
776.33	873.00
776.58	893.00
776.84	918.00
777.09	912.00
777.35	885.00
777.60	885.00
777.85	887.00
778.11	884.00
778.36	890.00
778.61	879.00
778.87	912.00
779.12	892.00
779.38	910.00
779.63	893.00
779.88	881.00
780.14	892.00
780.39	893.00
780.64	886.00
780.90	906.00
781.15	897.00
781.40	891.00
781.66	891.00
781.91	900.00
782.17	895.00
782.42	893.00
782.67	901.00
782.93	891.00
783.18	872.00
783.43	915.00
783.69	895.00
783.94	881.00
784.19	900.00
784.45	906.00
784.70	896.00
784.95	901.00
785.21	902.00
785.46	882.00
785.71	882.00
785.97	892.00
786.22	893.00
786.47	884.00
786.73	901.00
786.98	911.00
787.23	891.00
787.49	899.00
787.74	896.00
787.99	885.00
788.25	905.00
788.50	901.00
788.75	886.00
789.01	896.00
789.26	893.00
789.51	886.00
789.77	895.00
790.02	898.00
790.27	898.00
790.53	911.00
790.78	898.00
791.03	913.00
791.29	915.00
791.54	893.00
791.79	890.00
792.05	899.00
792.30	899.00
792.55	899.00
792.81	905.00
793.06	909.00
793.31	884.00
793.57	896.00
793.82	892.00
794.07	894.00
794.33	897.00
794.58	892.00
794.83	884.00
795.09	891.00
795.34	900.00
795.59	891.00
795.84	890.00
796.10	899.00
796.35	889.00
796.60	901.00
796.86	894.00
797.11	903.00
797.36	906.00
797.62	899.00
797.87	896.00
798.12	899.00
798.38	892.00
798.63	919.00
798.88	901.00
799.13	903.00
799.39	902.00
799.64	896.00
799.89	890.00
800.15	893.00
800.40	921.00
800.65	887.00
800.90	900.00
801.16	888.00
801.41	902.00
801.66	890.00
801.92	897.00
802.17	886.00
802.42	913.00
802.68	908.00
802.93	893.00
803.18	907.00
803.43	893.00
803.69	897.00
803.94	899.00
804.19	900.00
804.44	907.00
804.70	898.00
804.95	899.00
805.20	908.00
805.46	869.00
805.71	900.00
805.96	874.00
806.21	899.00
806.47	889.00
806.72	905.00
806.97	901.00
807.23	892.00
807.48	896.00
807.73	904.00
807.98	876.00
808.24	888.00
808.49	897.00
808.74	904.00
808.99	899.00
809.25	886.00
809.50	880.00
809.75	879.00
810.00	876.00
810.26	890.00
810.51	903.00
810.76	896.00
811.01	898.00
811.27	903.00
811.52	893.00
811.77	878.00
812.02	893.00
812.28	906.00
812.53	881.00
812.78	908.00
813.03	909.00
813.29	895.00
813.54	903.00
813.79	884.00
814.04	896.00
814.30	915.00
814.55	896.00
814.80	891.00
815.05	872.00
815.31	891.00
815.56	895.00
815.81	896.00
816.06	907.00
816.32	909.00
816.57	895.00
816.82	899.00
817.07	886.00
817.33	881.00
817.58	897.00
817.83	896.00
818.08	898.00
818.34	896.00
818.59	902.00
818.84	913.00
819.09	885.00
819.34	892.00
819.60	895.00
819.85	909.00
820.10	892.00
820.35	889.00
820.61	894.00
820.86	885.00
821.11	890.00
821.36	889.00
821.62	889.00
821.87	888.00
822.12	890.00
822.37	907.00
822.62	920.00
822.88	893.00
823.13	880.00
823.38	867.00
823.63	890.00
823.88	890.00
824.14	907.00
824.39	887.00
824.64	902.00
824.89	889.00
825.15	913.00
825.40	892.00
825.65	898.00
825.90	885.00
826.15	916.00
826.41	885.00
826.66	896.00
826.91	913.00
827.16	912.00
827.41	910.00
827.67	894.00
827.92	872.00
828.17	906.00
828.42	886.00
828.67	900.00
828.93	882.00
829.18	894.00
829.43	912.00
829.68	895.00
829.93	906.00
830.19	909.00
830.44	897.00
830.69	900.00
830.94	888.00
831.19	891.00
831.44	889.00
831.70	904.00
831.95	904.00
832.20	899.00
832.45	912.00
832.70	902.00
832.96	890.00
833.21	896.00
833.46	900.00
833.71	888.00
833.96	894.00
834.21	902.00
834.47	896.00
834.72	892.00
834.97	892.00
835.22	893.00
835.47	893.00
835.73	883.00
835.98	905.00
836.23	898.00
836.48	888.00
836.73	882.00
836.98	888.00
837.24	892.00
837.49	888.00
837.74	883.00
837.99	892.00
838.24	897.00
838.49	894.00
838.75	881.00
839.00	905.00
839.25	905.00
839.50	902.00
839.75	885.00
840.00	888.00
840.25	885.00
840.51	887.00
840.76	884.00
841.01	878.00
841.26	902.00
841.51	898.00
841.76	885.00
842.02	907.00
842.27	905.00
842.52	916.00
842.77	887.00
843.02	873.00
843.27	885.00
843.52	894.00
843.78	887.00
844.03	883.00
844.28	908.00
844.53	900.00
844.78	888.00
845.03	890.00
845.28	893.00
845.54	880.00
845.79	899.00
846.04	900.00
846.29	906.00
846.54	892.00
846.79	882.00
847.04	910.00
847.30	885.00
847.55	875.00
847.80	905.00
848.05	897.00
848.30	900.00
848.55	896.00
848.80	885.00
849.05	872.00
849.31	907.00
849.56	889.00
849.81	896.00
850.06	908.00
850.31	875.00
850.56	873.00
850.81	905.00
851.06	910.00
851.32	879.00
851.57	905.00
851.82	883.00
852.07	904.00
852.32	908.00
852.57	906.00
852.82	906.00
853.07	909.00
853.32	910.00
853.58	906.00
853.83	885.00
854.08	886.00
854.33	888.00
854.58	900.00
854.83	895.00
855.08	908.00
855.33	885.00
855.58	889.00
855.83	904.00
856.09	894.00
856.34	907.00
856.59	909.00
856.84	894.00
857.09	914.00
857.34	901.00
857.59	891.00
857.84	882.00
858.09	878.00
858.34	898.00
858.60	912.00
858.85	903.00
859.10	888.00
859.35	901.00
859.60	878.00
859.85	897.00
860.10	882.00
860.35	901.00
860.60	894.00
860.85	881.00
861.10	884.00
861.36	901.00
861.61	895.00
861.86	902.00
862.11	892.00
862.36	898.00
862.61	893.00
862.86	891.00
863.11	905.00
863.36	892.00
863.61	877.00
863.86	916.00
864.11	885.00
864.36	906.00
864.62	898.00
864.87	894.00
865.12	873.00
865.37	882.00
865.62	882.00
865.87	898.00
866.12	895.00
866.37	912.00
866.62	894.00
866.87	896.00
867.12	901.00
867.37	909.00
867.62	878.00
867.87	909.00
868.12	888.00
868.38	902.00
868.63	892.00
868.88	892.00
869.13	893.00
869.38	896.00
869.63	884.00
869.88	905.00
870.13	884.00
870.38	893.00
870.63	907.00
870.88	892.00
871.13	911.00
871.38	916.00
871.63	901.00
871.88	885.00
872.13	914.00
872.38	892.00
872.63	892.00
872.88	880.00
873.14	873.00
873.39	890.00
873.64	902.00
873.89	901.00
874.14	912.00
874.39	897.00
874.64	884.00
874.89	883.00
875.14	897.00
875.39	885.00
875.64	905.00
875.89	908.00
876.14	890.00
876.39	895.00
876.64	899.00
876.89	899.00
877.14	878.00
877.39	903.00
877.64	888.00
877.89	905.00
878.14	884.00
878.39	876.00
878.64	881.00
878.89	884.00
879.14	923.00
879.39	900.00
879.64	889.00
879.89	906.00
880.14	889.00
880.39	890.00
880.64	903.00
880.89	901.00
881.14	876.00
881.39	882.00
881.64	888.00
881.89	891.00
882.14	875.00
882.40	896.00
882.65	903.00
882.90	892.00
883.15	895.00
883.40	899.00
883.65	901.00
883.90	900.00
884.15	881.00
884.40	894.00
884.65	876.00
884.90	881.00
885.15	885.00
885.40	920.00
885.65	893.00
885.90	895.00
886.15	899.00
886.40	893.00
886.65	907.00
886.90	891.00
887.15	910.00
887.40	908.00
887.65	908.00
887.90	887.00
888.15	885.00
888.40	896.00
888.64	875.00
888.89	896.00
889.14	894.00
889.39	892.00
889.64	906.00
889.89	897.00
890.14	890.00
890.39	906.00
890.64	884.00
890.89	889.00
891.14	884.00
891.39	900.00
891.64	902.00
891.89	897.00
892.14	907.00
892.39	886.00
892.64	878.00
892.89	904.00
893.14	903.00
893.39	893.00
893.64	904.00
893.89	882.00
894.14	881.00
894.39	892.00
894.64	879.00
894.89	892.00
895.14	890.00
895.39	914.00
895.64	906.00
895.89	889.00
896.14	896.00
896.39	906.00
896.64	899.00
896.89	882.00
897.14	886.00
897.39	892.00
897.64	907.00
897.88	903.00
898.13	893.00
898.38	878.00
898.63	888.00
898.88	886.00
899.13	892.00
899.38	883.00
899.63	889.00
899.88	875.00
900.13	897.00
900.38	899.00
900.63	906.00
900.88	884.00
901.13	892.00
901.38	894.00
901.63	906.00
901.88	880.00
902.13	894.00
902.38	925.00
902.63	907.00
902.87	900.00
903.12	906.00
903.37	881.00
903.62	890.00
903.87	898.00
904.12	890.00
904.37	895.00
904.62	877.00
904.87	886.00
905.12	895.00
905.37	903.00
905.62	886.00
905.87	887.00
906.12	902.00
906.37	882.00
906.61	882.00
906.86	887.00
907.11	892.00
907.36	891.00
907.61	899.00
907.86	901.00
908.11	900.00
908.36	897.00
908.61	892.00
908.86	910.00
909.11	910.00
909.36	901.00
909.61	893.00
909.85	892.00
910.10	904.00
910.35	897.00
910.60	898.00
910.85	886.00
911.10	901.00
911.35	884.00
911.60	893.00
911.85	900.00
912.10	890.00
912.35	905.00
912.59	891.00
912.84	882.00
913.09	914.00
913.34	906.00
913.59	893.00
913.84	904.00
914.09	897.00
914.34	900.00
914.59	890.00
914.84	882.00
915.08	905.00
915.33	909.00
915.58	905.00
915.83	900.00
916.08	904.00
916.33	892.00
916.58	884.00
916.83	895.00
917.08	925.00
917.32	905.00
917.57	885.00
917.82	911.00
918.07	890.00
918.32	919.00
918.57	902.00
918.82	911.00
919.07	875.00
919.32	883.00
919.56	884.00
919.81	894.00
920.06	891.00
920.31	900.00
920.56	892.00
920.81	890.00
921.06	890.00
921.31	904.00
921.55	902.00
921.80	907.00
922.05	882.00
922.30	876.00
922.55	891.00
922.80	898.00
923.05	895.00
923.30	882.00
923.54	885.00
923.79	912.00
924.04	900.00
924.29	878.00
924.54	892.00
924.79	896.00
925.04	882.00
925.28	881.00
925.53	868.00
925.78	889.00
926.03	891.00
926.28	905.00
926.53	890.00
926.78	896.00
927.03	901.00
927.27	909.00
927.52	886.00
927.77	897.00
928.02	869.00
928.27	894.00
928.52	896.00
928.76	897.00
929.01	903.00
929.26	903.00
929.51	884.00
929.76	896.00
930.01	899.00
930.26	889.00
930.50	886.00
930.75	891.00
931.00	883.00
931.25	893.00
931.50	903.00
931.75	886.00
931.99	883.00
932.24	897.00
932.49	884.00
932.74	897.00
932.99	880.00
933.24	892.00
933.48	893.00
933.73	906.00
933.98	884.00
934.23	905.00
934.48	888.00
934.73	891.00
934.97	893.00
935.22	884.00
935.47	887.00
935.72	880.00
935.97	902.00
936.22	904.00
936.46	884.00
936.71	892.00
936.96	886.00
937.21	873.00
937.46	885.00
937.70	888.00
937.95	898.00
938.20	898.00
938.45	908.00
938.70	923.00
938.95	897.00
939.19	894.00
939.44	894.00
939.69	888.00
939.94	881.00
940.19	892.00
940.43	882.00
940.68	895.00
940.93	894.00
941.18	885.00
941.43	871.00
941.67	875.00
941.92	888.00
942.17	901.00
942.42	892.00
942.67	887.00
942.91	868.00
943.16	886.00
943.41	888.00
943.66	902.00
943.91	900.00
944.15	901.00
944.40	901.00
944.65	910.00
944.90	885.00
945.15	883.00
945.39	898.00
945.64	880.00
945.89	897.00
946.14	896.00
946.39	884.00
946.63	881.00
946.88	894.00
947.13	875.00
947.38	889.00
947.62	907.00
947.87	889.00
948.12	887.00
948.37	881.00
948.62	882.00
948.86	888.00
949.11	888.00
949.36	904.00
949.61	900.00
949.86	896.00
950.10	904.00
950.35	898.00
950.60	886.00
950.85	875.00
951.09	882.00
951.34	901.00
951.59	898.00
951.84	902.00
952.08	890.00
952.33	905.00
952.58	897.00
952.83	901.00
953.08	913.00
953.32	893.00
953.57	897.00
953.82	875.00
954.07	881.00
954.31	880.00
954.56	897.00
954.81	901.00
955.06	889.00
955.30	902.00
955.55	897.00
955.80	887.00
956.05	898.00
956.29	893.00
956.54	901.00
956.79	892.00
957.04	901.00
957.28	894.00
957.53	913.00
957.78	888.00
958.03	894.00
958.27	892.00
958.52	886.00
958.77	894.00
959.02	885.00
959.26	888.00
959.51	896.00
959.76	890.00
960.01	897.00
960.25	896.00
960.50	884.00
960.75	876.00
961.00	913.00
961.24	886.00
961.49	900.00
961.74	883.00
961.98	886.00
962.23	902.00
962.48	902.00
962.73	859.00
962.97	887.00
963.22	900.00
963.47	882.00
963.72	904.00
963.96	889.00
964.21	881.00
964.46	898.00
964.70	886.00
964.95	884.00
965.20	885.00
965.45	901.00
965.69	905.00
965.94	886.00
966.19	901.00
966.44	890.00
966.68	887.00
966.93	902.00
967.18	907.00
967.42	896.00
967.67	905.00
967.92	912.00
968.17	876.00
968.41	875.00
968.66	912.00
968.91	891.00
969.15	890.00
969.40	905.00
969.65	887.00
969.89	894.00
970.14	896.00
970.39	884.00
970.64	883.00
970.88	891.00
971.13	890.00
971.38	901.00
971.62	891.00
971.87	879.00
972.12	885.00
972.36	897.00
972.61	901.00
972.86	912.00
973.11	876.00
973.35	892.00
973.60	898.00
973.85	890.00
974.09	889.00
974.34	897.00
974.59	893.00
974.83	894.00
975.08	894.00
975.33	870.00
975.57	891.00
975.82	897.00
976.07	886.00
976.32	900.00
976.56	907.00
976.81	896.00
977.06	884.00
977.30	895.00
977.55	894.00
977.80	881.00
978.04	888.00
978.29	899.00
978.54	884.00
978.78	867.00
979.03	873.00
979.28	893.00
979.52	896.00
979.77	875.00
980.02	875.00
980.26	897.00
980.51	885.00
980.76	884.00
981.00	891.00
981.25	886.00
981.50	878.00
981.74	904.00
981.99	891.00
982.24	890.00
982.48	908.00
982.73	890.00
982.98	885.00
983.22	891.00
983.47	885.00
983.72	868.00
983.96	880.00
984.21	886.00
984.46	895.00
984.70	887.00
984.95	893.00
985.20	883.00
985.44	884.00
985.69	895.00
985.93	892.00
986.18	877.00
986.43	869.00
986.67	880.00
986.92	910.00
987.17	904.00
987.41	894.00
987.66	893.00
987.91	891.00
988.15	900.00
988.40	880.00
988.65	875.00
988.89	908.00
989.14	886.00
989.38	898.00
989.63	903.00
989.88	883.00
990.12	888.00
990.37	890.00
990.62	885.00
990.86	881.00
991.11	891.00
991.36	886.00
991.60	903.00
991.85	897.00
992.09	883.00
992.34	890.00
992.59	888.00
992.83	886.00
993.08	904.00
993.33	898.00
993.57	907.00
993.82	881.00
994.06	893.00
994.31	882.00
994.56	895.00
994.80	899.00
995.05	907.00
995.29	884.00
995.54	898.00
995.79	900.00
996.03	879.00
996.28	891.00
996.53	889.00
996.77	899.00
997.02	881.00
997.26	881.00
997.51	906.00
997.76	896.00
998.00	888.00
998.25	900.00
998.49	891.00
998.74	885.00
998.99	871.00
999.23	892.00
999.48	884.00
999.72	880.00
999.97	872.00
1000.22	884.00
1000.46	894.00
1000.71	874.00
1000.95	893.00
1001.20	900.00
1001.45	898.00
1001.69	892.00
1001.94	893.00
1002.18	893.00
1002.43	890.00
1002.68	897.00
1002.92	887.00
1003.17	890.00
1003.41	891.00
1003.66	880.00
1003.90	901.00
1004.15	916.00
1004.40	876.00
1004.64	900.00
1004.89	890.00
1005.13	912.00
1005.38	896.00
1005.63	876.00
1005.87	873.00
1006.12	878.00
1006.36	885.00
1006.61	885.00
1006.85	885.00
1007.10	890.00
1007.35	880.00
1007.59	898.00
1007.84	891.00
1008.08	879.00
1008.33	892.00
1008.57	887.00
1008.82	893.00
1009.07	912.00
1009.31	884.00
1009.56	882.00
1009.80	889.00
1010.05	892.00
1010.29	901.00
1010.54	909.00
1010.79	915.00
1011.03	912.00
1011.28	908.00
1011.52	900.00
1011.77	891.00
1012.01	886.00
1012.26	887.00
1012.50	881.00
1012.75	891.00
1013.00	886.00
1013.24	889.00
1013.49	898.00
1013.73	903.00
1013.98	892.00
1014.22	889.00
1014.47	873.00
1014.71	901.00
1014.96	897.00
1015.21	881.00
1015.45	897.00
1015.70	893.00
1015.94	899.00
1016.19	888.00
1016.43	887.00
1016.68	908.00
1016.92	891.00
1017.17	886.00
1017.41	880.00
1017.66	884.00
1017.90	886.00
1018.15	884.00
1018.40	888.00
1018.64	892.00
1018.89	880.00
1019.13	897.00
1019.38	887.00
1019.62	900.00
1019.87	892.00
1020.11	886.00
1020.36	907.00
1020.60	873.00
1020.85	870.00
1021.09	900.00
1021.34	897.00
1021.58	865.00
1021.83	876.00
1022.07	896.00
1022.32	894.00
1022.56	892.00
1022.81	892.00
1023.06	882.00
1023.30	872.00
1023.55	892.00
1023.79	896.00
1024.04	889.00
1024.28	902.00
1024.53	888.00
1024.77	867.00
1025.02	893.00
1025.26	885.00
1025.51	884.00
1025.75	899.00
1026.00	915.00
1026.24	892.00
1026.49	884.00
1026.73	893.00
1026.98	897.00
1027.22	881.00
1027.47	910.00
1027.71	897.00
1027.96	880.00
1028.20	890.00
1028.45	893.00
1028.69	884.00
1028.94	901.00
1029.18	917.00
1029.43	898.00
1029.67	882.00
1029.92	884.00
1030.16	862.00
1030.41	878.00
1030.65	875.00
1030.90	902.00
1031.14	892.00
1031.39	897.00
1031.63	889.00
1031.88	898.00
1032.12	889.00
1032.37	900.00
1032.61	888.00
1032.86	885.00
1033.10	875.00
1033.34	901.00
1033.59	888.00
1033.83	877.00
1034.08	866.00
1034.32	900.00
1034.57	874.00
1034.81	904.00
1035.06	905.00
1035.30	889.00
1035.55	877.00
1035.79	902.00
1036.04	906.00
1036.28	889.00
1036.53	874.00
1036.77	882.00
1037.02	880.00
1037.26	880.00
1037.51	890.00
1037.75	906.00
1037.99	894.00
1038.24	884.00
1038.48	887.00
1038.73	886.00
1038.97	884.00
1039.22	898.00
1039.46	910.00
1039.71	886.00
1039.95	894.00
1040.20	900.00
1040.44	914.00
1040.69	900.00
1040.93	884.00
1041.17	888.00
1041.42	886.00
1041.66	905.00
1041.91	872.00
1042.15	897.00
1042.40	890.00
1042.64	890.00
1042.89	896.00
1043.13	901.00
1043.37	914.00
1043.62	902.00
1043.86	897.00
1044.11	904.00
1044.35	902.00
1044.60	993.00
1044.84	1010.00
1045.09	995.00
1045.33	942.00
1045.57	920.00
1045.82	914.00
1046.06	896.00
1046.31	897.00
1046.55	884.00
1046.80	884.00
1047.04	898.00
1047.28	890.00
1047.53	890.00
1047.77	887.00
1048.02	901.00
1048.26	906.00
1048.51	892.00
1048.75	886.00
1048.99	905.00
1049.24	883.00
1049.48	882.00
1049.73	890.00
1049.97	906.00
1050.22	903.00
1050.46	896.00
1050.70	866.00
1050.95	906.00
1051.19	903.00
1051.44	902.00
1051.68	901.00
1051.93	887.00
1052.17	878.00
1052.41	887.00
1052.66	897.00
1052.90	882.00
1053.15	907.00
1053.39	891.00
1053.63	913.00
1053.88	907.00
1054.12	882.00
1054.37	889.00
1054.61	885.00
1054.85	894.00
1055.10	907.00
1055.34	885.00
1055.59	896.00
1055.83	889.00
1056.07	895.00
1056.32	912.00
1056.56	881.00
1056.81	875.00
1057.05	877.00
1057.29	891.00
1057.54	894.00
1057.78	898.00
1058.03	887.00
1058.27	906.00
1058.51	885.00
1058.76	884.00
1059.00	884.00
1059.25	890.00
1059.49	891.00
1059.73	915.00
1059.98	886.00
1060.22	887.00
1060.47	899.00
1060.71	885.00
1060.95	900.00
1061.20	901.00
1061.44	873.00
1061.68	890.00
1061.93	891.00
1062.17	893.00
1062.42	882.00
1062.66	876.00
1062.90	911.00
1063.15	892.00
1063.39	910.00
1063.63	880.00
1063.88	899.00
1064.12	891.00
1064.37	894.00
1064.61	872.00
1064.85	888.00
1065.10	911.00
1065.34	902.00
1065.58	890.00
1065.83	900.00
1066.07	890.00
1066.32	894.00
1066.56	883.00
1066.80	898.00
1067.05	899.00
1067.29	890.00
1067.53	890.00
1067.78	883.00
1068.02	894.00
1068.26	896.00
1068.51	890.00
1068.75	868.00
1068.99	880.00
1069.24	901.00
1069.48	877.00
1069.73	887.00
1069.97	923.00
1070.21	908.00
1070.46	899.00
1070.70	894.00
1070.94	900.00
1071.19	900.00
1071.43	885.00
1071.67	901.00
1071.92	874.00
1072.16	886.00
1072.40	911.00
1072.65	896.00
1072.89	910.00
1073.13	894.00
1073.38	886.00
1073.62	921.00
1073.86	902.00
1074.11	895.00
1074.35	889.00
1074.59	878.00
1074.84	902.00
1075.08	909.00
1075.32	883.00
1075.57	877.00
1075.81	894.00
1076.05	881.00
1076.30	905.00
1076.54	902.00
1076.78	889.00
1077.03	884.00
1077.27	897.00
1077.51	893.00
1077.76	874.00
1078.00	892.00
1078.24	887.00
1078.49	883.00
1078.73	888.00
1078.97	899.00
1079.22	911.00
1079.46	898.00
1079.70	902.00
1079.95	914.00
1080.19	885.00
1080.43	889.00
1080.67	887.00
1080.92	908.00
1081.16	899.00
1081.40	888.00
1081.65	876.00
1081.89	901.00
1082.13	902.00
1082.38	909.00
1082.62	903.00
1082.86	886.00
1083.11	918.00
1083.35	888.00
1083.59	887.00
1083.83	904.00
1084.08	891.00
1084.32	898.00
1084.56	901.00
1084.81	882.00
1085.05	888.00
1085.29	896.00
1085.54	895.00
1085.78	905.00
1086.02	893.00
1086.26	898.00
1086.51	901.00
1086.75	878.00
1086.99	876.00
1087.24	878.00
1087.48	892.00
1087.72	898.00
1087.96	907.00
1088.21	892.00
1088.45	892.00
1088.69	900.00
1088.94	877.00
1089.18	888.00
1089.42	882.00
1089.66	887.00
1089.91	897.00
1090.15	890.00
1090.39	913.00
1090.64	884.00
1090.88	894.00
1091.12	881.00
1091.36	886.00
1091.61	896.00
1091.85	893.00
1092.09	901.00
1092.33	873.00
1092.58	887.00
1092.82	902.00
1093.06	900.00
1093.31	886.00
1093.55	919.00
1093.79	897.00
1094.03	887.00
1094.28	905.00
1094.52	888.00
1094.76	894.00
1095.00	901.00
1095.25	897.00
1095.49	884.00
1095.73	907.00
1095.97	899.00
1096.22	872.00
1096.46	905.00
1096.70	892.00
1096.94	889.00
1097.19	919.00
1097.43	889.00
1097.67	888.00
1097.91	881.00
1098.16	898.00
1098.40	881.00
1098.64	896.00
1098.88	883.00
1099.13	882.00
1099.37	883.00
1099.61	894.00
1099.85	911.00
1100.10	890.00
1100.34	879.00
1100.58	898.00
1100.82	884.00
1101.07	868.00
1101.31	902.00
1101.55	909.00
1101.79	875.00
1102.04	894.00
1102.28	886.00
1102.52	897.00
1102.76	896.00
1103.01	883.00
1103.25	882.00
1103.49	904.00
1103.73	895.00
1103.97	896.00
1104.22	900.00
1104.46	881.00
1104.70	912.00
1104.94	882.00
1105.19	917.00
1105.43	881.00
1105.67	907.00
1105.91	879.00
1106.16	901.00
1106.40	877.00
1106.64	898.00
1106.88	907.00
1107.12	887.00
1107.37	902.00
1107.61	887.00
1107.85	894.00
1108.09	899.00
1108.33	903.00
1108.58	890.00
1108.82	894.00
1109.06	888.00
1109.30	916.00
1109.55	886.00
1109.79	891.00
1110.03	897.00
1110.27	898.00
1110.51	903.00
1110.76	898.00
1111.00	904.00
1111.24	910.00
1111.48	878.00
1111.72	884.00
1111.97	886.00
1112.21	903.00
1112.45	889.00
1112.69	889.00
1112.93	861.00
1113.18	882.00
1113.42	901.00
1113.66	890.00
1113.90	902.00
1114.14	900.00
1114.39	897.00
1114.63	902.00
1114.87	889.00
1115.11	897.00
1115.35	888.00
1115.59	900.00
1115.84	904.00
1116.08	890.00
1116.32	892.00
1116.56	880.00
1116.80	892.00
1117.05	904.00
1117.29	881.00
1117.53	909.00
1117.77	891.00
1118.01	894.00
1118.25	896.00
1118.50	897.00
1118.74	913.00
1118.98	890.00
1119.22	888.00
1119.46	883.00
1119.71	914.00
1119.95	893.00
1120.19	903.00
1120.43	872.00
1120.67	888.00
1120.91	895.00
1121.16	889.00
1121.40	883.00
1121.64	893.00
1121.88	898.00
1122.12	893.00
1122.36	894.00
1122.61	900.00
1122.85	897.00
1123.09	897.00
1123.33	885.00
1123.57	871.00
1123.81	861.00
1124.06	880.00
1124.30	883.00
1124.54	900.00
1124.78	910.00
1125.02	884.00
1125.26	913.00
1125.50	894.00
1125.75	894.00
1125.99	905.00
1126.23	898.00
1126.47	884.00
1126.71	919.00
1126.95	895.00
1127.19	902.00
1127.44	904.00
1127.68	902.00
1127.92	890.00
1128.16	893.00
1128.40	890.00
1128.64	882.00
1128.88	874.00
1129.13	885.00
1129.37	905.00
1129.61	913.00
1129.85	905.00
1130.09	899.00
1130.33	888.00
1130.57	887.00
1130.82	896.00
1131.06	882.00
1131.30	894.00
1131.54	875.00
1131.78	897.00
1132.02	892.00
1132.26	898.00
1132.50	889.00
1132.75	891.00
1132.99	893.00
1133.23	889.00
1133.47	875.00
1133.71	889.00
1133.95	901.00
1134.19	891.00
1134.43	885.00
1134.68	882.00
1134.92	884.00
1135.16	899.00
1135.40	880.00
1135.64	897.00
1135.88	903.00
1136.12	878.00
1136.36	889.00
1136.61	890.00
1136.85	914.00
1137.09	890.00
1137.33	894.00
1137.57	903.00
1137.81	893.00
1138.05	895.00
1138.29	898.00
1138.53	903.00
1138.78	893.00
1139.02	900.00
1139.26	885.00
1139.50	901.00
1139.74	894.00
1139.98	888.00
1140.22	914.00
1140.46	898.00
1140.70	899.00
1140.94	892.00
1141.19	891.00
1141.43	917.00
1141.67	882.00
1141.91	882.00
1142.15	893.00
1142.39	901.00
1142.63	884.00
1142.87	890.00
1143.11	880.00
1143.35	879.00
1143.59	887.00
1143.83	896.00
1144.08	888.00
1144.32	897.00
1144.56	890.00
1144.80	887.00
1145.04	910.00
1145.28	884.00
1145.52	889.00
1145.76	889.00
1146.00	904.00
1146.24	884.00
1146.48	914.00
1146.72	873.00
1146.97	897.00
1147.21	890.00
1147.45	882.00
1147.69	900.00
1147.93	894.00
1148.17	896.00
1148.41	894.00
1148.65	899.00
1148.89	908.00
1149.13	872.00
1149.37	874.00
1149.61	891.00
1149.85	889.00
1150.09	883.00
1150.34	887.00
1150.58	889.00
1150.82	899.00
1151.06	891.00
1151.30	888.00
1151.54	889.00
1151.78	893.00
1152.02	902.00
1152.26	890.00
1152.50	877.00
1152.74	909.00
1152.98	890.00
1153.22	885.00
1153.46	911.00
1153.70	889.00
1153.94	890.00
1154.18	890.00
1154.42	875.00
1154.66	879.00
1154.91	889.00
1155.15	877.00
1155.39	885.00
1155.63	893.00
1155.87	896.00
1156.11	892.00
1156.35	881.00
1156.59	904.00
1156.83	900.00
1157.07	898.00
1157.31	889.00
1157.55	900.00
1157.79	897.00
1158.03	898.00
1158.27	886.00
1158.51	898.00
1158.75	900.00
1158.99	898.00
1159.23	885.00
1159.47	894.00
1159.71	903.00
1159.95	896.00
1160.19	890.00
1160.43	891.00
1160.67	896.00
1160.91	885.00
1161.15	890.00
1161.39	886.00
1161.63	885.00
1161.88	908.00
1162.12	886.00
1162.36	908.00
1162.60	893.00
1162.84	904.00
1163.08	900.00
1163.32	889.00
1163.56	882.00
1163.80	899.00
1164.04	900.00
1164.28	885.00
1164.52	884.00
1164.76	886.00
1165.00	892.00
1165.24	876.00
1165.48	899.00
1165.72	901.00
1165.96	885.00
1166.20	909.00
1166.44	904.00
1166.68	904.00
1166.92	893.00
1167.16	894.00
1167.40	903.00
1167.64	893.00
1167.88	896.00
1168.12	891.00
1168.36	901.00
1168.60	881.00
1168.84	890.00
1169.08	887.00
1169.32	871.00
1169.56	880.00
1169.80	900.00
1170.04	891.00
1170.28	894.00
1170.52	904.00
1170.76	895.00
1171.00	891.00
1171.24	887.00
1171.48	874.00
1171.72	893.00
1171.96	876.00
1172.20	886.00
1172.44	911.00
1172.68	916.00
1172.92	891.00
1173.16	876.00
1173.40	899.00
1173.63	896.00
1173.87	875.00
1174.11	897.00
1174.35	908.00
1174.59	877.00
1174.83	887.00
1175.07	903.00
1175.31	896.00
1175.55	891.00
1175.79	893.00
1176.03	875.00
1176.27	892.00
1176.51	899.00
1176.75	896.00
1176.99	888.00
1177.23	874.00
1177.47	865.00
1177.71	889.00
1177.95	894.00
1178.19	885.00
1178.43	903.00
1178.67	913.00
1178.91	898.00
1179.15	897.00
1179.39	890.00
1179.63	881.00
1179.87	896.00
1180.11	883.00
1180.35	889.00
1180.59	887.00
1180.82	893.00
1181.06	883.00
1181.30	914.00
1181.54	884.00
1181.78	900.00
1182.02	890.00
1182.26	910.00
1182.50	891.00
1182.74	900.00
1182.98	885.00
1183.22	908.00
1183.46	903.00
1183.70	900.00
1183.94	877.00
1184.18	890.00
1184.42	896.00
1184.66	884.00
1184.90	891.00
1185.13	889.00
1185.37	892.00
1185.61	889.00
1185.85	905.00
1186.09	873.00
1186.33	886.00
1186.57	893.00
1186.81	891.00
1187.05	893.00
1187.29	889.00
1187.53	896.00
1187.77	890.00
1188.01	880.00
1188.25	906.00
1188.48	898.00
1188.72	892.00
1188.96	893.00
1189.20	883.00
1189.44	894.00
1189.68	919.00
1189.92	873.00
1190.16	900.00
1190.40	895.00
1190.64	881.00
1190.88	890.00
1191.12	899.00
1191.36	878.00
1191.59	882.00
1191.83	884.00
1192.07	888.00
1192.31	870.00
1192.55	881.00
1192.79	889.00
1193.03	913.00
1193.27	900.00
1193.51	880.00
1193.75	899.00
1193.99	884.00
1194.22	868.00
1194.46	884.00
1194.70	895.00
1194.94	886.00
1195.18	886.00
1195.42	888.00
1195.66	896.00
1195.90	892.00
1196.14	887.00
1196.38	909.00
1196.61	905.00
1196.85	882.00
1197.09	881.00
1197.33	889.00
1197.57	895.00
1197.81	897.00
1198.05	900.00
1198.29	892.00
1198.53	903.00
1198.76	897.00
1199.00	891.00
1199.24	900.00
1199.48	891.00
1199.72	891.00
1199.96	903.00
1200.20	898.00
1200.44	880.00
1200.68	876.00
1200.91	878.00
1201.15	915.00
1201.39	889.00
1201.63	880.00
1201.87	889.00
1202.11	890.00
1202.35	901.00
1202.59	897.00
1202.82	892.00
1203.06	902.00
1203.30	900.00
1203.54	911.00
1203.78	878.00
1204.02	900.00
1204.26	906.00
1204.49	877.00
1204.73	877.00
1204.97	898.00
1205.21	910.00
1205.45	892.00
1205.69	890.00
1205.93	877.00
1206.17	914.00
1206.40	909.00
1206.64	905.00
1206.88	896.00
1207.12	880.00
1207.36	887.00
1207.60	912.00
1207.84	888.00
1208.07	890.00
1208.31	893.00
1208.55	905.00
1208.79	888.00
1209.03	904.00
1209.27	899.00
1209.50	897.00
1209.74	891.00
1209.98	914.00
1210.22	889.00
1210.46	887.00
1210.70	880.00
1210.94	872.00
1211.17	889.00
1211.41	872.00
1211.65	883.00
1211.89	904.00
1212.13	885.00
1212.37	879.00
1212.60	906.00
1212.84	892.00
1213.08	880.00
1213.32	894.00
1213.56	890.00
1213.80	889.00
1214.03	895.00
1214.27	885.00
1214.51	891.00
1214.75	890.00
1214.99	897.00
1215.23	878.00
1215.46	872.00
1215.70	882.00
1215.94	884.00
1216.18	877.00
1216.42	881.00
1216.66	897.00
1216.89	897.00
1217.13	894.00
1217.37	878.00
1217.61	873.00
1217.85	891.00
1218.08	905.00
1218.32	898.00
1218.56	897.00
1218.80	888.00
1219.04	882.00
1219.28	879.00
1219.51	890.00
1219.75	870.00
1219.99	873.00
1220.23	882.00
1220.47	870.00
