  -1.5258789e+12   4.0418139e-02
  -1.5228271e+12   4.0581662e-02
  -1.5197754e+12   4.0746180e-02
  -1.5167236e+12   4.0911701e-02
  -1.5136719e+12   4.1078232e-02
  -1.5106201e+12   4.1245783e-02
  -1.5075684e+12   4.1414360e-02
  -1.5045166e+12   4.1583974e-02
  -1.5014648e+12   4.1754632e-02
  -1.4984131e+12   4.1926342e-02
  -1.4953613e+12   4.2099115e-02
  -1.4923096e+12   4.2272957e-02
  -1.4892578e+12   4.2447878e-02
  -1.4862061e+12   4.2623888e-02
  -1.4831543e+12   4.2800994e-02
  -1.4801025e+12   4.2979207e-02
  -1.4770508e+12   4.3158535e-02
  -1.4739990e+12   4.3338988e-02
  -1.4709473e+12   4.3520575e-02
  -1.4678955e+12   4.3703305e-02
  -1.4648438e+12   4.3887189e-02
  -1.4617920e+12   4.4072235e-02
  -1.4587402e+12   4.4258455e-02
  -1.4556885e+12   4.4445856e-02
  -1.4526367e+12   4.4634451e-02
  -1.4495850e+12   4.4824248e-02
  -1.4465332e+12   4.5015258e-02
  -1.4434814e+12   4.5207492e-02
  -1.4404297e+12   4.5400959e-02
  -1.4373779e+12   4.5595670e-02
  -1.4343262e+12   4.5791637e-02
  -1.4312744e+12   4.5988869e-02
  -1.4282227e+12   4.6187378e-02
  -1.4251709e+12   4.6387174e-02
  -1.4221191e+12   4.6588270e-02
  -1.4190674e+12   4.6790675e-02
  -1.4160156e+12   4.6994402e-02
  -1.4129639e+12   4.7199461e-02
  -1.4099121e+12   4.7405866e-02
  -1.4068604e+12   4.7613626e-02
  -1.4038086e+12   4.7822755e-02
  -1.4007568e+12   4.8033263e-02
  -1.3977051e+12   4.8245165e-02
  -1.3946533e+12   4.8458470e-02
  -1.3916016e+12   4.8673193e-02
  -1.3885498e+12   4.8889345e-02
  -1.3854980e+12   4.9106939e-02
  -1.3824463e+12   4.9325989e-02
  -1.3793945e+12   4.9546506e-02
  -1.3763428e+12   4.9768505e-02
  -1.3732910e+12   4.9991997e-02
  -1.3702393e+12   5.0216998e-02
  -1.3671875e+12   5.0443519e-02
  -1.3641357e+12   5.0671576e-02
  -1.3610840e+12   5.0901182e-02
  -1.3580322e+12   5.1132350e-02
  -1.3549805e+12   5.1365095e-02
  -1.3519287e+12   5.1599432e-02
  -1.3488770e+12   5.1835374e-02
  -1.3458252e+12   5.2072937e-02
  -1.3427734e+12   5.2312136e-02
  -1.3397217e+12   5.2552984e-02
  -1.3366699e+12   5.2795498e-02
  -1.3336182e+12   5.3039693e-02
  -1.3305664e+12   5.3285584e-02
  -1.3275146e+12   5.3533186e-02
  -1.3244629e+12   5.3782517e-02
  -1.3214111e+12   5.4033591e-02
  -1.3183594e+12   5.4286426e-02
  -1.3153076e+12   5.4541037e-02
  -1.3122559e+12   5.4797441e-02
  -1.3092041e+12   5.5055655e-02
  -1.3061523e+12   5.5315696e-02
  -1.3031006e+12   5.5577582e-02
  -1.3000488e+12   5.5841328e-02
  -1.2969971e+12   5.6106954e-02
  -1.2939453e+12   5.6374477e-02
  -1.2908936e+12   5.6643915e-02
  -1.2878418e+12   5.6915285e-02
  -1.2847900e+12   5.7188608e-02
  -1.2817383e+12   5.7463901e-02
  -1.2786865e+12   5.7741183e-02
  -1.2756348e+12   5.8020473e-02
  -1.2725830e+12   5.8301791e-02
  -1.2695313e+12   5.8585156e-02
  -1.2664795e+12   5.8870588e-02
  -1.2634277e+12   5.9158108e-02
  -1.2603760e+12   5.9447734e-02
  -1.2573242e+12   5.9739489e-02
  -1.2542725e+12   6.0033392e-02
  -1.2512207e+12   6.0329465e-02
  -1.2481689e+12   6.0627729e-02
  -1.2451172e+12   6.0928205e-02
  -1.2420654e+12   6.1230916e-02
  -1.2390137e+12   6.1535883e-02
  -1.2359619e+12   6.1843129e-02
  -1.2329102e+12   6.2152677e-02
  -1.2298584e+12   6.2464548e-02
  -1.2268066e+12   6.2778768e-02
  -1.2237549e+12   6.3095358e-02
  -1.2207031e+12   6.3414343e-02
  -1.2176514e+12   6.3735746e-02
  -1.2145996e+12   6.4059593e-02
  -1.2115479e+12   6.4385907e-02
  -1.2084961e+12   6.4714715e-02
  -1.2054443e+12   6.5046040e-02
  -1.2023926e+12   6.5379909e-02
  -1.1993408e+12   6.5716348e-02
  -1.1962891e+12   6.6055382e-02
  -1.1932373e+12   6.6397039e-02
  -1.1901855e+12   6.6741345e-02
  -1.1871338e+12   6.7088327e-02
  -1.1840820e+12   6.7438014e-02
  -1.1810303e+12   6.7790433e-02
  -1.1779785e+12   6.8145612e-02
  -1.1749268e+12   6.8503580e-02
  -1.1718750e+12   6.8864367e-02
  -1.1688232e+12   6.9228001e-02
  -1.1657715e+12   6.9594512e-02
  -1.1627197e+12   6.9963932e-02
  -1.1596680e+12   7.0336289e-02
  -1.1566162e+12   7.0711615e-02
  -1.1535645e+12   7.1089942e-02
  -1.1505127e+12   7.1471301e-02
  -1.1474609e+12   7.1855725e-02
  -1.1444092e+12   7.2243246e-02
  -1.1413574e+12   7.2633897e-02
  -1.1383057e+12   7.3027712e-02
  -1.1352539e+12   7.3424724e-02
  -1.1322021e+12   7.3824968e-02
  -1.1291504e+12   7.4228480e-02
  -1.1260986e+12   7.4635293e-02
  -1.1230469e+12   7.5045444e-02
  -1.1199951e+12   7.5458970e-02
  -1.1169434e+12   7.5875906e-02
  -1.1138916e+12   7.6296291e-02
  -1.1108398e+12   7.6720161e-02
  -1.1077881e+12   7.7147556e-02
  -1.1047363e+12   7.7578514e-02
  -1.1016846e+12   7.8013073e-02
  -1.0986328e+12   7.8451275e-02
  -1.0955811e+12   7.8893159e-02
  -1.0925293e+12   7.9338767e-02
  -1.0894775e+12   7.9788139e-02
  -1.0864258e+12   8.0241318e-02
  -1.0833740e+12   8.0698347e-02
  -1.0803223e+12   8.1159268e-02
  -1.0772705e+12   8.1624125e-02
  -1.0742188e+12   8.2092964e-02
  -1.0711670e+12   8.2565828e-02
  -1.0681152e+12   8.3042764e-02
  -1.0650635e+12   8.3523817e-02
  -1.0620117e+12   8.4009036e-02
  -1.0589600e+12   8.4498466e-02
  -1.0559082e+12   8.4992157e-02
  -1.0528564e+12   8.5490158e-02
  -1.0498047e+12   8.5992518e-02
  -1.0467529e+12   8.6499288e-02
  -1.0437012e+12   8.7010518e-02
  -1.0406494e+12   8.7526260e-02
  -1.0375977e+12   8.8046567e-02
  -1.0345459e+12   8.8571492e-02
  -1.0314941e+12   8.9101089e-02
  -1.0284424e+12   8.9635413e-02
  -1.0253906e+12   9.0174519e-02
  -1.0223389e+12   9.0718465e-02
  -1.0192871e+12   9.1267306e-02
  -1.0162354e+12   9.1821101e-02
  -1.0131836e+12   9.2379909e-02
  -1.0101318e+12   9.2943790e-02
  -1.0070801e+12   9.3512803e-02
  -1.0040283e+12   9.4087012e-02
  -1.0009766e+12   9.4666477e-02
  -9.9792480e+11   9.5251262e-02
  -9.9487305e+11   9.5841432e-02
  -9.9182129e+11   9.6437052e-02
  -9.8876953e+11   9.7038187e-02
  -9.8571777e+11   9.7644905e-02
  -9.8266602e+11   9.8257274e-02
  -9.7961426e+11   9.8875363e-02
  -9.7656250e+11   9.9499242e-02
  -9.7351074e+11   1.0012898e-01
  -9.7045898e+11   1.0076466e-01
  -9.6740723e+11   1.0140634e-01
  -9.6435547e+11   1.0205410e-01
  -9.6130371e+11   1.0270802e-01
  -9.5825195e+11   1.0336817e-01
  -9.5520020e+11   1.0403463e-01
  -9.5214844e+11   1.0470749e-01
  -9.4909668e+11   1.0538681e-01
  -9.4604492e+11   1.0607269e-01
  -9.4299316e+11   1.0676520e-01
  -9.3994141e+11   1.0746443e-01
  -9.3688965e+11   1.0817046e-01
  -9.3383789e+11   1.0888339e-01
  -9.3078613e+11   1.0960329e-01
  -9.2773438e+11   1.1033026e-01
  -9.2468262e+11   1.1106439e-01
  -9.2163086e+11   1.1180577e-01
  -9.1857910e+11   1.1255449e-01
  -9.1552734e+11   1.1331065e-01
  -9.1247559e+11   1.1407435e-01
  -9.0942383e+11   1.1484568e-01
  -9.0637207e+11   1.1562474e-01
  -9.0332031e+11   1.1641163e-01
  -9.0026855e+11   1.1720646e-01
  -8.9721680e+11   1.1800933e-01
  -8.9416504e+11   1.1882035e-01
  -8.9111328e+11   1.1963962e-01
  -8.8806152e+11   1.2046725e-01
  -8.8500977e+11   1.2130336e-01
  -8.8195801e+11   1.2214805e-01
  -8.7890625e+11   1.2300144e-01
  -8.7585449e+11   1.2386365e-01
  -8.7280273e+11   1.2473479e-01
  -8.6975098e+11   1.2561499e-01
  -8.6669922e+11   1.2650437e-01
  -8.6364746e+11   1.2740305e-01
  -8.6059570e+11   1.2831116e-01
  -8.5754395e+11   1.2922882e-01
  -8.5449219e+11   1.3015616e-01
  -8.5144043e+11   1.3109333e-01
  -8.4838867e+11   1.3204044e-01
  -8.4533691e+11   1.3299765e-01
  -8.4228516e+11   1.3396508e-01
  -8.3923340e+11   1.3494288e-01
  -8.3618164e+11   1.3593119e-01
  -8.3312988e+11   1.3693015e-01
  -8.3007813e+11   1.3793992e-01
  -8.2702637e+11   1.3896065e-01
  -8.2397461e+11   1.3999249e-01
  -8.2092285e+11   1.4103559e-01
  -8.1787109e+11   1.4209011e-01
  -8.1481934e+11   1.4315621e-01
  -8.1176758e+11   1.4423406e-01
  -8.0871582e+11   1.4532382e-01
  -8.0566406e+11   1.4642567e-01
  -8.0261230e+11   1.4753976e-01
  -7.9956055e+11   1.4866628e-01
  -7.9650879e+11   1.4980540e-01
  -7.9345703e+11   1.5095731e-01
  -7.9040527e+11   1.5212218e-01
  -7.8735352e+11   1.5330021e-01
  -7.8430176e+11   1.5449158e-01
  -7.8125000e+11   1.5569649e-01
  -7.7819824e+11   1.5691512e-01
  -7.7514648e+11   1.5814769e-01
  -7.7209473e+11   1.5939439e-01
  -7.6904297e+11   1.6065543e-01
  -7.6599121e+11   1.6193101e-01
  -7.6293945e+11   1.6322135e-01
  -7.5988770e+11   1.6452667e-01
  -7.5683594e+11   1.6584719e-01
  -7.5378418e+11   1.6718313e-01
  -7.5073242e+11   1.6853471e-01
  -7.4768066e+11   1.6990218e-01
  -7.4462891e+11   1.7128576e-01
  -7.4157715e+11   1.7268569e-01
  -7.3852539e+11   1.7410221e-01
  -7.3547363e+11   1.7553558e-01
  -7.3242188e+11   1.7698605e-01
  -7.2937012e+11   1.7845386e-01
  -7.2631836e+11   1.7993928e-01
  -7.2326660e+11   1.8144258e-01
  -7.2021484e+11   1.8296402e-01
  -7.1716309e+11   1.8450388e-01
  -7.1411133e+11   1.8606243e-01
  -7.1105957e+11   1.8763996e-01
  -7.0800781e+11   1.8923675e-01
  -7.0495605e+11   1.9085309e-01
  -7.0190430e+11   1.9248929e-01
  -6.9885254e+11   1.9414564e-01
  -6.9580078e+11   1.9582246e-01
  -6.9274902e+11   1.9752004e-01
  -6.8969727e+11   1.9923871e-01
  -6.8664551e+11   2.0097880e-01
  -6.8359375e+11   2.0274062e-01
  -6.8054199e+11   2.0452452e-01
  -6.7749023e+11   2.0633083e-01
  -6.7443848e+11   2.0815989e-01
  -6.7138672e+11   2.1001205e-01
  -6.6833496e+11   2.1188768e-01
  -6.6528320e+11   2.1378712e-01
  -6.6223145e+11   2.1571076e-01
  -6.5917969e+11   2.1765895e-01
  -6.5612793e+11   2.1963208e-01
  -6.5307617e+11   2.2163053e-01
  -6.5002441e+11   2.2365470e-01
  -6.4697266e+11   2.2570498e-01
  -6.4392090e+11   2.2778178e-01
  -6.4086914e+11   2.2988549e-01
  -6.3781738e+11   2.3201655e-01
  -6.3476563e+11   2.3417537e-01
  -6.3171387e+11   2.3636238e-01
  -6.2866211e+11   2.3857802e-01
  -6.2561035e+11   2.4082272e-01
  -6.2255859e+11   2.4309694e-01
  -6.1950684e+11   2.4540113e-01
  -6.1645508e+11   2.4773576e-01
  -6.1340332e+11   2.5010129e-01
  -6.1035156e+11   2.5249819e-01
  -6.0729980e+11   2.5492695e-01
  -6.0424805e+11   2.5738805e-01
  -6.0119629e+11   2.5988200e-01
  -5.9814453e+11   2.6240930e-01
  -5.9509277e+11   2.6497044e-01
  -5.9204102e+11   2.6756596e-01
  -5.8898926e+11   2.7019636e-01
  -5.8593750e+11   2.7286218e-01
  -5.8288574e+11   2.7556396e-01
  -5.7983398e+11   2.7830224e-01
  -5.7678223e+11   2.8107756e-01
  -5.7373047e+11   2.8389049e-01
  -5.7067871e+11   2.8674157e-01
  -5.6762695e+11   2.8963138e-01
  -5.6457520e+11   2.9256050e-01
  -5.6152344e+11   2.9552950e-01
  -5.5847168e+11   2.9853897e-01
  -5.5541992e+11   3.0158950e-01
  -5.5236816e+11   3.0468168e-01
  -5.4931641e+11   3.0781612e-01
  -5.4626465e+11   3.1099342e-01
  -5.4321289e+11   3.1421420e-01
  -5.4016113e+11   3.1747907e-01
  -5.3710938e+11   3.2078865e-01
  -5.3405762e+11   3.2414356e-01
  -5.3100586e+11   3.2754443e-01
  -5.2795410e+11   3.3099190e-01
  -5.2490234e+11   3.3448659e-01
  -5.2185059e+11   3.3802915e-01
  -5.1879883e+11   3.4162020e-01
  -5.1574707e+11   3.4526038e-01
  -5.1269531e+11   3.4895034e-01
  -5.0964355e+11   3.5269072e-01
  -5.0659180e+11   3.5648214e-01
  -5.0354004e+11   3.6032526e-01
  -5.0048828e+11   3.6422069e-01
  -4.9743652e+11   3.6816909e-01
  -4.9438477e+11   3.7217106e-01
  -4.9133301e+11   3.7622725e-01
  -4.8828125e+11   3.8033826e-01
  -4.8522949e+11   3.8450471e-01
  -4.8217773e+11   3.8872720e-01
  -4.7912598e+11   3.9300634e-01
  -4.7607422e+11   3.9734270e-01
  -4.7302246e+11   4.0173686e-01
  -4.6997070e+11   4.0618939e-01
  -4.6691895e+11   4.1070083e-01
  -4.6386719e+11   4.1527171e-01
  -4.6081543e+11   4.1990257e-01
  -4.5776367e+11   4.2459388e-01
  -4.5471191e+11   4.2934614e-01
  -4.5166016e+11   4.3415979e-01
  -4.4860840e+11   4.3903528e-01
  -4.4555664e+11   4.4397301e-01
  -4.4250488e+11   4.4897335e-01
  -4.3945313e+11   4.5403667e-01
  -4.3640137e+11   4.5916327e-01
  -4.3334961e+11   4.6435343e-01
  -4.3029785e+11   4.6960742e-01
  -4.2724609e+11   4.7492542e-01
  -4.2419434e+11   4.8030760e-01
  -4.2114258e+11   4.8575410e-01
  -4.1809082e+11   4.9126496e-01
  -4.1503906e+11   4.9684022e-01
  -4.1198730e+11   5.0247985e-01
  -4.0893555e+11   5.0818375e-01
  -4.0588379e+11   5.1395177e-01
  -4.0283203e+11   5.1978371e-01
  -3.9978027e+11   5.2567928e-01
  -3.9672852e+11   5.3163813e-01
  -3.9367676e+11   5.3765983e-01
  -3.9062500e+11   5.4374389e-01
  -3.8757324e+11   5.4988973e-01
  -3.8452148e+11   5.5609667e-01
  -3.8146973e+11   5.6236396e-01
  -3.7841797e+11   5.6869075e-01
  -3.7536621e+11   5.7507609e-01
  -3.7231445e+11   5.8151895e-01
  -3.6926270e+11   5.8801816e-01
  -3.6621094e+11   5.9457248e-01
  -3.6315918e+11   6.0118052e-01
  -3.6010742e+11   6.0784081e-01
  -3.5705566e+11   6.1455174e-01
  -3.5400391e+11   6.2131157e-01
  -3.5095215e+11   6.2811846e-01
  -3.4790039e+11   6.3497041e-01
  -3.4484863e+11   6.4186531e-01
  -3.4179688e+11   6.4880090e-01
  -3.3874512e+11   6.5577479e-01
  -3.3569336e+11   6.6278443e-01
  -3.3264160e+11   6.6982715e-01
  -3.2958984e+11   6.7690012e-01
  -3.2653809e+11   6.8400036e-01
  -3.2348633e+11   6.9112474e-01
  -3.2043457e+11   6.9827000e-01
  -3.1738281e+11   7.0543271e-01
  -3.1433105e+11   7.1260928e-01
  -3.1127930e+11   7.1979601e-01
  -3.0822754e+11   7.2698900e-01
  -3.0517578e+11   7.3418425e-01
  -3.0212402e+11   7.4137758e-01
  -2.9907227e+11   7.4856469e-01
  -2.9602051e+11   7.5574115e-01
  -2.9296875e+11   7.6290236e-01
  -2.8991699e+11   7.7004363e-01
  -2.8686523e+11   7.7716013e-01
  -2.8381348e+11   7.8424693e-01
  -2.8076172e+11   7.9129897e-01
  -2.7770996e+11   7.9831112e-01
  -2.7465820e+11   8.0527814e-01
  -2.7160645e+11   8.1219471e-01
  -2.6855469e+11   8.1905546e-01
  -2.6550293e+11   8.2585495e-01
  -2.6245117e+11   8.3258770e-01
  -2.5939941e+11   8.3924821e-01
  -2.5634766e+11   8.4583096e-01
  -2.5329590e+11   8.5233041e-01
  -2.5024414e+11   8.5874107e-01
  -2.4719238e+11   8.6505746e-01
  -2.4414063e+11   8.7127416e-01
  -2.4108887e+11   8.7738579e-01
  -2.3803711e+11   8.8338710e-01
  -2.3498535e+11   8.8927290e-01
  -2.3193359e+11   8.9503814e-01
  -2.2888184e+11   9.0067791e-01
  -2.2583008e+11   9.0618746e-01
  -2.2277832e+11   9.1156219e-01
  -2.1972656e+11   9.1679772e-01
  -2.1667480e+11   9.2188989e-01
  -2.1362305e+11   9.2683473e-01
  -2.1057129e+11   9.3162856e-01
  -2.0751953e+11   9.3626794e-01
  -2.0446777e+11   9.4074971e-01
  -2.0141602e+11   9.4507100e-01
  -1.9836426e+11   9.4922926e-01
  -1.9531250e+11   9.5322224e-01
  -1.9226074e+11   9.5704803e-01
  -1.8920898e+11   9.6070507e-01
  -1.8615723e+11   9.6419213e-01
  -1.8310547e+11   9.6750835e-01
  -1.8005371e+11   9.7065323e-01
  -1.7700195e+11   9.7362662e-01
  -1.7395020e+11   9.7642876e-01
  -1.7089844e+11   9.7906024e-01
  -1.6784668e+11   9.8152204e-01
  -1.6479492e+11   9.8381549e-01
  -1.6174316e+11   9.8594227e-01
  -1.5869141e+11   9.8790445e-01
  -1.5563965e+11   9.8970442e-01
  -1.5258789e+11   9.9134492e-01
  -1.4953613e+11   9.9282903e-01
  -1.4648438e+11   9.9416013e-01
  -1.4343262e+11   9.9534191e-01
  -1.4038086e+11   9.9637837e-01
  -1.3732910e+11   9.9727376e-01
  -1.3427734e+11   9.9803261e-01
  -1.3122559e+11   9.9865968e-01
  -1.2817383e+11   9.9915997e-01
  -1.2512207e+11   9.9953868e-01
  -1.2207031e+11   9.9980119e-01
  -1.1901855e+11   9.9995306e-01
  -1.1596680e+11   1.0000000e+00
  -1.1291504e+11   9.9994783e-01
  -1.0986328e+11   9.9980251e-01
  -1.0681152e+11   9.9957005e-01
  -1.0375977e+11   9.9925656e-01
  -1.0070801e+11   9.9886818e-01
  -9.7656250e+10   9.9841110e-01
  -9.4604492e+10   9.9789149e-01
  -9.1552734e+10   9.9731554e-01
  -8.8500977e+10   9.9668939e-01
  -8.5449219e+10   9.9601915e-01
  -8.2397461e+10   9.9531086e-01
  -7.9345703e+10   9.9457049e-01
  -7.6293945e+10   9.9380390e-01
  -7.3242188e+10   9.9301685e-01
  -7.0190430e+10   9.9221498e-01
  -6.7138672e+10   9.9140378e-01
  -6.4086914e+10   9.9058861e-01
  -6.1035156e+10   9.8977465e-01
  -5.7983398e+10   9.8896690e-01
  -5.4931641e+10   9.8817020e-01
  -5.1879883e+10   9.8738918e-01
  -4.8828125e+10   9.8662826e-01
  -4.5776367e+10   9.8589166e-01
  -4.2724609e+10   9.8518338e-01
  -3.9672852e+10   9.8450718e-01
  -3.6621094e+10   9.8386659e-01
  -3.3569336e+10   9.8326492e-01
  -3.0517578e+10   9.8270521e-01
  -2.7465820e+10   9.8219027e-01
  -2.4414063e+10   9.8172262e-01
  -2.1362305e+10   9.8130457e-01
  -1.8310547e+10   9.8093814e-01
  -1.5258789e+10   9.8062509e-01
  -1.2207031e+10   9.8036692e-01
  -9.1552734e+09   9.8016484e-01
  -6.1035156e+09   9.8001981e-01
  -3.0517578e+09   9.7993253e-01
   0.0000000e+00   9.7990338e-01
   3.0517578e+09   9.7993253e-01
   6.1035156e+09   9.8001981e-01
   9.1552734e+09   9.8016484e-01
   1.2207031e+10   9.8036692e-01
   1.5258789e+10   9.8062509e-01
   1.8310547e+10   9.8093814e-01
   2.1362305e+10   9.8130457e-01
   2.4414063e+10   9.8172262e-01
   2.7465820e+10   9.8219027e-01
   3.0517578e+10   9.8270521e-01
   3.3569336e+10   9.8326492e-01
   3.6621094e+10   9.8386659e-01
   3.9672852e+10   9.8450718e-01
   4.2724609e+10   9.8518338e-01
   4.5776367e+10   9.8589166e-01
   4.8828125e+10   9.8662826e-01
   5.1879883e+10   9.8738918e-01
   5.4931641e+10   9.8817020e-01
   5.7983398e+10   9.8896690e-01
   6.1035156e+10   9.8977465e-01
   6.4086914e+10   9.9058861e-01
   6.7138672e+10   9.9140378e-01
   7.0190430e+10   9.9221498e-01
   7.3242188e+10   9.9301685e-01
   7.6293945e+10   9.9380390e-01
   7.9345703e+10   9.9457049e-01
   8.2397461e+10   9.9531086e-01
   8.5449219e+10   9.9601915e-01
   8.8500977e+10   9.9668939e-01
   9.1552734e+10   9.9731554e-01
   9.4604492e+10   9.9789149e-01
   9.7656250e+10   9.9841110e-01
   1.0070801e+11   9.9886818e-01
   1.0375977e+11   9.9925656e-01
   1.0681152e+11   9.9957005e-01
   1.0986328e+11   9.9980251e-01
   1.1291504e+11   9.9994783e-01
   1.1596680e+11   1.0000000e+00
   1.1901855e+11   9.9995306e-01
   1.2207031e+11   9.9980119e-01
   1.2512207e+11   9.9953868e-01
   1.2817383e+11   9.9915997e-01
   1.3122559e+11   9.9865968e-01
   1.3427734e+11   9.9803261e-01
   1.3732910e+11   9.9727376e-01
   1.4038086e+11   9.9637837e-01
   1.4343262e+11   9.9534191e-01
   1.4648438e+11   9.9416013e-01
   1.4953613e+11   9.9282903e-01
   1.5258789e+11   9.9134492e-01
   1.5563965e+11   9.8970442e-01
   1.5869141e+11   9.8790445e-01
   1.6174316e+11   9.8594227e-01
   1.6479492e+11   9.8381549e-01
   1.6784668e+11   9.8152204e-01
   1.7089844e+11   9.7906024e-01
   1.7395020e+11   9.7642876e-01
   1.7700195e+11   9.7362662e-01
   1.8005371e+11   9.7065323e-01
   1.8310547e+11   9.6750835e-01
   1.8615723e+11   9.6419213e-01
   1.8920898e+11   9.6070507e-01
   1.9226074e+11   9.5704803e-01
   1.9531250e+11   9.5322224e-01
   1.9836426e+11   9.4922926e-01
   2.0141602e+11   9.4507100e-01
   2.0446777e+11   9.4074971e-01
   2.0751953e+11   9.3626794e-01
   2.1057129e+11   9.3162856e-01
   2.1362305e+11   9.2683473e-01
   2.1667480e+11   9.2188989e-01
   2.1972656e+11   9.1679772e-01
   2.2277832e+11   9.1156219e-01
   2.2583008e+11   9.0618746e-01
   2.2888184e+11   9.0067791e-01
   2.3193359e+11   8.9503814e-01
   2.3498535e+11   8.8927290e-01
   2.3803711e+11   8.8338710e-01
   2.4108887e+11   8.7738579e-01
   2.4414063e+11   8.7127416e-01
   2.4719238e+11   8.6505746e-01
   2.5024414e+11   8.5874107e-01
   2.5329590e+11   8.5233041e-01
   2.5634766e+11   8.4583096e-01
   2.5939941e+11   8.3924821e-01
   2.6245117e+11   8.3258770e-01
   2.6550293e+11   8.2585495e-01
   2.6855469e+11   8.1905546e-01
   2.7160645e+11   8.1219471e-01
   2.7465820e+11   8.0527814e-01
   2.7770996e+11   7.9831112e-01
   2.8076172e+11   7.9129897e-01
   2.8381348e+11   7.8424693e-01
   2.8686523e+11   7.7716013e-01
   2.8991699e+11   7.7004363e-01
   2.9296875e+11   7.6290236e-01
   2.9602051e+11   7.5574115e-01
   2.9907227e+11   7.4856469e-01
   3.0212402e+11   7.4137758e-01
   3.0517578e+11   7.3418425e-01
   3.0822754e+11   7.2698900e-01
   3.1127930e+11   7.1979601e-01
   3.1433105e+11   7.1260928e-01
   3.1738281e+11   7.0543271e-01
   3.2043457e+11   6.9827000e-01
   3.2348633e+11   6.9112474e-01
   3.2653809e+11   6.8400036e-01
   3.2958984e+11   6.7690012e-01
   3.3264160e+11   6.6982715e-01
   3.3569336e+11   6.6278443e-01
   3.3874512e+11   6.5577479e-01
   3.4179688e+11   6.4880090e-01
   3.4484863e+11   6.4186531e-01
   3.4790039e+11   6.3497041e-01
   3.5095215e+11   6.2811846e-01
   3.5400391e+11   6.2131157e-01
   3.5705566e+11   6.1455174e-01
   3.6010742e+11   6.0784081e-01
   3.6315918e+11   6.0118052e-01
   3.6621094e+11   5.9457248e-01
   3.6926270e+11   5.8801816e-01
   3.7231445e+11   5.8151895e-01
   3.7536621e+11   5.7507609e-01
   3.7841797e+11   5.6869075e-01
   3.8146973e+11   5.6236396e-01
   3.8452148e+11   5.5609667e-01
   3.8757324e+11   5.4988973e-01
   3.9062500e+11   5.4374389e-01
   3.9367676e+11   5.3765983e-01
   3.9672852e+11   5.3163813e-01
   3.9978027e+11   5.2567928e-01
   4.0283203e+11   5.1978371e-01
   4.0588379e+11   5.1395177e-01
   4.0893555e+11   5.0818375e-01
   4.1198730e+11   5.0247985e-01
   4.1503906e+11   4.9684022e-01
   4.1809082e+11   4.9126496e-01
   4.2114258e+11   4.8575410e-01
   4.2419434e+11   4.8030760e-01
   4.2724609e+11   4.7492542e-01
   4.3029785e+11   4.6960742e-01
   4.3334961e+11   4.6435343e-01
   4.3640137e+11   4.5916327e-01
   4.3945313e+11   4.5403667e-01
   4.4250488e+11   4.4897335e-01
   4.4555664e+11   4.4397301e-01
   4.4860840e+11   4.3903528e-01
   4.5166016e+11   4.3415979e-01
   4.5471191e+11   4.2934614e-01
   4.5776367e+11   4.2459388e-01
   4.6081543e+11   4.1990257e-01
   4.6386719e+11   4.1527171e-01
   4.6691895e+11   4.1070083e-01
   4.6997070e+11   4.0618939e-01
   4.7302246e+11   4.0173686e-01
   4.7607422e+11   3.9734270e-01
   4.7912598e+11   3.9300634e-01
   4.8217773e+11   3.8872720e-01
   4.8522949e+11   3.8450471e-01
   4.8828125e+11   3.8033826e-01
   4.9133301e+11   3.7622725e-01
   4.9438477e+11   3.7217106e-01
   4.9743652e+11   3.6816909e-01
   5.0048828e+11   3.6422069e-01
   5.0354004e+11   3.6032526e-01
   5.0659180e+11   3.5648214e-01
   5.0964355e+11   3.5269072e-01
   5.1269531e+11   3.4895034e-01
   5.1574707e+11   3.4526038e-01
   5.1879883e+11   3.4162020e-01
   5.2185059e+11   3.3802915e-01
   5.2490234e+11   3.3448659e-01
   5.2795410e+11   3.3099190e-01
   5.3100586e+11   3.2754443e-01
   5.3405762e+11   3.2414356e-01
   5.3710938e+11   3.2078865e-01
   5.4016113e+11   3.1747907e-01
   5.4321289e+11   3.1421420e-01
   5.4626465e+11   3.1099342e-01
   5.4931641e+11   3.0781612e-01
   5.5236816e+11   3.0468168e-01
   5.5541992e+11   3.0158950e-01
   5.5847168e+11   2.9853897e-01
   5.6152344e+11   2.9552950e-01
   5.6457520e+11   2.9256050e-01
   5.6762695e+11   2.8963138e-01
   5.7067871e+11   2.8674157e-01
   5.7373047e+11   2.8389049e-01
   5.7678223e+11   2.8107756e-01
   5.7983398e+11   2.7830224e-01
   5.8288574e+11   2.7556396e-01
   5.8593750e+11   2.7286218e-01
   5.8898926e+11   2.7019636e-01
   5.9204102e+11   2.6756596e-01
   5.9509277e+11   2.6497044e-01
   5.9814453e+11   2.6240930e-01
   6.0119629e+11   2.5988200e-01
   6.0424805e+11   2.5738805e-01
   6.0729980e+11   2.5492695e-01
   6.1035156e+11   2.5249819e-01
   6.1340332e+11   2.5010129e-01
   6.1645508e+11   2.4773576e-01
   6.1950684e+11   2.4540113e-01
   6.2255859e+11   2.4309694e-01
   6.2561035e+11   2.4082272e-01
   6.2866211e+11   2.3857802e-01
   6.3171387e+11   2.3636238e-01
   6.3476563e+11   2.3417537e-01
   6.3781738e+11   2.3201655e-01
   6.4086914e+11   2.2988549e-01
   6.4392090e+11   2.2778178e-01
   6.4697266e+11   2.2570498e-01
   6.5002441e+11   2.2365470e-01
   6.5307617e+11   2.2163053e-01
   6.5612793e+11   2.1963208e-01
   6.5917969e+11   2.1765895e-01
   6.6223145e+11   2.1571076e-01
   6.6528320e+11   2.1378712e-01
   6.6833496e+11   2.1188768e-01
   6.7138672e+11   2.1001205e-01
   6.7443848e+11   2.0815989e-01
   6.7749023e+11   2.0633083e-01
   6.8054199e+11   2.0452452e-01
   6.8359375e+11   2.0274062e-01
   6.8664551e+11   2.0097880e-01
   6.8969727e+11   1.9923871e-01
   6.9274902e+11   1.9752004e-01
   6.9580078e+11   1.9582246e-01
   6.9885254e+11   1.9414564e-01
   7.0190430e+11   1.9248929e-01
   7.0495605e+11   1.9085309e-01
   7.0800781e+11   1.8923675e-01
   7.1105957e+11   1.8763996e-01
   7.1411133e+11   1.8606243e-01
   7.1716309e+11   1.8450388e-01
   7.2021484e+11   1.8296402e-01
   7.2326660e+11   1.8144258e-01
   7.2631836e+11   1.7993928e-01
   7.2937012e+11   1.7845386e-01
   7.3242188e+11   1.7698605e-01
   7.3547363e+11   1.7553558e-01
   7.3852539e+11   1.7410221e-01
   7.4157715e+11   1.7268569e-01
   7.4462891e+11   1.7128576e-01
   7.4768066e+11   1.6990218e-01
   7.5073242e+11   1.6853471e-01
   7.5378418e+11   1.6718313e-01
   7.5683594e+11   1.6584719e-01
   7.5988770e+11   1.6452667e-01
   7.6293945e+11   1.6322135e-01
   7.6599121e+11   1.6193101e-01
   7.6904297e+11   1.6065543e-01
   7.7209473e+11   1.5939439e-01
   7.7514648e+11   1.5814769e-01
   7.7819824e+11   1.5691512e-01
   7.8125000e+11   1.5569649e-01
   7.8430176e+11   1.5449158e-01
   7.8735352e+11   1.5330021e-01
   7.9040527e+11   1.5212218e-01
   7.9345703e+11   1.5095731e-01
   7.9650879e+11   1.4980540e-01
   7.9956055e+11   1.4866628e-01
   8.0261230e+11   1.4753976e-01
   8.0566406e+11   1.4642567e-01
   8.0871582e+11   1.4532382e-01
   8.1176758e+11   1.4423406e-01
   8.1481934e+11   1.4315621e-01
   8.1787109e+11   1.4209011e-01
   8.2092285e+11   1.4103559e-01
   8.2397461e+11   1.3999249e-01
   8.2702637e+11   1.3896065e-01
   8.3007813e+11   1.3793992e-01
   8.3312988e+11   1.3693015e-01
   8.3618164e+11   1.3593119e-01
   8.3923340e+11   1.3494288e-01
   8.4228516e+11   1.3396508e-01
   8.4533691e+11   1.3299765e-01
   8.4838867e+11   1.3204044e-01
   8.5144043e+11   1.3109333e-01
   8.5449219e+11   1.3015616e-01
   8.5754395e+11   1.2922882e-01
   8.6059570e+11   1.2831116e-01
   8.6364746e+11   1.2740305e-01
   8.6669922e+11   1.2650437e-01
   8.6975098e+11   1.2561499e-01
   8.7280273e+11   1.2473479e-01
   8.7585449e+11   1.2386365e-01
   8.7890625e+11   1.2300144e-01
   8.8195801e+11   1.2214805e-01
   8.8500977e+11   1.2130336e-01
   8.8806152e+11   1.2046725e-01
   8.9111328e+11   1.1963962e-01
   8.9416504e+11   1.1882035e-01
   8.9721680e+11   1.1800933e-01
   9.0026855e+11   1.1720646e-01
   9.0332031e+11   1.1641163e-01
   9.0637207e+11   1.1562474e-01
   9.0942383e+11   1.1484568e-01
   9.1247559e+11   1.1407435e-01
   9.1552734e+11   1.1331065e-01
   9.1857910e+11   1.1255449e-01
   9.2163086e+11   1.1180577e-01
   9.2468262e+11   1.1106439e-01
   9.2773438e+11   1.1033026e-01
   9.3078613e+11   1.0960329e-01
   9.3383789e+11   1.0888339e-01
   9.3688965e+11   1.0817046e-01
   9.3994141e+11   1.0746443e-01
   9.4299316e+11   1.0676520e-01
   9.4604492e+11   1.0607269e-01
   9.4909668e+11   1.0538681e-01
   9.5214844e+11   1.0470749e-01
   9.5520020e+11   1.0403463e-01
   9.5825195e+11   1.0336817e-01
   9.6130371e+11   1.0270802e-01
   9.6435547e+11   1.0205410e-01
   9.6740723e+11   1.0140634e-01
   9.7045898e+11   1.0076466e-01
   9.7351074e+11   1.0012898e-01
   9.7656250e+11   9.9499242e-02
   9.7961426e+11   9.8875363e-02
   9.8266602e+11   9.8257274e-02
   9.8571777e+11   9.7644905e-02
   9.8876953e+11   9.7038187e-02
   9.9182129e+11   9.6437052e-02
   9.9487305e+11   9.5841432e-02
   9.9792480e+11   9.5251262e-02
   1.0009766e+12   9.4666477e-02
   1.0040283e+12   9.4087012e-02
   1.0070801e+12   9.3512803e-02
   1.0101318e+12   9.2943790e-02
   1.0131836e+12   9.2379909e-02
   1.0162354e+12   9.1821101e-02
   1.0192871e+12   9.1267306e-02
   1.0223389e+12   9.0718465e-02
   1.0253906e+12   9.0174519e-02
   1.0284424e+12   8.9635413e-02
   1.0314941e+12   8.9101089e-02
   1.0345459e+12   8.8571492e-02
   1.0375977e+12   8.8046567e-02
   1.0406494e+12   8.7526260e-02
   1.0437012e+12   8.7010518e-02
   1.0467529e+12   8.6499288e-02
   1.0498047e+12   8.5992518e-02
   1.0528564e+12   8.5490158e-02
   1.0559082e+12   8.4992157e-02
   1.0589600e+12   8.4498466e-02
   1.0620117e+12   8.4009036e-02
   1.0650635e+12   8.3523817e-02
   1.0681152e+12   8.3042764e-02
   1.0711670e+12   8.2565828e-02
   1.0742188e+12   8.2092964e-02
   1.0772705e+12   8.1624125e-02
   1.0803223e+12   8.1159268e-02
   1.0833740e+12   8.0698347e-02
   1.0864258e+12   8.0241318e-02
   1.0894775e+12   7.9788139e-02
   1.0925293e+12   7.9338767e-02
   1.0955811e+12   7.8893159e-02
   1.0986328e+12   7.8451275e-02
   1.1016846e+12   7.8013073e-02
   1.1047363e+12   7.7578514e-02
   1.1077881e+12   7.7147556e-02
   1.1108398e+12   7.6720161e-02
   1.1138916e+12   7.6296291e-02
   1.1169434e+12   7.5875906e-02
   1.1199951e+12   7.5458970e-02
   1.1230469e+12   7.5045444e-02
   1.1260986e+12   7.4635293e-02
   1.1291504e+12   7.4228480e-02
   1.1322021e+12   7.3824968e-02
   1.1352539e+12   7.3424724e-02
   1.1383057e+12   7.3027712e-02
   1.1413574e+12   7.2633897e-02
   1.1444092e+12   7.2243246e-02
   1.1474609e+12   7.1855725e-02
   1.1505127e+12   7.1471301e-02
   1.1535645e+12   7.1089942e-02
   1.1566162e+12   7.0711615e-02
   1.1596680e+12   7.0336289e-02
   1.1627197e+12   6.9963932e-02
   1.1657715e+12   6.9594512e-02
   1.1688232e+12   6.9228001e-02
   1.1718750e+12   6.8864367e-02
   1.1749268e+12   6.8503580e-02
   1.1779785e+12   6.8145612e-02
   1.1810303e+12   6.7790433e-02
   1.1840820e+12   6.7438014e-02
   1.1871338e+12   6.7088327e-02
   1.1901855e+12   6.6741345e-02
   1.1932373e+12   6.6397039e-02
   1.1962891e+12   6.6055382e-02
   1.1993408e+12   6.5716348e-02
   1.2023926e+12   6.5379909e-02
   1.2054443e+12   6.5046040e-02
   1.2084961e+12   6.4714715e-02
   1.2115479e+12   6.4385907e-02
   1.2145996e+12   6.4059593e-02
   1.2176514e+12   6.3735746e-02
   1.2207031e+12   6.3414343e-02
   1.2237549e+12   6.3095358e-02
   1.2268066e+12   6.2778768e-02
   1.2298584e+12   6.2464548e-02
   1.2329102e+12   6.2152677e-02
   1.2359619e+12   6.1843129e-02
   1.2390137e+12   6.1535883e-02
   1.2420654e+12   6.1230916e-02
   1.2451172e+12   6.0928205e-02
   1.2481689e+12   6.0627729e-02
   1.2512207e+12   6.0329465e-02
   1.2542725e+12   6.0033392e-02
   1.2573242e+12   5.9739489e-02
   1.2603760e+12   5.9447734e-02
   1.2634277e+12   5.9158108e-02
   1.2664795e+12   5.8870588e-02
   1.2695313e+12   5.8585156e-02
   1.2725830e+12   5.8301791e-02
   1.2756348e+12   5.8020473e-02
   1.2786865e+12   5.7741183e-02
   1.2817383e+12   5.7463901e-02
   1.2847900e+12   5.7188608e-02
   1.2878418e+12   5.6915285e-02
   1.2908936e+12   5.6643915e-02
   1.2939453e+12   5.6374477e-02
   1.2969971e+12   5.6106954e-02
   1.3000488e+12   5.5841328e-02
   1.3031006e+12   5.5577582e-02
   1.3061523e+12   5.5315696e-02
   1.3092041e+12   5.5055655e-02
   1.3122559e+12   5.4797441e-02
   1.3153076e+12   5.4541037e-02
   1.3183594e+12   5.4286426e-02
   1.3214111e+12   5.4033591e-02
   1.3244629e+12   5.3782517e-02
   1.3275146e+12   5.3533186e-02
   1.3305664e+12   5.3285584e-02
   1.3336182e+12   5.3039693e-02
   1.3366699e+12   5.2795498e-02
   1.3397217e+12   5.2552984e-02
   1.3427734e+12   5.2312136e-02
   1.3458252e+12   5.2072937e-02
   1.3488770e+12   5.1835374e-02
   1.3519287e+12   5.1599432e-02
   1.3549805e+12   5.1365095e-02
   1.3580322e+12   5.1132350e-02
   1.3610840e+12   5.0901182e-02
   1.3641357e+12   5.0671576e-02
   1.3671875e+12   5.0443519e-02
   1.3702393e+12   5.0216998e-02
   1.3732910e+12   4.9991997e-02
   1.3763428e+12   4.9768505e-02
   1.3793945e+12   4.9546506e-02
   1.3824463e+12   4.9325989e-02
   1.3854980e+12   4.9106939e-02
   1.3885498e+12   4.8889345e-02
   1.3916016e+12   4.8673193e-02
   1.3946533e+12   4.8458470e-02
   1.3977051e+12   4.8245165e-02
   1.4007568e+12   4.8033263e-02
   1.4038086e+12   4.7822755e-02
   1.4068604e+12   4.7613626e-02
   1.4099121e+12   4.7405866e-02
   1.4129639e+12   4.7199461e-02
   1.4160156e+12   4.6994402e-02
   1.4190674e+12   4.6790675e-02
   1.4221191e+12   4.6588270e-02
   1.4251709e+12   4.6387174e-02
   1.4282227e+12   4.6187378e-02
   1.4312744e+12   4.5988869e-02
   1.4343262e+12   4.5791637e-02
   1.4373779e+12   4.5595670e-02
   1.4404297e+12   4.5400959e-02
   1.4434814e+12   4.5207492e-02
   1.4465332e+12   4.5015258e-02
   1.4495850e+12   4.4824248e-02
   1.4526367e+12   4.4634451e-02
   1.4556885e+12   4.4445856e-02
   1.4587402e+12   4.4258455e-02
   1.4617920e+12   4.4072235e-02
   1.4648438e+12   4.3887189e-02
   1.4678955e+12   4.3703305e-02
   1.4709473e+12   4.3520575e-02
   1.4739990e+12   4.3338988e-02
   1.4770508e+12   4.3158535e-02
   1.4801025e+12   4.2979207e-02
   1.4831543e+12   4.2800994e-02
   1.4862061e+12   4.2623888e-02
   1.4892578e+12   4.2447878e-02
   1.4923096e+12   4.2272957e-02
   1.4953613e+12   4.2099115e-02
   1.4984131e+12   4.1926342e-02
   1.5014648e+12   4.1754632e-02
   1.5045166e+12   4.1583974e-02
   1.5075684e+12   4.1414360e-02
   1.5106201e+12   4.1245783e-02
   1.5136719e+12   4.1078232e-02
   1.5167236e+12   4.0911701e-02
   1.5197754e+12   4.0746180e-02
   1.5228271e+12   4.0581662e-02
   1.5258789e+12   4.0418139e-02
