   6.4153654e+02   1.4528761e-34
   6.4153235e+02   1.7509389e-35
   6.4152817e+02   8.9021884e-35
   6.4152398e+02   1.2012364e-35
   6.4151979e+02   5.5014281e-35
   6.4151561e+02   5.7857772e-35
   6.4151142e+02   5.5516561e-35
   6.4150723e+02   1.6120385e-34
   6.4150305e+02   4.9380895e-35
   6.4149886e+02   2.1232657e-34
   6.4149468e+02   6.5167358e-34
   6.4149049e+02   7.2518451e-34
   6.4148630e+02   5.8919046e-35
   6.4148212e+02   8.7474605e-34
   6.4147793e+02   1.1625977e-34
   6.4147375e+02   4.0075800e-34
   6.4146956e+02   1.3022941e-34
   6.4146537e+02   3.7681183e-34
   6.4146119e+02   1.9450827e-34
   6.4145700e+02   6.2751184e-34
   6.4145282e+02   2.4054773e-35
   6.4144863e+02   1.8164516e-34
   6.4144445e+02   2.4705194e-34
   6.4144026e+02   7.8386383e-35
   6.4143608e+02   1.3401128e-35
   6.4143189e+02   4.8600713e-34
   6.4142770e+02   1.1380231e-34
   6.4142352e+02   5.1810939e-34
   6.4141933e+02   1.9114475e-34
   6.4141515e+02   2.6981183e-34
   6.4141096e+02   1.8143926e-34
   6.4140678e+02   9.6370781e-35
   6.4140259e+02   1.6506913e-34
   6.4139841e+02   1.5880719e-34
   6.4139422e+02   2.0860546e-34
   6.4139004e+02   1.7019444e-37
   6.4138585e+02   3.2234887e-34
   6.4138167e+02   4.2977786e-34
   6.4137749e+02   1.9849477e-34
   6.4137330e+02   5.8266333e-34
   6.4136912e+02   1.2211382e-34
   6.4136493e+02   1.4179035e-34
   6.4136075e+02   4.6997362e-34
   6.4135656e+02   4.3399035e-34
   6.4135238e+02   2.1725705e-34
   6.4134819e+02   1.8841209e-34
   6.4134401e+02   4.8547035e-35
   6.4133983e+02   1.0985006e-34
   6.4133564e+02   1.4313673e-34
   6.4133146e+02   4.8712836e-34
   6.4132727e+02   1.3165633e-34
   6.4132309e+02   1.4924372e-35
   6.4131891e+02   3.2374679e-35
   6.4131472e+02   9.7995336e-36
   6.4131054e+02   1.4530584e-34
   6.4130635e+02   2.2891482e-34
   6.4130217e+02   8.5988306e-35
   6.4129799e+02   3.3177963e-35
   6.4129380e+02   2.2120875e-34
   6.4128962e+02   1.7242129e-34
   6.4128544e+02   1.5210617e-34
   6.4128125e+02   1.3297527e-34
   6.4127707e+02   4.2255665e-35
   6.4127289e+02   5.3457313e-35
   6.4126870e+02   3.1812501e-34
   6.4126452e+02   1.0412345e-34
   6.4126034e+02   1.6094926e-34
   6.4125615e+02   4.4114764e-34
   6.4125197e+02   1.3071336e-34
   6.4124779e+02   2.4607565e-34
   6.4124361e+02   2.2068517e-35
   6.4123942e+02   6.5457666e-35
   6.4123524e+02   1.4825895e-34
   6.4123106e+02   1.4231965e-34
   6.4122687e+02   2.7626138e-34
   6.4122269e+02   1.4762303e-34
   6.4121851e+02   9.1144129e-35
   6.4121433e+02   1.3310560e-33
   6.4121014e+02   7.1867101e-35
   6.4120596e+02   2.6197052e-35
   6.4120178e+02   5.1977740e-34
   6.4119760e+02   3.8879825e-34
   6.4119341e+02   3.8110838e-34
   6.4118923e+02   1.3664576e-33
   6.4118505e+02   3.5378039e-35
   6.4118087e+02   1.8245282e-34
   6.4117669e+02   2.7294061e-34
   6.4117250e+02   1.0027099e-34
   6.4116832e+02   6.0308166e-35
   6.4116414e+02   1.5856338e-35
   6.4115996e+02   2.3124449e-34
   6.4115578e+02   5.4241744e-35
   6.4115160e+02   1.2278415e-34
   6.4114741e+02   3.4078397e-36
   6.4114323e+02   2.6554744e-35
   6.4113905e+02   2.6464106e-35
   6.4113487e+02   3.2356757e-35
   6.4113069e+02   1.2075906e-34
   6.4112651e+02   1.2383198e-34
   6.4112232e+02   4.6668859e-34
   6.4111814e+02   7.2598196e-35
   6.4111396e+02   3.6274138e-34
   6.4110978e+02   1.0087530e-34
   6.4110560e+02   3.1875038e-34
   6.4110142e+02   9.6285515e-35
   6.4109724e+02   3.3932242e-35
   6.4109306e+02   1.3652857e-34
   6.4108888e+02   1.5972854e-34
   6.4108470e+02   3.3631223e-35
   6.4108051e+02   2.9860112e-34
   6.4107633e+02   8.6229667e-34
   6.4107215e+02   4.6654544e-34
   6.4106797e+02   3.2238774e-34
   6.4106379e+02   1.2449421e-33
   6.4105961e+02   2.3756971e-34
   6.4105543e+02   1.7040644e-34
   6.4105125e+02   1.5909605e-34
   6.4104707e+02   1.2383052e-34
   6.4104289e+02   8.9250364e-34
   6.4103871e+02   1.5349444e-35
   6.4103453e+02   3.3818331e-35
   6.4103035e+02   6.0966233e-34
   6.4102617e+02   4.7966538e-35
   6.4102199e+02   1.6044140e-35
   6.4101781e+02   2.7054309e-34
   6.4101363e+02   1.1101364e-34
   6.4100945e+02   4.0037374e-35
   6.4100527e+02   1.3923476e-34
   6.4100109e+02   3.9948509e-35
   6.4099691e+02   3.2940053e-34
   6.4099273e+02   1.5719850e-34
   6.4098855e+02   2.5020031e-35
   6.4098437e+02   1.2408068e-34
   6.4098019e+02   2.2237301e-34
   6.4097601e+02   1.0051384e-35
   6.4097183e+02   8.9206788e-36
   6.4096765e+02   8.6671790e-35
   6.4096348e+02   7.5992962e-36
   6.4095930e+02   1.2567921e-34
   6.4095512e+02   5.1986573e-34
   6.4095094e+02   5.2986293e-35
   6.4094676e+02   2.6773400e-34
   6.4094258e+02   1.6695887e-34
   6.4093840e+02   5.7323747e-35
   6.4093422e+02   3.2367738e-34
   6.4093004e+02   4.5738968e-34
   6.4092586e+02   7.6962575e-34
   6.4092169e+02   9.2196752e-34
   6.4091751e+02   1.4328046e-34
   6.4091333e+02   1.2017948e-34
   6.4090915e+02   4.5019922e-34
   6.4090497e+02   4.5807802e-34
   6.4090079e+02   1.4567907e-34
   6.4089661e+02   6.8505165e-36
   6.4089244e+02   2.4771958e-35
   6.4088826e+02   1.6576513e-34
   6.4088408e+02   4.4806078e-34
   6.4087990e+02   2.9542234e-34
   6.4087572e+02   5.7459522e-35
   6.4087155e+02   3.0045215e-34
   6.4086737e+02   2.5973169e-35
   6.4086319e+02   6.9811218e-36
   6.4085901e+02   4.3532508e-34
   6.4085483e+02   3.8489968e-35
   6.4085066e+02   6.7569742e-35
   6.4084648e+02   2.0474751e-34
   6.4084230e+02   1.9388200e-35
   6.4083812e+02   2.1388670e-34
   6.4083395e+02   2.1673779e-34
   6.4082977e+02   2.6378142e-34
   6.4082559e+02   6.1164131e-35
   6.4082141e+02   1.1143805e-34
   6.4081724e+02   5.0733034e-35
   6.4081306e+02   1.1993214e-34
   6.4080888e+02   2.5179431e-35
   6.4080470e+02   7.9673440e-35
   6.4080053e+02   2.6116318e-34
   6.4079635e+02   5.9529871e-34
   6.4079217e+02   1.5044148e-34
   6.4078800e+02   4.6478802e-34
   6.4078382e+02   7.4293744e-35
   6.4077964e+02   1.8516319e-35
   6.4077547e+02   2.1511013e-34
   6.4077129e+02   9.6765110e-35
   6.4076711e+02   4.8135783e-34
   6.4076294e+02   5.4522613e-35
   6.4075876e+02   3.3847621e-34
   6.4075458e+02   5.5653219e-34
   6.4075041e+02   6.9944020e-35
   6.4074623e+02   2.7858136e-34
   6.4074205e+02   7.0504737e-34
   6.4073788e+02   5.1426723e-35
   6.4073370e+02   1.9679064e-33
   6.4072952e+02   2.0897270e-34
   6.4072535e+02   1.8166940e-34
   6.4072117e+02   1.5504804e-33
   6.4071700e+02   7.9905415e-34
   6.4071282e+02   7.6762493e-36
   6.4070864e+02   8.6474760e-34
   6.4070447e+02   1.1977841e-33
   6.4070029e+02   1.1019439e-33
   6.4069612e+02   5.7191953e-34
   6.4069194e+02   8.2706393e-34
   6.4068777e+02   3.5756831e-35
   6.4068359e+02   4.0212709e-34
   6.4067941e+02   3.0893898e-34
   6.4067524e+02   5.1452082e-34
   6.4067106e+02   3.2451749e-34
   6.4066689e+02   8.4824399e-34
   6.4066271e+02   6.3504369e-34
   6.4065854e+02   4.2306843e-34
   6.4065436e+02   2.4119570e-34
   6.4065019e+02   4.2657635e-35
   6.4064601e+02   1.6365579e-34
   6.4064184e+02   1.6831193e-34
   6.4063766e+02   7.7479247e-34
   6.4063349e+02   3.5375802e-35
   6.4062931e+02   1.9422046e-35
   6.4062514e+02   9.3703246e-35
   6.4062096e+02   1.1729112e-35
   6.4061679e+02   2.7225973e-34
   6.4061261e+02   9.5148463e-35
   6.4060844e+02   5.8866158e-35
   6.4060426e+02   4.8558132e-35
   6.4060009e+02   4.2655358e-34
   6.4059591e+02   5.6595145e-34
   6.4059174e+02   2.6817378e-34
   6.4058757e+02   1.7353425e-34
   6.4058339e+02   2.4577619e-34
   6.4057922e+02   1.1774184e-34
   6.4057504e+02   2.1155349e-34
   6.4057087e+02   1.9985299e-34
   6.4056669e+02   3.9140556e-34
   6.4056252e+02   1.2771196e-34
   6.4055835e+02   3.0321833e-34
   6.4055417e+02   1.0917348e-33
   6.4055000e+02   1.3596430e-34
   6.4054583e+02   2.1461813e-37
   6.4054165e+02   2.7750058e-34
   6.4053748e+02   7.4533498e-34
   6.4053330e+02   4.1293797e-34
   6.4052913e+02   2.7731048e-34
   6.4052496e+02   5.4879997e-34
   6.4052078e+02   9.0533872e-35
   6.4051661e+02   8.2707331e-35
   6.4051244e+02   3.6026528e-34
   6.4050826e+02   3.6890739e-34
   6.4050409e+02   5.0276372e-34
   6.4049992e+02   5.5274125e-34
   6.4049574e+02   4.7592686e-35
   6.4049157e+02   7.3616038e-34
   6.4048740e+02   5.5534843e-35
   6.4048322e+02   1.0825604e-33
   6.4047905e+02   2.1132511e-34
   6.4047488e+02   3.1172558e-34
   6.4047071e+02   3.5802942e-34
   6.4046653e+02   8.0536198e-34
   6.4046236e+02   5.8544975e-34
   6.4045819e+02   9.5902347e-35
   6.4045402e+02   1.9893915e-34
   6.4044984e+02   4.1375115e-34
   6.4044567e+02   1.5573177e-35
   6.4044150e+02   4.8318519e-34
   6.4043733e+02   2.5901501e-34
   6.4043315e+02   5.6467424e-34
   6.4042898e+02   1.6391742e-34
   6.4042481e+02   4.0389999e-34
   6.4042064e+02   8.2228536e-34
   6.4041646e+02   6.1021020e-34
   6.4041229e+02   6.5291095e-34
   6.4040812e+02   4.1530394e-34
   6.4040395e+02   1.7349700e-34
   6.4039978e+02   7.0783598e-34
   6.4039560e+02   6.4155219e-34
   6.4039143e+02   1.2632970e-33
   6.4038726e+02   2.9973403e-35
   6.4038309e+02   8.5558404e-35
   6.4037892e+02   1.3178004e-34
   6.4037475e+02   1.1705596e-34
   6.4037057e+02   1.2506201e-33
   6.4036640e+02   6.0801554e-34
   6.4036223e+02   2.5043589e-34
   6.4035806e+02   3.9702529e-34
   6.4035389e+02   2.5072951e-34
   6.4034972e+02   3.3756824e-35
   6.4034555e+02   2.4715064e-34
   6.4034138e+02   2.9568231e-34
   6.4033720e+02   1.2285446e-34
   6.4033303e+02   8.4795473e-34
   6.4032886e+02   5.1493471e-34
   6.4032469e+02   3.7438034e-34
   6.4032052e+02   4.5687383e-34
   6.4031635e+02   4.8919370e-35
   6.4031218e+02   3.1431208e-34
   6.4030801e+02   1.1363417e-34
   6.4030384e+02   5.2864192e-34
   6.4029967e+02   1.2481310e-33
   6.4029550e+02   7.1211881e-34
   6.4029133e+02   6.4530273e-34
   6.4028716e+02   1.2044874e-33
   6.4028299e+02   2.0831659e-34
   6.4027882e+02   6.0236023e-35
   6.4027464e+02   6.6853535e-35
   6.4027047e+02   1.3959313e-33
   6.4026630e+02   6.9594293e-34
   6.4026213e+02   9.7958243e-34
   6.4025796e+02   4.7854287e-34
   6.4025379e+02   1.2730776e-34
   6.4024962e+02   1.9280820e-34
   6.4024545e+02   2.6247267e-34
   6.4024128e+02   5.2501005e-35
   6.4023711e+02   6.1704176e-35
   6.4023295e+02   1.3456732e-33
   6.4022878e+02   2.9103145e-34
   6.4022461e+02   8.5010608e-34
   6.4022044e+02   9.2372571e-35
   6.4021627e+02   1.4163934e-33
   6.4021210e+02   3.4972051e-34
   6.4020793e+02   4.3436145e-34
   6.4020376e+02   8.1420427e-34
   6.4019959e+02   1.5353562e-33
   6.4019542e+02   8.7742002e-34
   6.4019125e+02   1.2673797e-34
   6.4018708e+02   4.2896271e-34
   6.4018291e+02   1.3631490e-33
   6.4017874e+02   1.4603459e-33
   6.4017457e+02   1.0529713e-33
   6.4017041e+02   5.3711274e-34
   6.4016624e+02   1.9178771e-33
   6.4016207e+02   5.1822327e-34
   6.4015790e+02   2.0480971e-33
   6.4015373e+02   2.1034745e-34
   6.4014956e+02   1.3618133e-33
   6.4014539e+02   5.9738975e-33
   6.4014122e+02   2.3576664e-32
   6.4013706e+02   8.5286475e-32
   6.4013289e+02   2.5754521e-31
   6.4012872e+02   7.3519994e-31
   6.4012455e+02   1.9905372e-30
   6.4012038e+02   5.6872810e-30
   6.4011621e+02   1.5454731e-29
   6.4011205e+02   4.2594309e-29
   6.4010788e+02   1.1581167e-28
   6.4010371e+02   3.1463656e-28
   6.4009954e+02   8.4451610e-28
   6.4009537e+02   2.2540039e-27
   6.4009121e+02   5.9820930e-27
   6.4008704e+02   1.5777326e-26
   6.4008287e+02   4.1365147e-26
   6.4007870e+02   1.0778249e-25
   6.4007454e+02   2.7913248e-25
   6.4007037e+02   7.1830484e-25
   6.4006620e+02   1.8370473e-24
   6.4006203e+02   4.6686459e-24
   6.4005787e+02   1.1789835e-23
   6.4005370e+02   2.9583561e-23
   6.4004953e+02   7.3755245e-23
   6.4004536e+02   1.8268993e-22
   6.4004120e+02   4.4956453e-22
   6.4003703e+02   1.0990140e-21
   6.4003286e+02   2.6688601e-21
   6.4002869e+02   6.4377788e-21
   6.4002453e+02   1.5424501e-20
   6.4002036e+02   3.6705197e-20
   6.4001619e+02   8.6748532e-20
   6.4001203e+02   2.0360629e-19
   6.4000786e+02   4.7455991e-19
   6.4000369e+02   1.0983426e-18
   6.3999953e+02   2.5241063e-18
   6.3999536e+02   5.7593887e-18
   6.3999119e+02   1.3047279e-17
   6.3998703e+02   2.9343646e-17
   6.3998286e+02   6.5514052e-17
   6.3997869e+02   1.4519669e-16
   6.3997453e+02   3.1941581e-16
   6.3997036e+02   6.9744347e-16
   6.3996620e+02   1.5114369e-15
   6.3996203e+02   3.2506847e-15
   6.3995786e+02   6.9380738e-15
   6.3995370e+02   1.4694596e-14
   6.3994953e+02   3.0882074e-14
   6.3994536e+02   6.4396286e-14
   6.3994120e+02   1.3322821e-13
   6.3993703e+02   2.7345644e-13
   6.3993287e+02   5.5681677e-13
   6.3992870e+02   1.1247198e-12
   6.3992454e+02   2.2535130e-12
   6.3992037e+02   4.4785294e-12
   6.3991620e+02   8.8276782e-12
   6.3991204e+02   1.7257167e-11
   6.3990787e+02   3.3456528e-11
   6.3990371e+02   6.4321656e-11
   6.3989954e+02   1.2262398e-10
   6.3989538e+02   2.3179952e-10
   6.3989121e+02   4.3445618e-10
   6.3988705e+02   8.0733431e-10
   6.3988288e+02   1.4873488e-09
   6.3987872e+02   2.7164554e-09
   6.3987455e+02   4.9181458e-09
   6.3987039e+02   8.8264977e-09
   6.3986622e+02   1.5701574e-08
   6.3986206e+02   2.7685077e-08
   6.3985789e+02   4.8381196e-08
   6.3985373e+02   8.3794750e-08
   6.3984956e+02   1.4382950e-07
   6.3984540e+02   2.4465399e-07
   6.3984123e+02   4.1239422e-07
   6.3983707e+02   6.8883034e-07
   6.3983290e+02   1.1400806e-06
   6.3982874e+02   1.8696800e-06
   6.3982458e+02   3.0380374e-06
   6.3982041e+02   4.8910205e-06
   6.3981625e+02   7.8014199e-06
   6.3981208e+02   1.2328316e-05
   6.3980792e+02   1.9300957e-05
   6.3980375e+02   2.9935662e-05
   6.3979959e+02   4.5996505e-05
   6.3979543e+02   7.0013001e-05
   6.3979126e+02   1.0557073e-04
   6.3978710e+02   1.5769336e-04
   6.3978293e+02   2.3333702e-04
   6.3977877e+02   3.4201935e-04
   6.3977461e+02   4.9660621e-04
   6.3977044e+02   7.1427747e-04
   6.3976628e+02   1.0176895e-03
   6.3976212e+02   1.4363445e-03
   6.3975795e+02   2.0081672e-03
   6.3975379e+02   2.7812708e-03
   6.3974962e+02   3.8158784e-03
   6.3974546e+02   5.1863378e-03
   6.3974130e+02   6.9831405e-03
   6.3973713e+02   9.3148245e-03
   6.3973297e+02   1.2309609e-02
   6.3972881e+02   1.6116584e-02
   6.3972465e+02   2.0906236e-02
   6.3972048e+02   2.6870119e-02
   6.3971632e+02   3.4219418e-02
   6.3971216e+02   4.3182237e-02
   6.3970799e+02   5.3999417e-02
   6.3970383e+02   6.6918803e-02
   6.3969967e+02   8.2187921e-02
   6.3969551e+02   1.0004514e-01
   6.3969134e+02   1.2070952e-01
   6.3968718e+02   1.4436962e-01
   6.3968302e+02   1.7117174e-01
   6.3967885e+02   2.0120811e-01
   6.3967469e+02   2.3450562e-01
   6.3967053e+02   2.7101582e-01
   6.3966637e+02   3.1060679e-01
   6.3966221e+02   3.5305762e-01
   6.3965804e+02   3.9805596e-01
   6.3965388e+02   4.4519913e-01
   6.3964972e+02   4.9399901e-01
   6.3964556e+02   5.4389071e-01
   6.3964139e+02   5.9424493e-01
   6.3963723e+02   6.4438357e-01
   6.3963307e+02   6.9359792e-01
   6.3962891e+02   7.4116882e-01
   6.3962475e+02   7.8638770e-01
   6.3962059e+02   8.2857772e-01
   6.3961642e+02   8.6711392e-01
   6.3961226e+02   9.0144151e-01
   6.3960810e+02   9.3109151e-01
   6.3960394e+02   9.5569307e-01
   6.3959978e+02   9.7498204e-01
   6.3959562e+02   9.8880552e-01
   6.3959145e+02   9.9712239e-01
   6.3958729e+02   1.0000000e+00
   6.3958313e+02   9.9760736e-01
   6.3957897e+02   9.9020535e-01
   6.3957481e+02   9.7813457e-01
   6.3957065e+02   9.6180152e-01
   6.3956649e+02   9.4166373e-01
   6.3956233e+02   9.1821467e-01
   6.3955817e+02   8.9196889e-01
   6.3955400e+02   8.6344802e-01
   6.3954984e+02   8.3316809e-01
   6.3954568e+02   8.0162839e-01
   6.3954152e+02   7.6930223e-01
   6.3953736e+02   7.3662958e-01
   6.3953320e+02   7.0401166e-01
   6.3952904e+02   6.7180739e-01
   6.3952488e+02   6.4033159e-01
   6.3952072e+02   6.0985468e-01
   6.3951656e+02   5.8060375e-01
   6.3951240e+02   5.5276461e-01
   6.3950824e+02   5.2648482e-01
   6.3950408e+02   5.0187722e-01
   6.3949992e+02   4.7902389e-01
   6.3949576e+02   4.5798035e-01
   6.3949160e+02   4.3877977e-01
   6.3948744e+02   4.2143714e-01
   6.3948328e+02   4.0595317e-01
   6.3947912e+02   3.9231804e-01
   6.3947496e+02   3.8051469e-01
   6.3947080e+02   3.7052185e-01
   6.3946664e+02   3.6231659e-01
   6.3946248e+02   3.5587652e-01
   6.3945832e+02   3.5118159e-01
   6.3945416e+02   3.4821546e-01
   6.3945000e+02   3.4696648e-01
   6.3944584e+02   3.4742832e-01
   6.3944168e+02   3.4960012e-01
   6.3943752e+02   3.5348636e-01
   6.3943336e+02   3.5909633e-01
   6.3942920e+02   3.6644315e-01
   6.3942504e+02   3.7554244e-01
   6.3942088e+02   3.8641066e-01
   6.3941673e+02   3.9906297e-01
   6.3941257e+02   4.1351075e-01
   6.3940841e+02   4.2975872e-01
   6.3940425e+02   4.4780179e-01
   6.3940009e+02   4.6762143e-01
   6.3939593e+02   4.8918199e-01
   6.3939177e+02   5.1242668e-01
   6.3938761e+02   5.3727357e-01
   6.3938345e+02   5.6361158e-01
   6.3937930e+02   5.9129672e-01
   6.3937514e+02   6.2014872e-01
   6.3937098e+02   6.4994820e-01
   6.3936682e+02   6.8043469e-01
   6.3936266e+02   7.1130569e-01
   6.3935850e+02   7.4221695e-01
   6.3935435e+02   7.7278426e-01
   6.3935019e+02   8.0258684e-01
   6.3934603e+02   8.3117254e-01
   6.3934187e+02   8.5806487e-01
   6.3933771e+02   8.8277188e-01
   6.3933355e+02   9.0479673e-01
   6.3932940e+02   9.2364984e-01
   6.3932524e+02   9.3886221e-01
   6.3932108e+02   9.4999951e-01
   6.3931692e+02   9.5667652e-01
   6.3931277e+02   9.5857121e-01
   6.3930861e+02   9.5543783e-01
   6.3930445e+02   9.4711845e-01
   6.3930029e+02   9.3355219e-01
   6.3929614e+02   9.1478164e-01
   6.3929198e+02   8.9095587e-01
   6.3928782e+02   8.6232990e-01
   6.3928366e+02   8.2926019e-01
   6.3927951e+02   7.9219645e-01
   6.3927535e+02   7.5166980e-01
   6.3927119e+02   7.0827782e-01
   6.3926703e+02   6.6266706e-01
   6.3926288e+02   6.1551380e-01
   6.3925872e+02   5.6750393e-01
   6.3925456e+02   5.1931290e-01
   6.3925041e+02   4.7158653e-01
   6.3924625e+02   4.2492372e-01
   6.3924209e+02   3.7986163e-01
   6.3923794e+02   3.3686399e-01
   6.3923378e+02   2.9631288e-01
   6.3922962e+02   2.5850415e-01
   6.3922547e+02   2.2364642e-01
   6.3922131e+02   1.9186350e-01
   6.3921715e+02   1.6319971e-01
   6.3921300e+02   1.3762764e-01
   6.3920884e+02   1.1505776e-01
   6.3920468e+02   9.5349142e-02
   6.3920053e+02   7.8320769e-02
   6.3919637e+02   6.3762737e-02
   6.3919221e+02   5.1446907e-02
   6.3918806e+02   4.1136586e-02
   6.3918390e+02   3.2594930e-02
   6.3917975e+02   2.5591908e-02
   6.3917559e+02   1.9909753e-02
   6.3917143e+02   1.5346917e-02
   6.3916728e+02   1.1720651e-02
   6.3916312e+02   8.8683432e-03
   6.3915897e+02   6.6478316e-03
   6.3915481e+02   4.9368784e-03
   6.3915066e+02   3.6320306e-03
   6.3914650e+02   2.6470520e-03
   6.3914234e+02   1.9111033e-03
   6.3913819e+02   1.3668122e-03
   6.3913403e+02   9.6834961e-04
   6.3912988e+02   6.7959675e-04
   6.3912572e+02   4.7245955e-04
   6.3912157e+02   3.2536587e-04
   6.3911741e+02   2.2195987e-04
   6.3911326e+02   1.4999415e-04
   6.3910910e+02   1.0040958e-04
   6.3910495e+02   6.6585800e-05
   6.3910079e+02   4.3742097e-05
   6.3909664e+02   2.8466627e-05
   6.3909248e+02   1.8352653e-05
   6.3908833e+02   1.1721877e-05
   6.3908417e+02   7.4172154e-06
   6.3908002e+02   4.6498722e-06
   6.3907586e+02   2.8880811e-06
   6.3907171e+02   1.7772917e-06
   6.3906755e+02   1.0836837e-06
   6.3906340e+02   6.5471937e-07
   6.3905925e+02   3.9195104e-07
   6.3905509e+02   2.3251353e-07
   6.3905094e+02   1.3668503e-07
   6.3904678e+02   7.9628246e-08
   6.3904263e+02   4.5973189e-08
   6.3903847e+02   2.6305816e-08
   6.3903432e+02   1.4918582e-08
   6.3903017e+02   8.3859331e-09
   6.3902601e+02   4.6724351e-09
   6.3902186e+02   2.5806175e-09
   6.3901770e+02   1.4129062e-09
   6.3901355e+02   7.6689093e-10
   6.3900940e+02   4.1267306e-10
   6.3900524e+02   2.2016733e-10
   6.3900109e+02   1.1646520e-10
   6.3899693e+02   6.1088383e-11
   6.3899278e+02   3.1773361e-11
   6.3898863e+02   1.6388261e-11
   6.3898447e+02   8.3828399e-12
   6.3898032e+02   4.2526692e-12
   6.3897617e+02   2.1397742e-12
   6.3897201e+02   1.0679086e-12
   6.3896786e+02   5.2866935e-13
   6.3896371e+02   2.5962245e-13
   6.3895955e+02   1.2648316e-13
   6.3895540e+02   6.1133593e-14
   6.3895125e+02   2.9316244e-14
   6.3894710e+02   1.3948979e-14
   6.3894294e+02   6.5857733e-15
   6.3893879e+02   3.0855027e-15
   6.3893464e+02   1.4345791e-15
   6.3893048e+02   6.6195278e-16
   6.3892633e+02   3.0315035e-16
   6.3892218e+02   1.3779777e-16
   6.3891803e+02   6.2173292e-17
   6.3891387e+02   2.7846303e-17
   6.3890972e+02   1.2381054e-17
   6.3890557e+02   5.4651033e-18
   6.3890142e+02   2.3950471e-18
   6.3889726e+02   1.0421466e-18
   6.3889311e+02   4.5026347e-19
   6.3888896e+02   1.9317533e-19
   6.3888481e+02   8.2301454e-20
   6.3888065e+02   3.4822331e-20
   6.3887650e+02   1.4632773e-20
   6.3887235e+02   6.1071270e-21
   6.3886820e+02   2.5316987e-21
   6.3886405e+02   1.0424992e-21
   6.3885989e+02   4.2643256e-22
   6.3885574e+02   1.7328429e-22
   6.3885159e+02   6.9955650e-23
   6.3884744e+02   2.8058404e-23
   6.3884329e+02   1.1181742e-23
   6.3883914e+02   4.4277861e-24
   6.3883498e+02   1.7421588e-24
   6.3883083e+02   6.8118484e-25
   6.3882668e+02   2.6468478e-25
   6.3882253e+02   1.0220631e-25
   6.3881838e+02   3.9231465e-26
   6.3881423e+02   1.4960350e-26
   6.3881008e+02   5.6718938e-27
   6.3880593e+02   2.1368383e-27
   6.3880177e+02   8.0039387e-28
   6.3879762e+02   2.9748665e-28
   6.3879347e+02   1.1044993e-28
   6.3878932e+02   4.0394213e-29
   6.3878517e+02   1.4634975e-29
   6.3878102e+02   5.2532397e-30
   6.3877687e+02   1.8364676e-30
   6.3877272e+02   6.5811022e-31
   6.3876857e+02   2.1297105e-31
   6.3876442e+02   5.2335277e-32
   6.3876027e+02   1.5204213e-32
   6.3875612e+02   4.2561112e-33
   6.3875197e+02   1.4119199e-34
   6.3874782e+02   1.5201779e-33
   6.3874366e+02   3.9070245e-34
   6.3873951e+02   6.0456035e-34
   6.3873536e+02   7.7404079e-34
   6.3873121e+02   8.5197880e-34
   6.3872706e+02   1.4814245e-33
   6.3872291e+02   5.2163712e-34
   6.3871876e+02   7.7001186e-34
   6.3871461e+02   2.1073699e-33
   6.3871046e+02   7.2137030e-34
   6.3870631e+02   2.1155181e-34
   6.3870216e+02   1.4409238e-33
   6.3869801e+02   4.3455721e-34
   6.3869386e+02   3.4842605e-33
   6.3868972e+02   8.2473996e-34
   6.3868557e+02   3.2093311e-34
   6.3868142e+02   4.9068813e-33
   6.3867727e+02   1.3858675e-33
   6.3867312e+02   2.9914736e-34
   6.3866897e+02   1.2083743e-33
   6.3866482e+02   1.5131972e-34
   6.3866067e+02   3.6910188e-33
   6.3865652e+02   2.0064650e-33
   6.3865237e+02   2.2939926e-34
   6.3864822e+02   2.2814867e-34
   6.3864407e+02   3.3176355e-35
   6.3863992e+02   2.4267469e-34
   6.3863577e+02   2.7730666e-34
   6.3863163e+02   2.7326117e-34
   6.3862748e+02   7.2225202e-34
   6.3862333e+02   1.8776712e-34
   6.3861918e+02   5.0334059e-34
   6.3861503e+02   4.9912830e-34
   6.3861088e+02   1.1432977e-35
   6.3860673e+02   6.6594564e-35
   6.3860258e+02   7.6953066e-34
   6.3859844e+02   7.1414395e-35
   6.3859429e+02   4.0099188e-35
   6.3859014e+02   6.0859057e-34
   6.3858599e+02   4.7077540e-34
   6.3858184e+02   6.9973835e-34
   6.3857769e+02   4.4443171e-34
   6.3857355e+02   4.6987863e-34
   6.3856940e+02   3.1996071e-34
   6.3856525e+02   4.9017345e-34
   6.3856110e+02   1.4038178e-33
   6.3855695e+02   5.8812345e-34
   6.3855281e+02   2.2470239e-35
   6.3854866e+02   1.8917603e-33
   6.3854451e+02   7.3036026e-34
   6.3854036e+02   1.0150113e-33
   6.3853622e+02   4.9878107e-35
   6.3853207e+02   5.4788200e-34
   6.3852792e+02   1.6498943e-33
   6.3852377e+02   3.7255126e-34
   6.3851963e+02   1.1707500e-34
   6.3851548e+02   2.7025047e-34
   6.3851133e+02   2.1727639e-34
   6.3850718e+02   3.4078561e-34
   6.3850304e+02   1.2025300e-34
   6.3849889e+02   3.1696195e-35
   6.3849474e+02   2.2479975e-34
   6.3849060e+02   2.7750676e-34
   6.3848645e+02   3.2027182e-34
   6.3848230e+02   6.9230864e-34
   6.3847815e+02   7.8168000e-35
   6.3847401e+02   1.7039847e-34
   6.3846986e+02   8.9511837e-34
   6.3846571e+02   6.5207797e-35
   6.3846157e+02   3.2669651e-35
   6.3845742e+02   1.6899118e-33
   6.3845327e+02   2.3517697e-34
   6.3844913e+02   3.9671370e-34
   6.3844498e+02   1.3066565e-34
   6.3844083e+02   1.0307613e-33
   6.3843669e+02   6.3726470e-35
   6.3843254e+02   3.0583676e-34
   6.3842840e+02   7.4101457e-34
   6.3842425e+02   2.0752829e-34
   6.3842010e+02   1.8576132e-34
   6.3841596e+02   7.9061898e-34
   6.3841181e+02   1.9048692e-34
   6.3840767e+02   4.9674078e-34
   6.3840352e+02   2.8103659e-35
   6.3839937e+02   9.7661448e-35
   6.3839523e+02   5.2652933e-34
   6.3839108e+02   2.2845577e-34
   6.3838694e+02   7.7447826e-35
   6.3838279e+02   1.4368444e-34
   6.3837864e+02   1.5386492e-35
   6.3837450e+02   5.6561558e-34
   6.3837035e+02   2.8043231e-34
   6.3836621e+02   9.1909211e-36
   6.3836206e+02   1.7514574e-34
   6.3835792e+02   1.0625942e-34
   6.3835377e+02   1.1332924e-33
   6.3834963e+02   4.2973038e-34
   6.3834548e+02   3.0371359e-34
   6.3834134e+02   4.0951839e-35
   6.3833719e+02   1.2164581e-34
   6.3833305e+02   8.0027178e-35
   6.3832890e+02   3.0353781e-34
   6.3832476e+02   9.6416395e-34
   6.3832061e+02   1.2499596e-35
   6.3831647e+02   2.9602772e-34
   6.3831232e+02   2.9776729e-35
   6.3830818e+02   2.9070503e-34
   6.3830403e+02   5.1159888e-34
   6.3829989e+02   1.7207606e-34
   6.3829574e+02   3.4795593e-34
   6.3829160e+02   7.8513419e-34
   6.3828746e+02   4.4993846e-34
   6.3828331e+02   1.9695823e-35
   6.3827917e+02   2.0542087e-34
   6.3827502e+02   4.4254107e-34
   6.3827088e+02   1.4459531e-36
   6.3826673e+02   1.2029922e-34
   6.3826259e+02   4.4637407e-34
   6.3825845e+02   5.0200109e-34
   6.3825430e+02   4.9599766e-35
   6.3825016e+02   3.2007439e-34
   6.3824601e+02   6.6012554e-34
   6.3824187e+02   1.3328208e-34
   6.3823773e+02   9.2794318e-35
   6.3823358e+02   4.5812358e-34
   6.3822944e+02   3.8434653e-34
   6.3822530e+02   1.8636392e-34
   6.3822115e+02   1.2189097e-34
   6.3821701e+02   3.3446581e-34
   6.3821286e+02   3.4733750e-35
   6.3820872e+02   2.7670151e-34
   6.3820458e+02   9.8001332e-34
   6.3820043e+02   5.4989346e-35
   6.3819629e+02   1.9084410e-34
   6.3819215e+02   5.8941442e-34
   6.3818801e+02   1.0669245e-35
   6.3818386e+02   4.8439216e-34
   6.3817972e+02   1.5042694e-35
   6.3817558e+02   1.2891607e-35
   6.3817143e+02   6.3966959e-35
   6.3816729e+02   9.2844616e-35
   6.3816315e+02   8.1396918e-35
   6.3815900e+02   9.9591836e-35
   6.3815486e+02   2.7125892e-34
   6.3815072e+02   9.8690289e-34
   6.3814658e+02   4.5498475e-35
   6.3814243e+02   9.4642952e-35
   6.3813829e+02   1.3007531e-34
   6.3813415e+02   1.7499400e-34
   6.3813001e+02   1.9653530e-34
   6.3812586e+02   4.7738486e-34
   6.3812172e+02   1.1106955e-34
   6.3811758e+02   3.6253907e-35
   6.3811344e+02   4.8297267e-34
   6.3810930e+02   1.8810290e-34
   6.3810515e+02   4.1450672e-34
   6.3810101e+02   2.3725356e-34
   6.3809687e+02   2.5658910e-34
   6.3809273e+02   2.4618980e-35
   6.3808859e+02   3.5929372e-34
   6.3808444e+02   1.4289792e-34
   6.3808030e+02   4.3551152e-34
   6.3807616e+02   4.2011979e-34
   6.3807202e+02   3.3953553e-34
   6.3806788e+02   4.3263412e-34
   6.3806374e+02   8.8363439e-35
   6.3805959e+02   1.9030073e-34
   6.3805545e+02   1.6853268e-35
   6.3805131e+02   3.9937583e-34
   6.3804717e+02   1.7874720e-34
   6.3804303e+02   1.5228210e-34
   6.3803889e+02   5.2059354e-35
   6.3803475e+02   1.0470038e-34
   6.3803061e+02   5.1031801e-34
   6.3802646e+02   3.8842339e-34
   6.3802232e+02   1.1732941e-33
   6.3801818e+02   1.6862803e-33
   6.3801404e+02   6.7913430e-34
   6.3800990e+02   4.1822331e-34
   6.3800576e+02   7.2554655e-34
   6.3800162e+02   2.2635440e-33
   6.3799748e+02   4.5286313e-34
   6.3799334e+02   1.2777307e-33
   6.3798920e+02   5.0756856e-34
   6.3798506e+02   2.1110159e-34
   6.3798092e+02   1.5791326e-33
   6.3797678e+02   3.7748922e-34
   6.3797264e+02   3.1184906e-35
   6.3796850e+02   4.8025026e-34
   6.3796436e+02   1.5453089e-34
   6.3796022e+02   3.3896811e-34
   6.3795608e+02   4.2482935e-34
   6.3795194e+02   8.9424161e-34
   6.3794780e+02   3.5726805e-34
   6.3794366e+02   3.2977059e-34
   6.3793952e+02   9.2306890e-35
   6.3793538e+02   8.0812889e-34
   6.3793124e+02   3.7130508e-34
   6.3792710e+02   1.8388356e-35
   6.3792296e+02   1.0112233e-34
   6.3791882e+02   1.4887468e-34
   6.3791468e+02   7.0263247e-35
   6.3791054e+02   1.3314850e-33
   6.3790640e+02   9.6208243e-35
   6.3790226e+02   1.0459457e-33
   6.3789812e+02   4.7467952e-34
   6.3789398e+02   8.5752638e-34
   6.3788984e+02   1.5151721e-34
   6.3788570e+02   1.5711577e-35
   6.3788156e+02   1.7942027e-34
   6.3787742e+02   6.3027239e-35
   6.3787328e+02   9.3833012e-35
   6.3786915e+02   6.0498932e-34
   6.3786501e+02   6.4649707e-34
   6.3786087e+02   2.9992923e-34
   6.3785673e+02   1.9850852e-34
   6.3785259e+02   2.5917886e-34
   6.3784845e+02   8.5768155e-34
   6.3784431e+02   2.6211256e-34
   6.3784017e+02   2.1013377e-34
   6.3783604e+02   5.6817948e-34
   6.3783190e+02   6.6901992e-36
   6.3782776e+02   1.3539519e-34
   6.3782362e+02   4.8068911e-34
   6.3781948e+02   8.6261322e-35
   6.3781534e+02   9.3150767e-35
   6.3781120e+02   3.1067308e-34
   6.3780707e+02   1.7850828e-34
   6.3780293e+02   1.6931924e-34
   6.3779879e+02   5.5282520e-35
   6.3779465e+02   1.2459274e-34
   6.3779051e+02   5.2318315e-35
   6.3778638e+02   7.1701110e-34
   6.3778224e+02   4.8935251e-35
   6.3777810e+02   2.6699199e-34
   6.3777396e+02   7.1851594e-34
   6.3776983e+02   1.4346974e-34
   6.3776569e+02   8.5915829e-35
   6.3776155e+02   8.9620384e-34
   6.3775741e+02   1.6271946e-35
   6.3775328e+02   6.4357494e-35
   6.3774914e+02   1.0895921e-34
   6.3774500e+02   2.3010226e-34
   6.3774086e+02   2.1407839e-34
   6.3773673e+02   1.1836753e-33
   6.3773259e+02   9.4101169e-34
   6.3772845e+02   2.6143801e-34
   6.3772431e+02   2.2628561e-34
   6.3772018e+02   2.5497413e-34
   6.3771604e+02   6.7676482e-34
   6.3771190e+02   2.9343237e-34
   6.3770777e+02   1.6379330e-34
   6.3770363e+02   5.1386117e-34
   6.3769949e+02   1.3517020e-34
   6.3769536e+02   1.4799683e-34
   6.3769122e+02   5.0079680e-34
   6.3768708e+02   8.3095154e-34
   6.3768295e+02   2.7870176e-34
   6.3767881e+02   6.1644958e-34
   6.3767467e+02   6.2505548e-34
   6.3767054e+02   6.2169480e-34
   6.3766640e+02   1.6459393e-34
   6.3766226e+02   8.3995818e-35
   6.3765813e+02   2.1351302e-34
   6.3765399e+02   2.3122324e-34
   6.3764986e+02   2.7533176e-34
   6.3764572e+02   1.9135355e-34
   6.3764158e+02   4.4574054e-35
   6.3763745e+02   1.4999598e-34
   6.3763331e+02   1.9484944e-35
   6.3762918e+02   3.7207557e-34
   6.3762504e+02   1.7836606e-35
   6.3762090e+02   3.4157137e-35
   6.3761677e+02   1.7829562e-34
   6.3761263e+02   3.5666035e-34
   6.3760850e+02   5.3993108e-35
   6.3760436e+02   3.9511156e-34
   6.3760023e+02   4.1693660e-34
   6.3759609e+02   1.0511730e-36
   6.3759195e+02   6.7840872e-35
   6.3758782e+02   2.6417533e-34
   6.3758368e+02   2.2288675e-34
   6.3757955e+02   1.2261693e-34
   6.3757541e+02   1.2505455e-34
   6.3757128e+02   5.0658978e-34
   6.3756714e+02   1.8153412e-34
   6.3756301e+02   2.3511819e-34
   6.3755887e+02   3.1008755e-34
   6.3755474e+02   5.1320081e-34
   6.3755060e+02   4.0917926e-35
   6.3754647e+02   7.5659309e-35
   6.3754233e+02   2.5208202e-34
   6.3753820e+02   2.5701503e-35
   6.3753406e+02   1.0017814e-34
   6.3752993e+02   2.3125218e-34
   6.3752580e+02   9.6568724e-35
   6.3752166e+02   9.8395098e-35
   6.3751753e+02   1.6291170e-35
   6.3751339e+02   1.7735135e-34
   6.3750926e+02   5.3282657e-34
   6.3750512e+02   2.4668925e-34
   6.3750099e+02   2.4233741e-34
   6.3749686e+02   2.1848085e-34
   6.3749272e+02   3.0221391e-35
   6.3748859e+02   7.1012776e-35
   6.3748445e+02   6.8781900e-35
   6.3748032e+02   3.5791093e-34
   6.3747619e+02   1.0667256e-34
   6.3747205e+02   1.0332809e-33
   6.3746792e+02   1.3348927e-34
   6.3746378e+02   5.2553794e-34
   6.3745965e+02   1.0024718e-33
   6.3745552e+02   6.9316722e-34
   6.3745138e+02   4.2455919e-34
   6.3744725e+02   2.5122901e-33
   6.3744312e+02   5.9180138e-34
   6.3743898e+02   2.0665499e-34
   6.3743485e+02   6.0718644e-34
   6.3743072e+02   1.4616328e-33
   6.3742658e+02   3.3758888e-34
   6.3742245e+02   6.2186863e-34
   6.3741832e+02   1.5455830e-34
   6.3741418e+02   4.7453003e-34
   6.3741005e+02   1.5692412e-33
   6.3740592e+02   9.4770145e-34
   6.3740178e+02   5.7330355e-34
   6.3739765e+02   2.4720950e-34
   6.3739352e+02   5.3093782e-34
   6.3738939e+02   2.3577603e-34
   6.3738525e+02   1.0684459e-33
   6.3738112e+02   8.9360357e-35
   6.3737699e+02   8.8574514e-34
