   6.4153654e+02   2.1668147e-34
   6.4153235e+02   1.8129736e-34
   6.4152817e+02   1.2496724e-34
   6.4152398e+02   2.9443163e-34
   6.4151979e+02   1.2223675e-34
   6.4151561e+02   1.2337942e-34
   6.4151142e+02   5.2998110e-35
   6.4150723e+02   1.4375332e-34
   6.4150305e+02   2.4228086e-34
   6.4149886e+02   6.2030601e-35
   6.4149468e+02   7.9568157e-34
   6.4149049e+02   2.9069653e-35
   6.4148630e+02   7.0440764e-35
   6.4148212e+02   1.0710733e-33
   6.4147793e+02   1.0788894e-34
   6.4147375e+02   2.2201929e-35
   6.4146956e+02   1.4523642e-34
   6.4146537e+02   3.6332743e-34
   6.4146119e+02   1.5565845e-34
   6.4145700e+02   5.3405031e-34
   6.4145282e+02   7.2680554e-35
   6.4144863e+02   1.4574045e-34
   6.4144445e+02   2.7441647e-34
   6.4144026e+02   6.1787498e-35
   6.4143608e+02   1.4022976e-35
   6.4143189e+02   5.6830124e-34
   6.4142770e+02   3.9495383e-34
   6.4142352e+02   1.4110250e-34
   6.4141933e+02   1.2392388e-34
   6.4141515e+02   4.7181209e-34
   6.4141096e+02   5.9859951e-35
   6.4140678e+02   2.3631094e-34
   6.4140259e+02   3.2496281e-35
   6.4139841e+02   2.9983479e-35
   6.4139422e+02   1.7776663e-34
   6.4139004e+02   2.6656702e-34
   6.4138585e+02   6.1308768e-34
   6.4138167e+02   1.0248408e-34
   6.4137749e+02   1.1841434e-34
   6.4137330e+02   6.1543873e-36
   6.4136912e+02   1.0756015e-35
   6.4136493e+02   6.9054408e-35
   6.4136075e+02   6.9116213e-34
   6.4135656e+02   1.0046223e-34
   6.4135238e+02   2.2972061e-35
   6.4134819e+02   9.6861307e-35
   6.4134401e+02   2.0281949e-35
   6.4133983e+02   1.4057804e-36
   6.4133564e+02   5.1065627e-35
   6.4133146e+02   2.8129354e-34
   6.4132727e+02   2.0508859e-34
   6.4132309e+02   8.7035729e-35
   6.4131891e+02   7.6935496e-35
   6.4131472e+02   1.3367124e-34
   6.4131054e+02   1.5723945e-34
   6.4130635e+02   3.9427808e-34
   6.4130217e+02   8.4622305e-35
   6.4129799e+02   1.5249727e-34
   6.4129380e+02   3.4933068e-34
   6.4128962e+02   3.6916260e-34
   6.4128544e+02   4.7908832e-35
   6.4128125e+02   8.7058319e-35
   6.4127707e+02   4.9838368e-36
   6.4127289e+02   2.0537450e-34
   6.4126870e+02   1.4123442e-34
   6.4126452e+02   1.1894500e-34
   6.4126034e+02   2.0650491e-34
   6.4125615e+02   8.9623668e-35
   6.4125197e+02   3.4134528e-34
   6.4124779e+02   1.3696559e-34
   6.4124361e+02   6.8485460e-35
   6.4123942e+02   2.1093715e-35
   6.4123524e+02   3.3711013e-34
   6.4123106e+02   3.0865274e-34
   6.4122687e+02   1.3844026e-33
   6.4122269e+02   1.8117263e-34
   6.4121851e+02   4.4679799e-34
   6.4121433e+02   3.6137930e-33
   6.4121014e+02   1.4563796e-34
   6.4120596e+02   7.1396902e-35
   6.4120178e+02   7.1091162e-34
   6.4119760e+02   2.9026817e-34
   6.4119341e+02   7.2228664e-34
   6.4118923e+02   1.9811449e-33
   6.4118505e+02   1.2118520e-34
   6.4118087e+02   5.1241018e-34
   6.4117669e+02   6.8417245e-35
   6.4117250e+02   2.0164716e-34
   6.4116832e+02   2.2764132e-34
   6.4116414e+02   1.9624266e-34
   6.4115996e+02   5.6604332e-34
   6.4115578e+02   2.0320755e-34
   6.4115160e+02   4.7118617e-34
   6.4114741e+02   1.9344611e-34
   6.4114323e+02   6.3805943e-34
   6.4113905e+02   1.3398654e-34
   6.4113487e+02   4.5286913e-34
   6.4113069e+02   8.5505266e-34
   6.4112651e+02   2.6535995e-34
   6.4112232e+02   2.1368218e-34
   6.4111814e+02   3.5649324e-34
   6.4111396e+02   4.9961460e-34
   6.4110978e+02   4.9983217e-34
   6.4110560e+02   7.9497360e-35
   6.4110142e+02   3.1043100e-35
   6.4109724e+02   6.4512666e-36
   6.4109306e+02   1.1142216e-33
   6.4108888e+02   2.5449195e-35
   6.4108470e+02   1.8104199e-34
   6.4108051e+02   7.0990906e-34
   6.4107633e+02   4.3679509e-34
   6.4107215e+02   2.9843500e-34
   6.4106797e+02   1.5579392e-34
   6.4106379e+02   8.1982308e-34
   6.4105961e+02   2.3538237e-34
   6.4105543e+02   9.5541304e-34
   6.4105125e+02   4.9035678e-35
   6.4104707e+02   6.3036438e-34
   6.4104289e+02   2.5055782e-34
   6.4103871e+02   2.7713104e-35
   6.4103453e+02   1.8316669e-34
   6.4103035e+02   8.6497080e-34
   6.4102617e+02   1.0667508e-34
   6.4102199e+02   3.5313354e-35
   6.4101781e+02   2.4055180e-35
   6.4101363e+02   1.7873214e-34
   6.4100945e+02   1.7016744e-35
   6.4100527e+02   1.8077347e-34
   6.4100109e+02   1.6684245e-34
   6.4099691e+02   2.9501134e-34
   6.4099273e+02   3.1119471e-34
   6.4098855e+02   1.2704587e-34
   6.4098437e+02   1.7094752e-34
   6.4098019e+02   9.1620885e-34
   6.4097601e+02   2.8276352e-34
   6.4097183e+02   2.5663028e-34
   6.4096765e+02   3.4023680e-34
   6.4096348e+02   3.9897744e-34
   6.4095930e+02   1.1321824e-33
   6.4095512e+02   1.0600663e-33
   6.4095094e+02   5.1647697e-34
   6.4094676e+02   1.1446786e-33
   6.4094258e+02   3.8086332e-34
   6.4093840e+02   5.7873774e-35
   6.4093422e+02   4.1450335e-34
   6.4093004e+02   6.1808816e-34
   6.4092586e+02   7.3554030e-34
   6.4092169e+02   1.2806895e-33
   6.4091751e+02   3.0262354e-34
   6.4091333e+02   1.3910207e-34
   6.4090915e+02   3.0746797e-35
   6.4090497e+02   4.5380321e-34
   6.4090079e+02   1.9507601e-34
   6.4089661e+02   1.3251184e-35
   6.4089244e+02   3.6705183e-35
   6.4088826e+02   7.2571831e-35
   6.4088408e+02   7.2795090e-35
   6.4087990e+02   5.6899307e-36
   6.4087572e+02   5.3395737e-35
   6.4087155e+02   5.8741313e-35
   6.4086737e+02   2.9533959e-34
   6.4086319e+02   7.9553609e-35
   6.4085901e+02   5.2511448e-34
   6.4085483e+02   1.7550119e-34
   6.4085066e+02   1.9944293e-34
   6.4084648e+02   3.8928196e-34
   6.4084230e+02   5.7894995e-34
   6.4083812e+02   2.2575522e-34
   6.4083395e+02   1.0626918e-34
   6.4082977e+02   1.4691714e-34
   6.4082559e+02   1.0498516e-34
   6.4082141e+02   2.9554082e-34
   6.4081724e+02   8.5885353e-35
   6.4081306e+02   4.1387891e-34
   6.4080888e+02   1.5380886e-34
   6.4080470e+02   1.4398959e-34
   6.4080053e+02   1.9997149e-34
   6.4079635e+02   1.0204747e-34
   6.4079217e+02   1.6171234e-34
   6.4078800e+02   4.7548686e-34
   6.4078382e+02   9.1637635e-35
   6.4077964e+02   1.5065916e-34
   6.4077547e+02   5.6797310e-36
   6.4077129e+02   5.5369618e-34
   6.4076711e+02   1.8695625e-34
   6.4076294e+02   2.3804534e-35
   6.4075876e+02   1.9513348e-34
   6.4075458e+02   5.3348763e-34
   6.4075041e+02   1.1663182e-34
   6.4074623e+02   1.8750557e-34
   6.4074205e+02   1.8217915e-34
   6.4073788e+02   9.6650669e-36
   6.4073370e+02   1.8671833e-33
   6.4072952e+02   1.4066383e-34
   6.4072535e+02   2.9292152e-34
   6.4072117e+02   4.3638175e-34
   6.4071700e+02   2.6256256e-34
   6.4071282e+02   2.8210358e-34
   6.4070864e+02   2.2793554e-34
   6.4070447e+02   2.6865950e-34
   6.4070029e+02   1.0846011e-33
   6.4069612e+02   7.9485374e-34
   6.4069194e+02   2.4174156e-34
   6.4068777e+02   6.4218241e-34
   6.4068359e+02   1.7250116e-34
   6.4067941e+02   1.8443803e-34
   6.4067524e+02   5.7244872e-34
   6.4067106e+02   6.3695519e-35
   6.4066689e+02   1.0460657e-33
   6.4066271e+02   5.1565276e-34
   6.4065854e+02   4.0268495e-34
   6.4065436e+02   7.5634390e-35
   6.4065019e+02   2.2247646e-34
   6.4064601e+02   2.5886252e-34
   6.4064184e+02   2.0570965e-34
   6.4063766e+02   1.4553147e-33
   6.4063349e+02   1.7106559e-34
   6.4062931e+02   9.3146567e-34
   6.4062514e+02   1.9858147e-36
   6.4062096e+02   9.9728837e-35
   6.4061679e+02   2.3530160e-35
   6.4061261e+02   5.5509125e-35
   6.4060844e+02   6.5897125e-34
   6.4060426e+02   4.5872696e-35
   6.4060009e+02   6.3428031e-34
   6.4059591e+02   6.6704563e-34
   6.4059174e+02   4.4295735e-34
   6.4058757e+02   1.0627940e-34
   6.4058339e+02   7.4310451e-40
   6.4057922e+02   6.6558128e-35
   6.4057504e+02   3.8122709e-34
   6.4057087e+02   7.7961989e-34
   6.4056669e+02   2.6243167e-34
   6.4056252e+02   1.5787446e-34
   6.4055835e+02   1.2940520e-35
   6.4055417e+02   9.6278572e-34
   6.4055000e+02   1.0544372e-34
   6.4054583e+02   5.4531581e-35
   6.4054165e+02   4.5910783e-35
   6.4053748e+02   7.6432572e-34
   6.4053330e+02   4.6589606e-34
   6.4052913e+02   2.6368751e-34
   6.4052496e+02   3.4902437e-34
   6.4052078e+02   1.4915568e-34
   6.4051661e+02   2.5016340e-36
   6.4051244e+02   3.8807807e-34
   6.4050826e+02   2.2875743e-34
   6.4050409e+02   6.1151921e-34
   6.4049992e+02   1.3395172e-34
   6.4049574e+02   1.0268428e-34
   6.4049157e+02   6.4959754e-34
   6.4048740e+02   3.2680747e-34
   6.4048322e+02   4.1684841e-34
   6.4047905e+02   1.8108236e-34
   6.4047488e+02   4.4736957e-35
   6.4047071e+02   5.0887657e-35
   6.4046653e+02   9.1659636e-34
   6.4046236e+02   3.5205356e-34
   6.4045819e+02   2.7615744e-34
   6.4045402e+02   1.5474161e-34
   6.4044984e+02   1.4990605e-35
   6.4044567e+02   3.5699581e-35
   6.4044150e+02   2.2458126e-34
   6.4043733e+02   5.3895221e-36
   6.4043315e+02   9.4492141e-34
   6.4042898e+02   1.2085584e-34
   6.4042481e+02   2.7497852e-34
   6.4042064e+02   7.7242480e-34
   6.4041646e+02   3.6395179e-34
   6.4041229e+02   5.2204138e-34
   6.4040812e+02   4.7095378e-34
   6.4040395e+02   1.2665647e-34
   6.4039978e+02   7.3196040e-34
   6.4039560e+02   7.0909632e-35
   6.4039143e+02   4.7893610e-34
   6.4038726e+02   3.5421497e-34
   6.4038309e+02   2.4107814e-34
   6.4037892e+02   1.3225809e-33
   6.4037475e+02   1.1466030e-34
   6.4037057e+02   1.4213707e-33
   6.4036640e+02   4.6840424e-34
   6.4036223e+02   7.1409284e-34
   6.4035806e+02   1.6072082e-34
   6.4035389e+02   3.4752742e-34
   6.4034972e+02   2.5176387e-34
   6.4034555e+02   5.0114024e-34
   6.4034138e+02   5.4882159e-34
   6.4033720e+02   1.1732321e-34
   6.4033303e+02   1.4118401e-33
   6.4032886e+02   1.8900052e-34
   6.4032469e+02   3.1285048e-34
   6.4032052e+02   1.3782425e-34
   6.4031635e+02   1.5442123e-34
   6.4031218e+02   2.2901103e-34
   6.4030801e+02   4.8501578e-34
   6.4030384e+02   4.1350597e-34
   6.4029967e+02   1.8835641e-33
   6.4029550e+02   4.7229606e-34
   6.4029133e+02   4.4927181e-34
   6.4028716e+02   1.7670429e-33
   6.4028299e+02   6.1504293e-34
   6.4027882e+02   3.3543225e-34
   6.4027464e+02   5.8650454e-35
   6.4027047e+02   9.4320406e-34
   6.4026630e+02   4.5160022e-34
   6.4026213e+02   7.4351799e-34
   6.4025796e+02   3.4057172e-34
   6.4025379e+02   3.0484504e-34
   6.4024962e+02   6.5250276e-35
   6.4024545e+02   3.0606511e-34
   6.4024128e+02   6.3990551e-35
   6.4023711e+02   1.1979562e-34
   6.4023295e+02   6.6002989e-34
   6.4022878e+02   1.8867916e-34
   6.4022461e+02   4.2513684e-34
   6.4022044e+02   3.7274703e-35
   6.4021627e+02   9.1735462e-34
   6.4021210e+02   6.0874794e-34
   6.4020793e+02   1.3384284e-34
   6.4020376e+02   2.9433200e-34
   6.4019959e+02   1.7454787e-33
   6.4019542e+02   4.6009978e-34
   6.4019125e+02   2.1465437e-35
   6.4018708e+02   5.3930443e-34
   6.4018291e+02   2.9891823e-34
   6.4017874e+02   8.4654646e-34
   6.4017457e+02   3.3276718e-34
   6.4017041e+02   2.4145440e-34
   6.4016624e+02   2.3146937e-33
   6.4016207e+02   2.3741931e-34
   6.4015790e+02   1.3260270e-33
   6.4015373e+02   3.7833108e-35
   6.4014956e+02   8.6397672e-34
   6.4014539e+02   2.2791004e-33
   6.4014122e+02   5.5571227e-35
   6.4013706e+02   3.1575764e-33
   6.4013289e+02   1.9926714e-32
   6.4012872e+02   5.9487847e-32
   6.4012455e+02   1.5707160e-31
   6.4012038e+02   5.2163445e-31
   6.4011621e+02   1.4058825e-30
   6.4011205e+02   4.1584093e-30
   6.4010788e+02   1.1740335e-29
   6.4010371e+02   3.2952166e-29
   6.4009954e+02   9.1868212e-29
   6.4009537e+02   2.5341434e-28
   6.4009121e+02   6.9656881e-28
   6.4008704e+02   1.9008544e-27
   6.4008287e+02   5.1525166e-27
   6.4007870e+02   1.3877264e-26
   6.4007454e+02   3.7149534e-26
   6.4007037e+02   9.8762931e-26
   6.4006620e+02   2.6089309e-25
   6.4006203e+02   6.8471331e-25
   6.4005787e+02   1.7852312e-24
   6.4005370e+02   4.6238012e-24
   6.4004953e+02   1.1896451e-23
   6.4004536e+02   3.0402620e-23
   6.4004120e+02   7.7172769e-23
   6.4003703e+02   1.9455865e-22
   6.4003286e+02   4.8713648e-22
   6.4002869e+02   1.2112590e-21
   6.4002453e+02   2.9908010e-21
   6.4002036e+02   7.3329246e-21
   6.4001619e+02   1.7851815e-20
   6.4001203e+02   4.3149773e-20
   6.4000786e+02   1.0354786e-19
   6.4000369e+02   2.4668647e-19
   6.3999953e+02   5.8339998e-19
   6.3999536e+02   1.3695547e-18
   6.3999119e+02   3.1912387e-18
   6.3998703e+02   7.3804184e-18
   6.3998286e+02   1.6940228e-17
   6.3997869e+02   3.8587696e-17
   6.3997453e+02   8.7225686e-17
   6.3997036e+02   1.9565029e-16
   6.3996620e+02   4.3544344e-16
   6.3996203e+02   9.6155172e-16
   6.3995786e+02   2.1065788e-15
   6.3995370e+02   4.5784814e-15
   6.3994953e+02   9.8713919e-15
   6.3994536e+02   2.1111693e-14
   6.3994120e+02   4.4784737e-14
   6.3993703e+02   9.4226691e-14
   6.3993287e+02   1.9662082e-13
   6.3992870e+02   4.0688482e-13
   6.3992454e+02   8.3497756e-13
   6.3992037e+02   1.6990826e-12
   6.3991620e+02   3.4281965e-12
   6.3991204e+02   6.8580995e-12
   6.3990787e+02   1.3602046e-11
   6.3990371e+02   2.6745015e-11
   6.3989954e+02   5.2130938e-11
   6.3989538e+02   1.0072530e-10
   6.3989121e+02   1.9290718e-10
   6.3988705e+02   3.6618611e-10
   6.3988288e+02   6.8893162e-10
   6.3987872e+02   1.2845431e-09
   6.3987455e+02   2.3735446e-09
   6.3987039e+02   4.3461091e-09
   6.3986622e+02   7.8856430e-09
   6.3986206e+02   1.4177057e-08
   6.3985789e+02   2.5253833e-08
   6.3985373e+02   4.4569838e-08
   6.3984956e+02   7.7930632e-08
   6.3984540e+02   1.3499267e-07
   6.3984123e+02   2.3164832e-07
   6.3983707e+02   3.9377474e-07
   6.3983290e+02   6.6305539e-07
   6.3982874e+02   1.1059087e-06
   6.3982458e+02   1.8270113e-06
   6.3982041e+02   2.9895207e-06
   6.3981625e+02   4.8449242e-06
   6.3981208e+02   7.7765165e-06
   6.3980792e+02   1.2361878e-05
   6.3980375e+02   1.9461421e-05
   6.3979959e+02   3.0342121e-05
   6.3979543e+02   4.6847907e-05
   6.3979126e+02   7.1630832e-05
   6.3978710e+02   1.0845989e-04
   6.3978293e+02   1.6262701e-04
   6.3977877e+02   2.4147198e-04
   6.3977461e+02   3.5504940e-04
   6.3977044e+02   5.1696072e-04
   6.3976628e+02   7.4537204e-04
   6.3976212e+02   1.0642334e-03
   6.3975795e+02   1.5047063e-03
   6.3975379e+02   2.1067933e-03
   6.3974962e+02   2.9211461e-03
   6.3974546e+02   4.0110036e-03
   6.3974130e+02   5.4541880e-03
   6.3973713e+02   7.3450522e-03
   6.3973297e+02   9.7962412e-03
   6.3972881e+02   1.2940099e-02
   6.3972465e+02   1.6929524e-02
   6.3972048e+02   2.1938052e-02
   6.3971632e+02   2.8158953e-02
   6.3971216e+02   3.5803115e-02
   6.3970799e+02   4.5095539e-02
   6.3970383e+02   5.6270303e-02
   6.3969967e+02   6.9563941e-02
   6.3969551e+02   8.5207266e-02
   6.3969134e+02   1.0341579e-01
   6.3968718e+02   1.2437899e-01
   6.3968302e+02   1.4824889e-01
   6.3967885e+02   1.7512832e-01
   6.3967469e+02   2.0505966e-01
   6.3967053e+02   2.3801454e-01
   6.3966637e+02   2.7388533e-01
   6.3966221e+02   3.1247907e-01
   6.3965804e+02   3.5351433e-01
   6.3965388e+02   3.9662157e-01
   6.3964972e+02   4.4134730e-01
   6.3964556e+02   4.8716197e-01
   6.3964139e+02   5.3347169e-01
   6.3963723e+02   5.7963319e-01
   6.3963307e+02   6.2497152e-01
   6.3962891e+02   6.6879980e-01
   6.3962475e+02   7.1043998e-01
   6.3962059e+02   7.4924375e-01
   6.3961642e+02   7.8461249e-01
   6.3961226e+02   8.1601551e-01
   6.3960810e+02   8.4300553e-01
   6.3960394e+02   8.6523091e-01
   6.3959978e+02   8.8244406e-01
   6.3959562e+02   8.9450586e-01
   6.3959145e+02   9.0138597e-01
   6.3958729e+02   9.0315935e-01
   6.3958313e+02   8.9999923e-01
   6.3957897e+02   8.9216715e-01
   6.3957481e+02   8.8000072e-01
   6.3957065e+02   8.6389965e-01
   6.3956649e+02   8.4431102e-01
   6.3956233e+02   8.2171417e-01
   6.3955817e+02   7.9660614e-01
   6.3955400e+02   7.6948794e-01
   6.3954984e+02   7.4085226e-01
   6.3954568e+02   7.1117285e-01
   6.3954152e+02   6.8089574e-01
   6.3953736e+02   6.5043248e-01
   6.3953320e+02   6.2015531e-01
   6.3952904e+02   5.9039417e-01
   6.3952488e+02   5.6143546e-01
   6.3952072e+02   5.3352220e-01
   6.3951656e+02   5.0685557e-01
   6.3951240e+02   4.8159732e-01
   6.3950824e+02   4.5787310e-01
   6.3950408e+02   4.3577619e-01
   6.3949992e+02   4.1537164e-01
   6.3949576e+02   3.9670052e-01
   6.3949160e+02   3.7978423e-01
   6.3948744e+02   3.6462852e-01
   6.3948328e+02   3.5122747e-01
   6.3947912e+02   3.3956704e-01
   6.3947496e+02   3.2962831e-01
   6.3947080e+02   3.2139034e-01
   6.3946664e+02   3.1483268e-01
   6.3946248e+02   3.0993738e-01
   6.3945832e+02   3.0669071e-01
   6.3945416e+02   3.0508444e-01
   6.3945000e+02   3.0511675e-01
   6.3944584e+02   3.0679274e-01
   6.3944168e+02   3.1012461e-01
   6.3943752e+02   3.1513140e-01
   6.3943336e+02   3.2183843e-01
   6.3942920e+02   3.3027624e-01
   6.3942504e+02   3.4047923e-01
   6.3942088e+02   3.5248381e-01
   6.3941673e+02   3.6632613e-01
   6.3941257e+02   3.8203939e-01
   6.3940841e+02   3.9965071e-01
   6.3940425e+02   4.1917753e-01
   6.3940009e+02   4.4062365e-01
   6.3939593e+02   4.6397494e-01
   6.3939177e+02   4.8919473e-01
   6.3938761e+02   5.1621909e-01
   6.3938345e+02   5.4495202e-01
   6.3937930e+02   5.7526085e-01
   6.3937514e+02   6.0697194e-01
   6.3937098e+02   6.3986700e-01
   6.3936682e+02   6.7368026e-01
   6.3936266e+02   7.0809670e-01
   6.3935850e+02   7.4275177e-01
   6.3935435e+02   7.7723268e-01
   6.3935019e+02   8.1108169e-01
   6.3934603e+02   8.4380139e-01
   6.3934187e+02   8.7486223e-01
   6.3933771e+02   9.0371226e-01
   6.3933355e+02   9.2978903e-01
   6.3932940e+02   9.5253329e-01
   6.3932524e+02   9.7140444e-01
   6.3932108e+02   9.8589690e-01
   6.3931692e+02   9.9555705e-01
   6.3931277e+02   1.0000000e+00
   6.3930861e+02   9.9892527e-01
   6.3930445e+02   9.9213080e-01
   6.3930029e+02   9.7952429e-01
   6.3929614e+02   9.6113129e-01
   6.3929198e+02   9.3709945e-01
   6.3928782e+02   9.0769828e-01
   6.3928366e+02   8.7331455e-01
   6.3927951e+02   8.3444301e-01
   6.3927535e+02   7.9167288e-01
   6.3927119e+02   7.4567064e-01
   6.3926703e+02   6.9715969e-01
   6.3926288e+02   6.4689804e-01
   6.3925872e+02   5.9565484e-01
   6.3925456e+02   5.4418706e-01
   6.3925041e+02   4.9321730e-01
   6.3924625e+02   4.4341380e-01
   6.3924209e+02   3.9537344e-01
   6.3923794e+02   3.4960856e-01
   6.3923378e+02   3.0653780e-01
   6.3922962e+02   2.6648134e-01
   6.3922547e+02   2.2966029e-01
   6.3922131e+02   1.9620002e-01
   6.3921715e+02   1.6613689e-01
   6.3921300e+02   1.3942764e-01
   6.3920884e+02   1.1596087e-01
   6.3920468e+02   9.5569608e-02
   6.3920053e+02   7.8044439e-02
   6.3919637e+02   6.3146300e-02
   6.3919221e+02   5.0618535e-02
   6.3918806e+02   4.0197663e-02
   6.3918390e+02   3.1622583e-02
   6.3917975e+02   2.4642045e-02
   6.3917559e+02   1.9020348e-02
   6.3917143e+02   1.4541313e-02
   6.3916728e+02   1.1010708e-02
   6.3916312e+02   8.2572991e-03
   6.3915897e+02   6.1327924e-03
   6.3915481e+02   4.5109088e-03
   6.3915066e+02   3.2858294e-03
   6.3914650e+02   2.3702405e-03
   6.3914234e+02   1.6931641e-03
   6.3913819e+02   1.1977308e-03
   6.3913403e+02   8.3901312e-04
   6.3912988e+02   5.8200248e-04
   6.3912572e+02   3.9978467e-04
   6.3912157e+02   2.7193972e-04
   6.3911741e+02   1.8317478e-04
   6.3911326e+02   1.2218218e-04
   6.3910910e+02   8.0705490e-05
   6.3910495e+02   5.2790573e-05
   6.3910079e+02   3.4195897e-05
   6.3909664e+02   2.1936297e-05
   6.3909248e+02   1.3935828e-05
   6.3908833e+02   8.7678262e-06
   6.3908417e+02   5.4632524e-06
   6.3908002e+02   3.3714932e-06
   6.3907586e+02   2.0607126e-06
   6.3907171e+02   1.2475272e-06
   6.3906755e+02   7.4805621e-07
   6.3906340e+02   4.4430897e-07
   6.3905925e+02   2.6140768e-07
   6.3905509e+02   1.5235284e-07
   6.3905094e+02   8.7962780e-08
   6.3904678e+02   5.0313144e-08
   6.3904263e+02   2.8511275e-08
   6.3903847e+02   1.6007505e-08
   6.3903432e+02   8.9047601e-09
   6.3903017e+02   4.9083175e-09
   6.3902601e+02   2.6808696e-09
   6.3902186e+02   1.4510175e-09
   6.3901770e+02   7.7829667e-10
   6.3901355e+02   4.1372849e-10
   6.3900940e+02   2.1797462e-10
   6.3900524e+02   1.1382549e-10
   6.3900109e+02   5.8916835e-11
   6.3899693e+02   3.0229372e-11
   6.3899278e+02   1.5375613e-11
   6.3898863e+02   7.7530648e-12
   6.3898447e+02   3.8759336e-12
   6.3898032e+02   1.9211694e-12
   6.3897617e+02   9.4420454e-13
   6.3897201e+02   4.6015320e-13
   6.3896786e+02   2.2238206e-13
   6.3896371e+02   1.0658181e-13
   6.3895955e+02   5.0661456e-14
   6.3895540e+02   2.3884097e-14
   6.3895125e+02   1.1168682e-14
   6.3894710e+02   5.1806277e-15
   6.3894294e+02   2.3838323e-15
   6.3893879e+02   1.0881966e-15
   6.3893464e+02   4.9283650e-16
   6.3893048e+02   2.2145613e-16
   6.3892633e+02   9.8738689e-17
   6.3892218e+02   4.3684490e-17
   6.3891803e+02   1.9179305e-17
   6.3891387e+02   8.3565972e-18
   6.3890972e+02   3.6136193e-18
   6.3890557e+02   1.5509466e-18
   6.3890142e+02   6.6072067e-19
   6.3889726e+02   2.7940273e-19
   6.3889311e+02   1.1728974e-19
   6.3888896e+02   4.8879956e-20
   6.3888481e+02   2.0224030e-20
   6.3888065e+02   8.3079741e-21
   6.3887650e+02   3.3887401e-21
   6.3887235e+02   1.3725258e-21
   6.3886820e+02   5.5203431e-22
   6.3886405e+02   2.2049579e-22
   6.3885989e+02   8.7467455e-23
   6.3885574e+02   3.4460908e-23
   6.3885159e+02   1.3485330e-23
   6.3884744e+02   5.2417669e-24
   6.3884329e+02   2.0239831e-24
   6.3883914e+02   7.7634434e-25
   6.3883498e+02   2.9583115e-25
   6.3883083e+02   1.1199028e-25
   6.3882668e+02   4.2123024e-26
   6.3882253e+02   1.5743741e-26
   6.3881838e+02   5.8476128e-27
   6.3881423e+02   2.1560044e-27
   6.3881008e+02   7.8958308e-28
   6.3880593e+02   2.8773993e-28
   6.3880177e+02   1.0434417e-28
   6.3879762e+02   3.7143328e-29
   6.3879347e+02   1.3460728e-29
   6.3878932e+02   4.7252855e-30
   6.3878517e+02   1.5983621e-30
   6.3878102e+02   5.5317049e-31
   6.3877687e+02   1.7687054e-31
   6.3877272e+02   5.3325103e-32
   6.3876857e+02   1.2985361e-32
   6.3876442e+02   1.3416466e-33
   6.3876027e+02   1.9089590e-35
   6.3875612e+02   8.5954499e-34
   6.3875197e+02   1.4203383e-33
   6.3874782e+02   2.9243033e-33
   6.3874366e+02   1.7104718e-33
   6.3873951e+02   1.2582059e-33
   6.3873536e+02   1.1275468e-33
   6.3873121e+02   1.5256410e-33
   6.3872706e+02   1.6161777e-33
   6.3872291e+02   3.3650713e-34
   6.3871876e+02   5.0261418e-34
   6.3871461e+02   1.8600442e-33
   6.3871046e+02   9.8288676e-34
   6.3870631e+02   1.6304063e-34
   6.3870216e+02   1.6775586e-33
   6.3869801e+02   4.3021720e-34
   6.3869386e+02   2.8076888e-33
   6.3868972e+02   1.1033829e-33
   6.3868557e+02   6.6107517e-34
   6.3868142e+02   4.2187902e-33
   6.3867727e+02   1.5649721e-33
   6.3867312e+02   3.0226659e-34
   6.3866897e+02   1.0350953e-33
   6.3866482e+02   4.9612069e-34
   6.3866067e+02   2.4856159e-33
   6.3865652e+02   2.6484617e-33
   6.3865237e+02   9.4382331e-35
   6.3864822e+02   5.8950643e-35
   6.3864407e+02   2.9394372e-35
   6.3863992e+02   5.4424064e-35
   6.3863577e+02   3.2831866e-34
   6.3863163e+02   2.6749961e-34
   6.3862748e+02   7.0127672e-34
   6.3862333e+02   1.5650479e-34
   6.3861918e+02   1.0281972e-33
   6.3861503e+02   6.0968093e-34
   6.3861088e+02   3.3643985e-35
   6.3860673e+02   5.0987625e-35
   6.3860258e+02   7.6797014e-34
   6.3859844e+02   7.8984782e-35
   6.3859429e+02   3.6601227e-34
   6.3859014e+02   2.5346088e-34
   6.3858599e+02   8.5336951e-35
   6.3858184e+02   7.1513029e-34
   6.3857769e+02   3.6810988e-34
   6.3857355e+02   7.0383306e-35
   6.3856940e+02   1.4235345e-34
   6.3856525e+02   6.4558300e-35
   6.3856110e+02   7.0767551e-34
   6.3855695e+02   1.3304403e-33
   6.3855281e+02   6.6606505e-35
   6.3854866e+02   1.5785557e-33
   6.3854451e+02   1.8961828e-34
   6.3854036e+02   5.2214622e-35
   6.3853622e+02   4.7214963e-35
   6.3853207e+02   6.9752523e-34
   6.3852792e+02   1.4875512e-33
   6.3852377e+02   7.6978961e-34
   6.3851963e+02   2.9413618e-34
   6.3851548e+02   4.1728640e-34
   6.3851133e+02   1.8930814e-34
   6.3850718e+02   1.3733586e-34
   6.3850304e+02   6.7043950e-35
   6.3849889e+02   5.1239144e-34
   6.3849474e+02   8.0384375e-34
   6.3849060e+02   2.7023095e-34
   6.3848645e+02   3.4590121e-34
   6.3848230e+02   2.9321719e-34
   6.3847815e+02   3.6181195e-34
   6.3847401e+02   1.1316703e-34
   6.3846986e+02   5.7019964e-34
   6.3846571e+02   9.9002512e-35
   6.3846157e+02   1.4781234e-36
   6.3845742e+02   8.6097644e-34
   6.3845327e+02   1.2043630e-33
   6.3844913e+02   3.5754768e-34
   6.3844498e+02   3.6539986e-34
   6.3844083e+02   2.6058151e-34
   6.3843669e+02   1.4493699e-35
   6.3843254e+02   2.2626923e-34
   6.3842840e+02   5.8649140e-34
   6.3842425e+02   4.1499386e-34
   6.3842010e+02   1.1294961e-34
   6.3841596e+02   8.6580371e-34
   6.3841181e+02   3.6643953e-34
   6.3840767e+02   6.2316924e-34
   6.3840352e+02   1.6055058e-35
   6.3839937e+02   7.0207926e-36
   6.3839523e+02   2.3671201e-34
   6.3839108e+02   5.4148818e-34
   6.3838694e+02   1.3154536e-35
   6.3838279e+02   1.1589976e-34
   6.3837864e+02   3.3610350e-35
   6.3837450e+02   7.4948027e-34
   6.3837035e+02   4.4888524e-34
   6.3836621e+02   3.1700654e-36
   6.3836206e+02   1.0789243e-34
   6.3835792e+02   4.7339038e-34
   6.3835377e+02   6.5964844e-34
   6.3834963e+02   1.1335777e-35
   6.3834548e+02   1.0295838e-34
   6.3834134e+02   3.1839187e-34
   6.3833719e+02   1.2654791e-34
   6.3833305e+02   1.6728642e-34
   6.3832890e+02   4.9959690e-35
   6.3832476e+02   1.2180195e-33
   6.3832061e+02   6.2904026e-34
   6.3831647e+02   1.6148888e-34
   6.3831232e+02   2.5748139e-35
   6.3830818e+02   2.9803677e-34
   6.3830403e+02   2.1673886e-34
   6.3829989e+02   2.7312642e-34
   6.3829574e+02   5.1060660e-34
   6.3829160e+02   1.2571292e-33
   6.3828746e+02   5.7974506e-34
   6.3828331e+02   3.9749611e-35
   6.3827917e+02   2.2634594e-34
   6.3827502e+02   6.1213481e-34
   6.3827088e+02   5.9300996e-34
   6.3826673e+02   2.7954800e-34
   6.3826259e+02   6.4981860e-34
   6.3825845e+02   5.3926190e-34
   6.3825430e+02   3.8408903e-34
   6.3825016e+02   2.5132469e-35
   6.3824601e+02   6.2926178e-34
   6.3824187e+02   8.6230951e-34
   6.3823773e+02   8.7595487e-34
   6.3823358e+02   3.2009507e-34
   6.3822944e+02   1.8731856e-34
   6.3822530e+02   3.1397921e-34
   6.3822115e+02   5.7882889e-34
   6.3821701e+02   6.5461149e-34
   6.3821286e+02   5.2691947e-34
   6.3820872e+02   3.3717102e-34
   6.3820458e+02   2.1559310e-33
   6.3820043e+02   5.8752903e-34
   6.3819629e+02   2.5273548e-34
   6.3819215e+02   1.0792885e-33
   6.3818801e+02   2.4729629e-34
   6.3818386e+02   3.0652729e-34
   6.3817972e+02   1.5422475e-35
   6.3817558e+02   5.5187340e-35
   6.3817143e+02   1.3862458e-34
   6.3816729e+02   1.0527369e-34
   6.3816315e+02   3.2250257e-34
   6.3815900e+02   5.0503346e-34
   6.3815486e+02   6.3562413e-34
   6.3815072e+02   1.4468485e-33
   6.3814658e+02   3.1318316e-34
   6.3814243e+02   1.0498069e-34
   6.3813829e+02   4.0350032e-34
   6.3813415e+02   4.0278070e-35
   6.3813001e+02   1.4102764e-34
   6.3812586e+02   9.2726854e-34
   6.3812172e+02   4.9984374e-35
   6.3811758e+02   5.2858024e-35
   6.3811344e+02   2.7147234e-34
   6.3810930e+02   2.9318894e-35
   6.3810515e+02   1.2947541e-34
   6.3810101e+02   1.1530206e-35
   6.3809687e+02   6.2533416e-34
   6.3809273e+02   1.9188819e-34
   6.3808859e+02   1.1931669e-35
   6.3808444e+02   2.6457307e-34
   6.3808030e+02   4.0627297e-35
   6.3807616e+02   2.5445035e-34
   6.3807202e+02   5.2029089e-34
   6.3806788e+02   4.3382012e-35
   6.3806374e+02   8.7809905e-35
   6.3805959e+02   4.3264236e-34
   6.3805545e+02   1.9607102e-34
   6.3805131e+02   5.9715135e-34
   6.3804717e+02   4.3036686e-34
   6.3804303e+02   7.2433906e-35
   6.3803889e+02   5.6719054e-34
   6.3803475e+02   2.6053627e-34
   6.3803061e+02   6.0023544e-34
   6.3802646e+02   3.0400722e-34
   6.3802232e+02   5.3235548e-34
   6.3801818e+02   7.1972178e-34
   6.3801404e+02   2.6037178e-34
   6.3800990e+02   1.5606902e-34
   6.3800576e+02   4.2746927e-34
   6.3800162e+02   7.0721028e-34
   6.3799748e+02   2.0070910e-34
   6.3799334e+02   3.8853030e-34
   6.3798920e+02   8.2124556e-35
   6.3798506e+02   3.5004332e-35
   6.3798092e+02   3.4671837e-34
   6.3797678e+02   2.7816602e-34
   6.3797264e+02   5.9761800e-36
   6.3796850e+02   5.4043184e-34
   6.3796436e+02   8.1821549e-35
   6.3796022e+02   1.3609734e-36
   6.3795608e+02   9.4068879e-36
   6.3795194e+02   1.7296399e-34
   6.3794780e+02   7.2787918e-35
   6.3794366e+02   2.1293186e-35
   6.3793952e+02   6.6776525e-34
   6.3793538e+02   3.1891285e-34
   6.3793124e+02   6.8099753e-35
   6.3792710e+02   5.1472761e-35
   6.3792296e+02   2.6437745e-34
   6.3791882e+02   4.0254046e-34
   6.3791468e+02   5.2762153e-34
   6.3791054e+02   5.7555905e-34
   6.3790640e+02   2.2376671e-34
   6.3790226e+02   1.8346557e-34
   6.3789812e+02   9.6532119e-34
   6.3789398e+02   2.0753706e-34
   6.3788984e+02   4.5795404e-34
   6.3788570e+02   1.6295993e-34
   6.3788156e+02   1.0496906e-34
   6.3787742e+02   1.1498584e-34
   6.3787328e+02   1.8424042e-34
   6.3786915e+02   2.8032310e-34
   6.3786501e+02   2.9817296e-34
   6.3786087e+02   4.9671342e-34
   6.3785673e+02   5.7083614e-35
   6.3785259e+02   3.0985303e-34
   6.3784845e+02   4.5637430e-34
   6.3784431e+02   8.0492658e-35
   6.3784017e+02   2.5415575e-36
   6.3783604e+02   4.7675630e-34
   6.3783190e+02   3.5869486e-35
   6.3782776e+02   1.4262751e-34
   6.3782362e+02   1.5892974e-34
   6.3781948e+02   9.5386175e-35
   6.3781534e+02   2.2157455e-35
   6.3781120e+02   3.4064303e-34
   6.3780707e+02   9.3868312e-34
   6.3780293e+02   9.8168000e-35
   6.3779879e+02   3.4567844e-34
   6.3779465e+02   1.0148205e-34
   6.3779051e+02   1.6513405e-34
   6.3778638e+02   8.3807942e-34
   6.3778224e+02   7.9167242e-34
   6.3777810e+02   5.7474946e-34
   6.3777396e+02   4.1285845e-35
   6.3776983e+02   2.1631580e-34
   6.3776569e+02   4.7085602e-34
   6.3776155e+02   3.5658464e-34
   6.3775741e+02   3.1529623e-34
   6.3775328e+02   1.3618782e-34
   6.3774914e+02   7.3959319e-34
   6.3774500e+02   2.1492002e-34
   6.3774086e+02   3.3837731e-35
   6.3773673e+02   3.9459366e-34
   6.3773259e+02   7.5227793e-34
   6.3772845e+02   2.1565545e-34
   6.3772431e+02   8.0758379e-35
   6.3772018e+02   1.1668840e-34
   6.3771604e+02   1.9851111e-34
   6.3771190e+02   7.9441155e-35
   6.3770777e+02   1.6564080e-34
   6.3770363e+02   6.2847810e-34
   6.3769949e+02   2.6949480e-34
   6.3769536e+02   1.4516505e-34
   6.3769122e+02   1.8131513e-34
   6.3768708e+02   1.6732739e-34
   6.3768295e+02   4.4638493e-34
   6.3767881e+02   1.0210260e-34
   6.3767467e+02   1.4843558e-35
   6.3767054e+02   2.0994111e-34
   6.3766640e+02   8.8767778e-35
   6.3766226e+02   1.5293001e-35
   6.3765813e+02   1.4393900e-35
   6.3765399e+02   4.1964760e-34
   6.3764986e+02   1.1679134e-33
   6.3764572e+02   2.3254266e-34
   6.3764158e+02   7.1121013e-35
   6.3763745e+02   1.9200014e-35
   6.3763331e+02   8.0796668e-35
   6.3762918e+02   1.9281707e-34
   6.3762504e+02   8.5072274e-35
   6.3762090e+02   8.1936604e-35
   6.3761677e+02   2.2481804e-34
   6.3761263e+02   2.6749141e-34
   6.3760850e+02   1.3735330e-34
   6.3760436e+02   4.1175912e-34
   6.3760023e+02   2.0611246e-34
   6.3759609e+02   1.3799643e-35
   6.3759195e+02   5.8264767e-35
   6.3758782e+02   1.2502433e-34
   6.3758368e+02   6.8669786e-35
   6.3757955e+02   5.2650254e-35
   6.3757541e+02   2.3544041e-34
   6.3757128e+02   3.8869715e-34
   6.3756714e+02   2.2087373e-34
   6.3756301e+02   2.7976353e-34
   6.3755887e+02   5.9602791e-35
   6.3755474e+02   4.2439672e-34
   6.3755060e+02   2.3833546e-35
   6.3754647e+02   1.0855287e-35
   6.3754233e+02   8.8388221e-35
   6.3753820e+02   8.8387728e-35
   6.3753406e+02   2.5640485e-34
   6.3752993e+02   2.8306062e-34
   6.3752580e+02   1.6632312e-34
   6.3752166e+02   4.9735302e-35
   6.3751753e+02   9.7135001e-35
   6.3751339e+02   9.8410465e-35
   6.3750926e+02   6.2832192e-34
   6.3750512e+02   4.5644093e-35
   6.3750099e+02   6.8533627e-34
   6.3749686e+02   1.4379641e-34
   6.3749272e+02   1.4366336e-34
   6.3748859e+02   1.5782171e-34
   6.3748445e+02   1.7246894e-34
   6.3748032e+02   5.2069271e-34
   6.3747619e+02   2.6282121e-34
   6.3747205e+02   4.9643698e-34
   6.3746792e+02   1.1825382e-34
   6.3746378e+02   2.7747994e-34
   6.3745965e+02   7.2773448e-34
   6.3745552e+02   5.8103769e-34
   6.3745138e+02   2.3515813e-34
   6.3744725e+02   9.7150483e-34
   6.3744312e+02   3.5001251e-34
   6.3743898e+02   2.9706895e-34
   6.3743485e+02   9.6242713e-34
   6.3743072e+02   4.0086352e-34
   6.3742658e+02   3.3576332e-34
   6.3742245e+02   6.1142119e-34
   6.3741832e+02   4.0004287e-34
   6.3741418e+02   1.4748049e-33
   6.3741005e+02   6.3230308e-34
   6.3740592e+02   5.8167958e-34
   6.3740178e+02   4.9820217e-34
   6.3739765e+02   3.5053974e-34
   6.3739352e+02   1.3607267e-33
   6.3738939e+02   1.2848574e-34
   6.3738525e+02   4.1383702e-34
   6.3738112e+02   6.1785343e-35
   6.3737699e+02   1.0416598e-33
