   6.3652360e+02   1.4606061e-04
   6.3653125e+02   4.8270650e-04
   6.3653890e+02   5.3068055e-04
   6.3654655e+02   4.2362658e-04
   6.3655420e+02   1.4592618e-04
   6.3656184e+02   1.4597652e-04
   6.3656949e+02   1.4602695e-04
   6.3657714e+02   1.4607741e-04
   6.3658479e+02   1.4612788e-04
   6.3659244e+02   1.4617837e-04
   6.3660010e+02   1.4589255e-04
   6.3660775e+02   1.4594296e-04
   6.3661540e+02   1.4599338e-04
   6.3662305e+02   1.4604382e-04
   6.3663070e+02   1.4609428e-04
   6.3663834e+02   1.4614468e-04
   6.3664599e+02   3.0614913e-04
   6.3665364e+02   2.6126609e-04
   6.3666129e+02   1.4595974e-04
   6.3666894e+02   1.4601017e-04
   6.3667659e+02   1.4606061e-04
   6.3668424e+02   1.4611108e-04
   6.3669189e+02   1.4616156e-04
   6.3669954e+02   1.4621206e-04
   6.3670719e+02   2.0050870e-04
   6.3671483e+02   1.4597652e-04
   6.3672248e+02   1.4602695e-04
   6.3673013e+02   1.4607741e-04
   6.3673779e+02   1.4612788e-04
   6.3674544e+02   1.4617837e-04
   6.3675309e+02   1.4622887e-04
   6.3676074e+02   1.4594296e-04
   6.3676839e+02   1.4599338e-04
   6.3677604e+02   1.4604382e-04
   6.3678368e+02   1.4609420e-04
   6.3679133e+02   1.4614468e-04
   6.3679898e+02   1.4619517e-04
   6.3680663e+02   1.4624568e-04
   6.3681428e+02   1.4629621e-04
   6.3682193e+02   1.4601017e-04
   6.3682958e+02   1.4606061e-04
   6.3683723e+02   1.4611108e-04
   6.3684488e+02   1.6249244e-04
   6.3685253e+02   1.4621206e-04
   6.3686017e+02   1.4626250e-04
   6.3686782e+02   1.4597652e-04
   6.3687547e+02   1.4602695e-04
   6.3688313e+02   1.4607741e-04
   6.3689078e+02   1.4612788e-04
   6.3689843e+02   1.4617178e-04
   6.3690608e+02   1.4621569e-04
   6.3691373e+02   1.4625962e-04
   6.3692138e+02   1.4630356e-04
   6.3692902e+02   1.4601085e-04
   6.3693667e+02   1.4605472e-04
   6.3694432e+02   1.4609859e-04
   6.3695197e+02   1.4614249e-04
   6.3695962e+02   1.4618639e-04
   6.3696727e+02   1.4623031e-04
   6.3697492e+02   1.4627424e-04
   6.3698257e+02   1.4598166e-04
   6.3699022e+02   1.4602552e-04
   6.3699788e+02   1.4606939e-04
   6.3700551e+02   1.4611320e-04
   6.3701316e+02   1.4615710e-04
   6.3702082e+02   1.4620100e-04
   6.3702847e+02   1.4624493e-04
   6.3703612e+02   1.4628886e-04
   6.3704377e+02   1.4599626e-04
   6.3705142e+02   1.4604012e-04
   6.3705907e+02   1.4608399e-04
   6.3706672e+02   1.4612788e-04
   6.3707437e+02   1.4617837e-04
   6.3708201e+02   1.4622879e-04
   6.3708966e+02   1.4627932e-04
   6.3709731e+02   1.4599331e-04
   6.3710496e+02   1.4604375e-04
   6.3711261e+02   1.4609421e-04
   6.3712026e+02   1.4614469e-04
   6.3712791e+02   1.4619519e-04
   6.3713556e+02   1.4624570e-04
   6.3714322e+02   1.4629623e-04
   6.3715085e+02   1.8508999e-04
   6.3715850e+02   4.0788051e-04
   6.3716616e+02   4.4430683e-04
   6.3717381e+02   4.4038550e-04
   6.3718146e+02   1.4621201e-04
   6.3718911e+02   1.4626253e-04
   6.3719676e+02   1.4631306e-04
   6.3720441e+02   1.4602699e-04
   6.3721206e+02   1.4607745e-04
   6.3721971e+02   3.6452993e-04
   6.3722735e+02   1.6667981e-04
   6.3723500e+02   1.4622883e-04
   6.3724265e+02   1.4627936e-04
   6.3725030e+02   1.4632990e-04
   6.3725795e+02   1.4604379e-04
   6.3726560e+02   1.4609425e-04
   6.3727325e+02   1.4614473e-04
   6.3728091e+02   1.4619523e-04
   6.3728856e+02   1.4624574e-04
   6.3729621e+02   1.4629627e-04
   6.3730385e+02   1.4634674e-04
   6.3731150e+02   1.4639730e-04
   6.3731915e+02   1.4611107e-04
   6.3732680e+02   1.4616155e-04
   6.3733445e+02   1.4621205e-04
   6.3734210e+02   1.4626257e-04
   6.3734975e+02   1.4631311e-04
   6.3735740e+02   1.4636366e-04
   6.3736505e+02   1.4607749e-04
   6.3737269e+02   1.4612788e-04
   6.3738034e+02   1.4617178e-04
   6.3738799e+02   1.4621569e-04
   6.3739564e+02   1.4625962e-04
   6.3740329e+02   1.4630356e-04
   6.3741094e+02   1.4634751e-04
   6.3741859e+02   1.4639148e-04
   6.3742625e+02   1.4609867e-04
   6.3743390e+02   1.4614256e-04
   6.3744155e+02   1.4618646e-04
   6.3744919e+02   1.4623031e-04
   6.3745684e+02   1.4627424e-04
   6.3746449e+02   1.4631818e-04
   6.3747214e+02   1.4636214e-04
   6.3747979e+02   1.4606939e-04
   6.3748744e+02   1.4611327e-04
   6.3749509e+02   1.4615717e-04
   6.3750274e+02   1.4620108e-04
   6.3751039e+02   1.4624500e-04
   6.3751803e+02   1.4628886e-04
   6.3752568e+02   1.4599626e-04
   6.3753333e+02   1.4604012e-04
   6.3754098e+02   1.4608399e-04
   6.3754863e+02   1.4612788e-04
   6.3755628e+02   1.4618047e-04
   6.3756394e+02   1.4623308e-04
   6.3757159e+02   1.4628571e-04
   6.3757924e+02   1.4633836e-04
   6.3758689e+02   1.4605433e-04
   6.3759453e+02   1.4610681e-04
   6.3760218e+02   1.4615940e-04
   6.3760983e+02   1.4621200e-04
   6.3761748e+02   1.5105645e-04
   6.3762513e+02   2.1052107e-04
   6.3763278e+02   1.4636992e-04
   6.3764043e+02   1.4608584e-04
   6.3764808e+02   1.4613841e-04
   6.3765573e+02   1.4619101e-04
   6.3766338e+02   1.4624362e-04
   6.3767102e+02   1.4629617e-04
   6.3767867e+02   1.4634882e-04
   6.3768632e+02   1.4640149e-04
   6.3769397e+02   1.4611734e-04
   6.3770162e+02   1.4616993e-04
   6.3770928e+02   1.4622254e-04
   6.3771693e+02   1.4627516e-04
   6.3772458e+02   1.4632781e-04
   6.3773223e+02   1.4638047e-04
   6.3773987e+02   1.4643307e-04
   6.3774752e+02   1.4614886e-04
   6.3775517e+02   1.4620146e-04
   6.3776282e+02   1.4625408e-04
   6.3777047e+02   1.4630671e-04
   6.3777812e+02   1.4635937e-04
   6.3778577e+02   1.4641204e-04
   6.3779342e+02   1.4612788e-04
   6.3780107e+02   1.4617178e-04
   6.3780872e+02   1.4621570e-04
   6.3781636e+02   1.4625956e-04
   6.3782401e+02   1.4630350e-04
   6.3783166e+02   1.4634746e-04
   6.3783931e+02   1.4639143e-04
   6.3784697e+02   1.4643541e-04
   6.3785462e+02   1.4614251e-04
   6.3786227e+02   1.4618642e-04
   6.3786992e+02   1.4623034e-04
   6.3787757e+02   1.4627427e-04
   6.3788522e+02   1.4631822e-04
   6.3789286e+02   1.4636211e-04
   6.3790051e+02   1.4606936e-04
   6.3790816e+02   1.4611325e-04
   6.3791581e+02   1.4615714e-04
   6.3792346e+02   1.4620106e-04
   6.3793111e+02   1.4624498e-04
   6.3793876e+02   1.4628892e-04
   6.3794641e+02   1.4633287e-04
   6.3795406e+02   1.4637684e-04
   6.3796170e+02   1.4608399e-04
   6.3796935e+02   1.4612788e-04
   6.3797700e+02   1.4614317e-04
   6.3798465e+02   1.4615847e-04
   6.3799231e+02   1.4617377e-04
   6.3799996e+02   1.4618908e-04
   6.3800761e+02   1.4586812e-04
   6.3801526e+02   1.4588339e-04
   6.3802291e+02   1.4589866e-04
   6.3803056e+02   1.4591393e-04
   6.3803820e+02   1.4592918e-04
   6.3804585e+02   1.4594446e-04
   6.3805350e+02   1.4595974e-04
   6.3806115e+02   1.4597502e-04
   6.3806880e+02   1.4565453e-04
   6.3807645e+02   1.4566978e-04
   6.3808410e+02   1.4568503e-04
   6.3809175e+02   1.4570028e-04
   6.3809940e+02   1.4571553e-04
   6.3810704e+02   1.4573076e-04
   6.3811469e+02   1.4541081e-04
   6.3812234e+02   1.4542603e-04
   6.3813000e+02   1.4544126e-04
   6.3813765e+02   1.4545648e-04
   6.3814530e+02   1.4547171e-04
   6.3815295e+02   2.4033886e-04
   6.3816060e+02   2.3435243e-04
   6.3816825e+02   2.6479813e-04
   6.3817590e+02   2.2282319e-04
   6.3818354e+02   1.9231173e-04
   6.3819119e+02   1.8925669e-04
   6.3819884e+02   1.4524350e-04
   6.3820649e+02   1.4525870e-04
   6.3821414e+02   1.4527391e-04
   6.3822179e+02   1.4495496e-04
   6.3822944e+02   1.4497013e-04
   6.3823709e+02   4.4393971e-04
   6.3824474e+02   4.9132568e-04
   6.3825240e+02   1.4501567e-04
   6.3826003e+02   1.4503082e-04
   6.3826768e+02   1.4471241e-04
   6.3827534e+02   1.4472756e-04
   6.3828299e+02   1.4474271e-04
   6.3829064e+02   1.4475786e-04
   6.3829829e+02   1.4477301e-04
   6.3830594e+02   1.4612788e-04
   6.3831359e+02   1.4488969e-04
   6.3832124e+02   1.4499129e-04
   6.3832888e+02   1.4475908e-04
   6.3833653e+02   1.4486058e-04
   6.3834418e+02   1.4496216e-04
   6.3835183e+02   1.4506380e-04
   6.3835948e+02   1.4516552e-04
   6.3836713e+02   1.4526731e-04
   6.3837478e+02   1.4503482e-04
   6.3838243e+02   1.4513652e-04
   6.3839009e+02   1.4523829e-04
   6.3839774e+02   1.4534012e-04
   6.3840537e+02   1.4544187e-04
   6.3841303e+02   1.4554385e-04
   6.3842068e+02   1.4564590e-04
   6.3842833e+02   1.4541282e-04
   6.3843598e+02   1.4551478e-04
   6.3844363e+02   1.4561681e-04
   6.3845128e+02   1.4571891e-04
   6.3845893e+02   1.4582109e-04
   6.3846658e+02   1.4592333e-04
   6.3847423e+02   1.4602565e-04
   6.3848187e+02   1.4612788e-04
   6.3848952e+02   1.4585019e-04
   6.3849717e+02   1.4590862e-04
   6.3850482e+02   1.4596707e-04
   6.3851247e+02   1.4602554e-04
   6.3852012e+02   1.4608404e-04
   6.3852777e+02   1.4614256e-04
   6.3853543e+02   1.4586485e-04
   6.3854308e+02   1.4592328e-04
   6.3855071e+02   1.4598164e-04
   6.3855837e+02   1.4604012e-04
   6.3856602e+02   1.4609862e-04
   6.3857367e+02   1.4615714e-04
   6.3858132e+02   1.4587940e-04
   6.3858897e+02   1.4593784e-04
   6.3859662e+02   1.4599630e-04
   6.3860427e+02   1.4605479e-04
   6.3861192e+02   1.4611329e-04
   6.3861957e+02   1.4617183e-04
   6.3862721e+02   1.4589396e-04
   6.3863486e+02   1.4595241e-04
   6.3864251e+02   1.4601087e-04
   6.3865016e+02   1.4606936e-04
   6.3865781e+02   1.4612788e-04
   6.3866546e+02   1.4617951e-04
   6.3867312e+02   1.4623117e-04
   6.3868077e+02   1.4628284e-04
   6.3868842e+02   1.4599797e-04
   6.3869606e+02   1.4604947e-04
   6.3870371e+02   1.4610108e-04
   6.3871136e+02   1.4615271e-04
   6.3871901e+02   2.0368559e-04
   6.3872666e+02   1.4625602e-04
   6.3873431e+02   1.4597120e-04
   6.3874196e+02   1.4602278e-04
   6.3874961e+02   1.4607438e-04
   6.3875726e+02   1.4612599e-04
   6.3876491e+02   1.4617763e-04
   6.3877255e+02   1.4622920e-04
   6.3878020e+02   1.4628087e-04
   6.3878785e+02   1.4599600e-04
   6.3879550e+02   1.4604759e-04
   6.3880315e+02   1.4609920e-04
   6.3881080e+02   2.2274157e-04
   6.3881846e+02   3.2207329e-04
   6.3882611e+02   3.1340660e-04
   6.3883376e+02   1.4630581e-04
   6.3884141e+02   1.4602090e-04
   6.3884905e+02   1.4607241e-04
   6.3885670e+02   1.4612403e-04
   6.3886435e+02   1.4617566e-04
   6.3887200e+02   1.4622731e-04
   6.3887965e+02   1.4627898e-04
   6.3888730e+02   1.4599412e-04
   6.3889495e+02   1.4604571e-04
   6.3890260e+02   1.4609732e-04
   6.3891025e+02   1.4614894e-04
   6.3891789e+02   1.4620050e-04
   6.3892554e+02   1.4625216e-04
   6.3893319e+02   1.4630384e-04
   6.3894084e+02   1.4601893e-04
   6.3894849e+02   1.4607053e-04
   6.3895615e+02   1.4612214e-04
   6.3896380e+02   1.8615275e-04
   6.3897145e+02   6.9666324e-04
   6.3897910e+02   3.8209938e-04
   6.3898675e+02   1.8764188e-04
   6.3899439e+02   1.4604374e-04
   6.3900204e+02   1.6505793e-04
   6.3900969e+02   4.3031831e-04
   6.3901734e+02   8.8499997e-04
   6.3902499e+02   8.1864703e-04
   6.3903264e+02   5.8243857e-04
   6.3904029e+02   2.4683319e-04
   6.3904794e+02   1.6732352e-04
   6.3905559e+02   2.3211886e-04
   6.3906324e+02   1.4617189e-04
   6.3907088e+02   2.5823616e-04
   6.3907853e+02   4.5937831e-04
   6.3908618e+02   5.7454483e-04
   6.3909383e+02   7.1528209e-04
   6.3910149e+02   6.7240477e-04
   6.3910914e+02   8.3711326e-04
   6.3911679e+02   2.0367497e-03
   6.3912444e+02   4.8539030e-03
   6.3913209e+02   1.3373483e-02
   6.3913973e+02   2.0960310e-02
   6.3914738e+02   2.2727473e-02
   6.3915503e+02   2.2217980e-02
   6.3916268e+02   1.9268948e-02
   6.3917033e+02   3.9446770e-02
   6.3917798e+02   5.9315048e-02
   6.3918563e+02   9.7570452e-02
   6.3919328e+02   1.3473231e-01
   6.3920093e+02   1.8307337e-01
   6.3920858e+02   2.1866467e-01
   6.3921622e+02   2.3710014e-01
   6.3922387e+02   2.6551266e-01
   6.3923152e+02   3.0991220e-01
   6.3923918e+02   3.6340601e-01
   6.3924683e+02   4.5555996e-01
   6.3925448e+02   5.4789707e-01
   6.3926213e+02   6.2929229e-01
   6.3926978e+02   6.8549746e-01
   6.3927743e+02   6.8258900e-01
   6.3928507e+02   6.7969249e-01
   6.3929272e+02   7.0059318e-01
   6.3930037e+02   7.4923721e-01
   6.3930802e+02   7.9574290e-01
   6.3931567e+02   7.9969836e-01
   6.3932332e+02   7.7460383e-01
   6.3933097e+02   7.8746829e-01
   6.3933862e+02   8.3634701e-01
   6.3934627e+02   9.0061659e-01
   6.3935392e+02   9.5212371e-01
   6.3936156e+02   9.7016715e-01
   6.3936921e+02   1.0000000e+00
   6.3937686e+02   9.8435881e-01
   6.3938452e+02   7.7500922e-01
   6.3939217e+02   5.9766841e-01
   6.3939982e+02   3.7206065e-01
   6.3940747e+02   3.4022574e-01
   6.3941512e+02   3.7750317e-01
   6.3942277e+02   4.6459448e-01
   6.3943042e+02   5.0260578e-01
   6.3943806e+02   4.7139032e-01
   6.3944571e+02   3.8952389e-01
   6.3945336e+02   3.0386979e-01
   6.3946101e+02   2.8962828e-01
   6.3946866e+02   3.3265526e-01
   6.3947631e+02   3.9824271e-01
   6.3948396e+02   4.1524200e-01
   6.3949161e+02   3.8058766e-01
   6.3949927e+02   3.1449094e-01
   6.3950690e+02   3.2416142e-01
   6.3951455e+02   4.4659593e-01
   6.3952221e+02   6.6079720e-01
   6.3952986e+02   7.8744753e-01
   6.3953751e+02   8.3056775e-01
   6.3954516e+02   7.8982067e-01
   6.3955281e+02   7.5280402e-01
   6.3956046e+02   7.3423548e-01
   6.3956811e+02   7.5160351e-01
   6.3957576e+02   8.3973496e-01
   6.3958340e+02   9.0010966e-01
   6.3959105e+02   8.8195993e-01
   6.3959870e+02   8.0835530e-01
   6.3960635e+02   7.3748930e-01
   6.3961400e+02   6.9009544e-01
   6.3962165e+02   6.3396108e-01
   6.3962930e+02   5.8778166e-01
   6.3963695e+02   5.6541778e-01
   6.3964461e+02   5.0994448e-01
   6.3965226e+02   4.0056807e-01
   6.3965989e+02   3.4027459e-01
   6.3966755e+02   3.3111812e-01
   6.3967520e+02   3.0488523e-01
   6.3968285e+02   2.5839840e-01
   6.3969050e+02   1.4704263e-01
   6.3969815e+02   1.2781938e-01
   6.3970580e+02   1.5912929e-01
   6.3971345e+02   1.3088912e-01
   6.3972110e+02   8.6907447e-02
   6.3972874e+02   6.1689348e-02
   6.3973639e+02   4.7245844e-02
   6.3974404e+02   4.0319677e-02
   6.3975169e+02   3.3164273e-02
   6.3975934e+02   2.4089285e-02
   6.3976699e+02   1.9497429e-02
   6.3977464e+02   1.3369981e-02
   6.3978230e+02   8.0962558e-03
   6.3978995e+02   4.6498362e-03
   6.3979760e+02   3.0732019e-03
   6.3980524e+02   1.8999592e-03
   6.3981289e+02   9.7925931e-04
   6.3982054e+02   8.8726049e-04
   6.3982819e+02   6.9375253e-04
   6.3983584e+02   7.7688729e-04
   6.3984349e+02   7.1864010e-04
   6.3985114e+02   4.6629943e-04
   6.3985879e+02   1.4615656e-04
   6.3986644e+02   4.7094669e-04
   6.3987409e+02   6.1393895e-04
   6.3988173e+02   7.0190506e-04
   6.3988938e+02   7.4204767e-04
   6.3989703e+02   6.2457593e-04
   6.3990468e+02   1.4612976e-04
   6.3991233e+02   1.4618140e-04
   6.3991998e+02   2.9719777e-04
   6.3992764e+02   1.4594828e-04
   6.3993529e+02   1.4599985e-04
   6.3994294e+02   1.4605144e-04
   6.3995058e+02   1.4610297e-04
   6.3995823e+02   1.4615459e-04
   6.3996588e+02   1.4620624e-04
   6.3997353e+02   1.4592152e-04
   6.3998118e+02   1.4597308e-04
   6.3998883e+02   1.4602466e-04
   6.3999648e+02   1.4607626e-04
   6.4000413e+02   1.4612788e-04
   6.4001178e+02   1.4616527e-04
   6.4001943e+02   1.4620268e-04
   6.4002707e+02   1.4590369e-04
   6.4003472e+02   1.4594103e-04
   6.4004237e+02   1.4597838e-04
   6.4005002e+02   1.4601574e-04
   6.4005767e+02   1.4605311e-04
   6.4006533e+02   1.4609049e-04
   6.4007298e+02   1.4579179e-04
   6.4008063e+02   1.4582910e-04
   6.4008828e+02   1.9950571e-04
   6.4009592e+02   2.1382884e-04
   6.4010357e+02   2.8587582e-04
   6.4011122e+02   1.4597838e-04
   6.4011887e+02   1.4567992e-04
   6.4012652e+02   1.4571720e-04
   6.4013417e+02   1.4575449e-04
   6.4014182e+02   1.4579179e-04
   6.4014947e+02   1.4582910e-04
   6.4015712e+02   1.4586642e-04
   6.4016477e+02   1.4590376e-04
   6.4017241e+02   1.4594103e-04
   6.4018006e+02   1.4597838e-04
   6.4018771e+02   1.4567992e-04
   6.4019536e+02   1.4571720e-04
   6.4020301e+02   1.4575449e-04
   6.4021067e+02   1.4579179e-04
   6.4021832e+02   1.4582910e-04
   6.4022597e+02   1.4586642e-04
   6.4023362e+02   2.6550119e-04
   6.4024127e+02   2.2655706e-04
   6.4024891e+02   4.0859077e-04
   6.4025656e+02   1.4601574e-04
   6.4026421e+02   1.4605311e-04
   6.4027186e+02   1.4575449e-04
   6.4027951e+02   1.4579179e-04
   6.4028716e+02   1.4582910e-04
   6.4029481e+02   1.4586642e-04
   6.4030246e+02   1.4590376e-04
   6.4031011e+02   1.4594110e-04
   6.4031775e+02   1.4597838e-04
   6.4032540e+02   1.4601574e-04
   6.4033305e+02   1.4605311e-04
   6.4034070e+02   1.4609049e-04
   6.4034836e+02   1.4612788e-04
   6.4035601e+02   1.4583559e-04
   6.4036366e+02   1.4587940e-04
   6.4037131e+02   1.4592323e-04
   6.4037896e+02   1.4596707e-04
   6.4038661e+02   1.4601092e-04
   6.4039425e+02   1.4605472e-04
   6.4040190e+02   1.4609859e-04
   6.4040955e+02   1.4614249e-04
   6.4041720e+02   1.4618639e-04
   6.4042485e+02   1.4623031e-04
   6.4043250e+02   1.4627424e-04
   6.4044015e+02   1.4598166e-04
   6.4044780e+02   1.4602552e-04
   6.4045545e+02   1.4606939e-04
   6.4046310e+02   1.4611327e-04
   6.4047074e+02   1.4615710e-04
   6.4047839e+02   1.4620100e-04
   6.4048604e+02   1.4624493e-04
   6.4049370e+02   1.4628886e-04
   6.4050135e+02   1.4633281e-04
   6.4050900e+02   1.4637677e-04
   6.4051665e+02   1.4642075e-04
   6.4052430e+02   1.4612788e-04
   6.4053195e+02   1.4615592e-04
   6.4053959e+02   1.4618393e-04
   6.4054724e+02   1.4621199e-04
   6.4055489e+02   1.4624005e-04
   6.4056254e+02   1.4626812e-04
   6.4057019e+02   1.4629619e-04
   6.4057784e+02   1.4632427e-04
   6.4058549e+02   1.4635236e-04
   6.4059314e+02   1.4638045e-04
   6.4060079e+02   1.4607181e-04
   6.4060845e+02   1.7444148e-04
   6.4061608e+02   1.4612784e-04
   6.4062373e+02   1.4615589e-04
   6.4063139e+02   1.4618394e-04
   6.4063904e+02   1.4621200e-04
   6.4064669e+02   1.4624006e-04
   6.4065434e+02   1.4626813e-04
   6.4066199e+02   1.4629620e-04
   6.4066964e+02   1.4632428e-04
   6.4067729e+02   1.4635237e-04
   6.4068493e+02   1.4604375e-04
   6.4069258e+02   1.4607178e-04
   6.4070023e+02   1.4609981e-04
   6.4070788e+02   2.4139763e-04
   6.4071553e+02   1.4615590e-04
   6.4072318e+02   1.4618395e-04
   6.4073083e+02   1.4621201e-04
   6.4073848e+02   1.4624007e-04
   6.4074613e+02   1.4626814e-04
   6.4075379e+02   1.4629622e-04
   6.4076142e+02   1.4632425e-04
   6.4076907e+02   1.4601573e-04
   6.4077673e+02   1.4604376e-04
   6.4078438e+02   1.4607179e-04
   6.4079203e+02   3.2482519e-04
   6.4079968e+02   2.9904259e-04
   6.4080733e+02   1.4615591e-04
   6.4081498e+02   1.4618396e-04
   6.4082263e+02   2.0229404e-04
   6.4083028e+02   1.4624009e-04
   6.4083792e+02   1.4626811e-04
   6.4084557e+02   1.4629618e-04
   6.4085322e+02   1.4598772e-04
   6.4086087e+02   1.4601574e-04
   6.4086852e+02   1.5541146e-04
   6.4087617e+02   1.4607180e-04
   6.4088382e+02   1.4609984e-04
   6.4089148e+02   1.4612788e-04
   6.4089913e+02   1.4615714e-04
   6.4090676e+02   1.4618637e-04
   6.4091442e+02   1.4621565e-04
   6.4092207e+02   1.4624494e-04
   6.4092972e+02   1.4627423e-04
   6.4093737e+02   1.4596703e-04
   6.4094502e+02   1.4599627e-04
   6.4095267e+02   1.4602551e-04
   6.4096032e+02   1.4605476e-04
   6.4096797e+02   1.4608401e-04
   6.4097562e+02   1.4611327e-04
   6.4098326e+02   1.4614249e-04
   6.4099091e+02   1.4617176e-04
   6.4099856e+02   1.4620103e-04
   6.4100621e+02   1.4623032e-04
   6.4101386e+02   1.4625960e-04
   6.4102151e+02   1.4595244e-04
   6.4102916e+02   1.4598167e-04
   6.4103682e+02   1.4601091e-04
   6.4104447e+02   1.4604016e-04
   6.4105212e+02   1.4606941e-04
   6.4105976e+02   1.4609862e-04
   6.4106741e+02   1.4612788e-04
   6.4107506e+02   1.4615714e-04
   6.4108271e+02   1.4585019e-04
   6.4109036e+02   1.4587940e-04
   6.4109801e+02   1.4590862e-04
   6.4110566e+02   1.4593784e-04
   6.4111331e+02   1.4596707e-04
   6.4112096e+02   1.4599630e-04
   6.4112860e+02   1.4602549e-04
   6.4113625e+02   1.4605474e-04
   6.4114390e+02   1.4608399e-04
   6.4115155e+02   1.4611325e-04
   6.4115920e+02   1.4614251e-04
   6.4116685e+02   1.4583559e-04
   6.4117451e+02   1.4586480e-04
   6.4118216e+02   1.4589401e-04
   6.4118981e+02   1.4592323e-04
   6.4119746e+02   1.4595245e-04
   6.4120510e+02   1.4598164e-04
   6.4121275e+02   1.4601087e-04
   6.4122040e+02   1.4604012e-04
   6.4122805e+02   1.4606936e-04
   6.4123570e+02   1.4609862e-04
   6.4124335e+02   1.4612788e-04
   6.4125100e+02   1.4583559e-04
   6.4125865e+02   1.4587940e-04
   6.4126630e+02   1.4592323e-04
   6.4127394e+02   1.4596700e-04
   6.4128159e+02   1.4601085e-04
   6.4128924e+02   1.4605472e-04
   6.4129689e+02   1.4609859e-04
   6.4130454e+02   1.4614249e-04
   6.4131219e+02   1.4618639e-04
   6.4131985e+02   1.4623031e-04
   6.4132750e+02   1.4627424e-04
   6.4133515e+02   1.4598166e-04
   6.4134280e+02   1.4602552e-04
   6.4135044e+02   1.4606932e-04
   6.4135809e+02   1.4611320e-04
   6.4136574e+02   1.4615710e-04
   6.4137339e+02   1.4620100e-04
   6.4138104e+02   1.4624493e-04
   6.4138869e+02   1.4628886e-04
   6.4139634e+02   1.4633281e-04
   6.4140399e+02   1.4637677e-04
   6.4141164e+02   1.4642075e-04
   6.4141929e+02   1.4612788e-04
   6.4142693e+02   1.4615710e-04
   6.4143458e+02   1.4618637e-04
   6.4144223e+02   1.4621565e-04
   6.4144988e+02   1.4624494e-04
   6.4145754e+02   1.4627423e-04
   6.4146519e+02   1.4630352e-04
   6.4147284e+02   1.4633283e-04
   6.4148049e+02   1.4636213e-04
   6.4148814e+02   1.4639145e-04
   6.4149578e+02   1.4642072e-04
   6.4150343e+02   1.4611322e-04
   6.4151108e+02   1.4614249e-04
   6.4151873e+02   1.4617176e-04
   6.4152638e+02   1.4620103e-04
   6.4153403e+02   1.4623032e-04
   6.4154168e+02   1.4625960e-04
   6.4154933e+02   1.4628890e-04
   6.4155698e+02   1.4631820e-04
   6.4156463e+02   1.4634750e-04
   6.4157227e+02   1.4637677e-04
   6.4157992e+02   1.4606936e-04
   6.4158757e+02   1.4609862e-04
   6.4159522e+02   1.4612788e-04
   6.4160288e+02   1.4615673e-04
   6.4161053e+02   1.4618558e-04
   6.4161818e+02   1.4621444e-04
   6.4162583e+02   1.4624331e-04
   6.4163348e+02   1.4627218e-04
   6.4164113e+02   1.4630105e-04
   6.4164877e+02   1.4632989e-04
   6.4165642e+02   1.5538847e-04
   6.4166407e+02   1.8989106e-04
   6.4167172e+02   1.4607982e-04
   6.4167937e+02   2.5390776e-04
   6.4168702e+02   3.3710229e-04
   6.4169467e+02   1.4616636e-04
   6.4170232e+02   1.4619522e-04
   6.4170997e+02   1.4622408e-04
   6.4171761e+02   1.4625290e-04
   6.4172526e+02   1.4628177e-04
   6.4173291e+02   1.4597415e-04
   6.4174057e+02   1.4600296e-04
   6.4174822e+02   1.4603179e-04
   6.4175587e+02   1.4606062e-04
   6.4176352e+02   1.4608945e-04
   6.4177117e+02   1.4611829e-04
   6.4177882e+02   1.4614714e-04
   6.4178647e+02   1.4617599e-04
   6.4179411e+02   1.4620480e-04
   6.4180176e+02   1.4623367e-04
   6.4180941e+02   1.4592614e-04
   6.4181706e+02   1.4595495e-04
   6.4182471e+02   1.4598377e-04
   6.4183236e+02   1.4601259e-04
   6.4184001e+02   1.4604141e-04
   6.4184766e+02   1.4607024e-04
   6.4185531e+02   1.4609908e-04
   6.4186295e+02   1.4612788e-04
   6.4187060e+02   1.4616120e-04
   6.4187825e+02   1.4619453e-04
   6.4188591e+02   1.4622787e-04
   6.4189356e+02   1.4592482e-04
   6.4190121e+02   1.4595810e-04
   6.4190886e+02   1.4599139e-04
   6.4191651e+02   1.4602468e-04
   6.4192416e+02   1.7969057e-04
   6.4193181e+02   1.4710394e-04
   6.4193945e+02   1.4612455e-04
   6.4194710e+02   1.4615787e-04
   6.4195475e+02   1.4619120e-04
   6.4196240e+02   1.4622454e-04
   6.4197005e+02   1.4625788e-04
   6.4197770e+02   1.4595477e-04
   6.4198535e+02   1.4598806e-04
   6.4199300e+02   3.9574584e-04
   6.4200066e+02   2.0114784e-04
   6.4200831e+02   1.4608795e-04
   6.4201594e+02   1.4612121e-04
   6.4202360e+02   1.4615454e-04
   6.4203125e+02   1.4618786e-04
   6.4203890e+02   1.4622120e-04
   6.4204655e+02   1.4625455e-04
   6.4205420e+02   1.8976163e-04
   6.4206185e+02   1.4598473e-04
   6.4206950e+02   1.4601802e-04
   6.4207715e+02   1.4605132e-04
   6.4208479e+02   1.4608457e-04
   6.4209244e+02   1.4611788e-04
   6.4210009e+02   2.8893649e-04
   6.4210774e+02   2.8635279e-04
   6.4211539e+02   1.4621787e-04
   6.4212304e+02   1.4591484e-04
   6.4213069e+02   1.4594812e-04
   6.4213834e+02   1.4598140e-04
   6.4214600e+02   1.4601469e-04
   6.4215365e+02   1.4604799e-04
   6.4216128e+02   1.5797721e-04
   6.4216894e+02   2.0402974e-04
   6.4217659e+02   1.4614787e-04
   6.4218424e+02   1.4618120e-04
   6.4219189e+02   1.4621453e-04
   6.4219954e+02   1.6258840e-04
   6.4220719e+02   1.4594479e-04
   6.4221484e+02   1.4597807e-04
   6.4222249e+02   1.4601136e-04
   6.4223014e+02   1.4604466e-04
   6.4223778e+02   1.7361392e-04
   6.4224543e+02   1.4611122e-04
   6.4225308e+02   1.4614454e-04
   6.4226073e+02   1.4617787e-04
   6.4226838e+02   1.4621120e-04
   6.4227603e+02   1.4624454e-04
   6.4228369e+02   1.4627789e-04
   6.4229134e+02   1.4597474e-04
   6.4229899e+02   1.8296868e-04
   6.4230663e+02   1.4604127e-04
   6.4231428e+02   1.4607458e-04
   6.4232193e+02   1.4610789e-04
   6.4232958e+02   1.4614121e-04
   6.4233723e+02   1.4617453e-04
   6.4234488e+02   1.4620787e-04
   6.4235253e+02   1.4624121e-04
   6.4236018e+02   1.4627456e-04
   6.4236783e+02   1.4630791e-04
   6.4237548e+02   1.4600470e-04
   6.4238312e+02   1.4603794e-04
   6.4239077e+02   1.4607125e-04
   6.4239842e+02   1.4610456e-04
   6.4240607e+02   1.4613787e-04
   6.4241372e+02   1.4617120e-04
   6.4242137e+02   1.4620453e-04
   6.4242903e+02   1.4623787e-04
   6.4243668e+02   1.4627122e-04
   6.4244433e+02   1.4630458e-04
   6.4245197e+02   1.4600132e-04
   6.4245962e+02   1.4603461e-04
   6.4246727e+02   1.4606791e-04
   6.4247492e+02   1.4610122e-04
   6.4248257e+02   1.4613454e-04
   6.4249022e+02   1.4616787e-04
   6.4249787e+02   1.4620120e-04
   6.4250552e+02   1.4623454e-04
   6.4251317e+02   1.4626789e-04
   6.4252082e+02   1.4596476e-04
   6.4252846e+02   1.4599799e-04
   6.4253611e+02   1.4603128e-04
   6.4254376e+02   3.1156232e-04
   6.4255141e+02   4.4324511e-04
   6.4255906e+02   2.8297168e-04
   6.4256672e+02   1.4616453e-04
   6.4257437e+02   1.4619786e-04
   6.4258202e+02   1.4623120e-04
   6.4258967e+02   1.4626455e-04
   6.4259732e+02   1.4629791e-04
   6.4260496e+02   1.4599466e-04
   6.4261261e+02   1.4602795e-04
   6.4262026e+02   1.4606125e-04
   6.4262791e+02   1.4609456e-04
   6.4263556e+02   1.4612788e-04
