   6.4153654e+02   4.7275451e-36
   6.4153235e+02   6.3013568e-06
   6.4152817e+02   1.2654508e-05
   6.4152398e+02   6.3533116e-06
   6.4151979e+02   3.7614405e-36
   6.4151561e+02   6.4059147e-06
   6.4151142e+02   1.2864926e-05
   6.4150723e+02   6.4591770e-06
   6.4150305e+02   2.7936760e-37
   6.4149886e+02   6.5131095e-06
   6.4149468e+02   1.3080661e-05
   6.4149049e+02   6.5677235e-06
   6.4148630e+02   7.0137007e-35
   6.4148212e+02   6.6230308e-06
   6.4147793e+02   1.3301896e-05
   6.4147375e+02   6.6790430e-06
   6.4146956e+02   2.4206696e-34
   6.4146537e+02   6.7357723e-06
   6.4146119e+02   1.3528819e-05
   6.4145700e+02   6.7932310e-06
   6.4145282e+02   5.6302563e-36
   6.4144863e+02   6.8514317e-06
   6.4144445e+02   1.3761629e-05
   6.4144026e+02   6.9103874e-06
   6.4143608e+02   2.1133548e-34
   6.4143189e+02   6.9701111e-06
   6.4142770e+02   1.4000530e-05
   6.4142352e+02   7.0306163e-06
   6.4141933e+02   1.1292536e-34
   6.4141515e+02   7.0919168e-06
   6.4141096e+02   1.4245739e-05
   6.4140678e+02   7.1540267e-06
   6.4140259e+02   3.2278261e-36
   6.4139841e+02   7.2169602e-06
   6.4139422e+02   1.4497481e-05
   6.4139004e+02   7.2807322e-06
   6.4138585e+02   2.4725944e-35
   6.4138167e+02   7.3453576e-06
   6.4137749e+02   1.4755990e-05
   6.4137330e+02   7.4108518e-06
   6.4136912e+02   7.7323668e-37
   6.4136493e+02   7.4772305e-06
   6.4136075e+02   1.5021513e-05
   6.4135656e+02   7.5445098e-06
   6.4135238e+02   9.2067853e-36
   6.4134819e+02   7.6127061e-06
   6.4134401e+02   1.5294307e-05
   6.4133983e+02   7.6818362e-06
   6.4133564e+02   4.0920057e-35
   6.4133146e+02   7.7519173e-06
   6.4132727e+02   1.5574640e-05
   6.4132309e+02   7.8229671e-06
   6.4131891e+02   1.3432480e-37
   6.4131472e+02   7.8950035e-06
   6.4131054e+02   1.5862795e-05
   6.4130635e+02   7.9680451e-06
   6.4130217e+02   1.6013031e-35
   6.4129799e+02   8.0421106e-06
   6.4129380e+02   1.6159067e-05
   6.4128962e+02   8.1172194e-06
   6.4128544e+02   8.1753400e-35
   6.4128125e+02   8.1933912e-06
   6.4127707e+02   1.6463764e-05
   6.4127289e+02   8.2706464e-06
   6.4126870e+02   2.8100389e-37
   6.4126452e+02   8.3490057e-06
   6.4126034e+02   1.6777212e-05
   6.4125615e+02   8.4284903e-06
   6.4125197e+02   1.0379238e-36
   6.4124779e+02   8.5091219e-06
   6.4124361e+02   1.7099750e-05
   6.4123942e+02   8.5909229e-06
   6.4123524e+02   1.2758681e-35
   6.4123106e+02   8.6739161e-06
   6.4122687e+02   1.7431734e-05
   6.4122269e+02   8.7581248e-06
   6.4121851e+02   1.3353193e-34
   6.4121433e+02   8.8435732e-06
   6.4121014e+02   1.7773540e-05
   6.4120596e+02   8.9302857e-06
   6.4120178e+02   5.6118459e-35
   6.4119760e+02   9.0182875e-06
   6.4119341e+02   1.8125560e-05
   6.4118923e+02   9.1076045e-06
   6.4118505e+02   2.5119124e-36
   6.4118087e+02   9.1982631e-06
   6.4117669e+02   1.8488208e-05
   6.4117250e+02   9.2902905e-06
   6.4116832e+02   1.3491123e-35
   6.4116414e+02   9.3837145e-06
   6.4115996e+02   1.8861918e-05
   6.4115578e+02   9.4785637e-06
   6.4115160e+02   1.7511887e-34
   6.4114741e+02   9.5748674e-06
   6.4114323e+02   1.9247148e-05
   6.4113905e+02   9.6726556e-06
   6.4113487e+02   7.7098656e-36
   6.4113069e+02   9.7719592e-06
   6.4112651e+02   1.9644378e-05
   6.4112232e+02   9.8728098e-06
   6.4111814e+02   1.4492755e-37
   6.4111396e+02   9.9752400e-06
   6.4110978e+02   2.0054116e-05
   6.4110560e+02   1.0079283e-05
   6.4110142e+02   4.7542684e-36
   6.4109724e+02   1.0184973e-05
   6.4109306e+02   2.0476894e-05
   6.4108888e+02   1.0292345e-05
   6.4108470e+02   2.3235385e-34
   6.4108051e+02   1.0401436e-05
   6.4107633e+02   2.0913275e-05
   6.4107215e+02   1.0512282e-05
   6.4106797e+02   1.4421008e-34
   6.4106379e+02   1.0624922e-05
   6.4105961e+02   2.1363853e-05
   6.4105543e+02   1.0739394e-05
   6.4105125e+02   1.0074897e-35
   6.4104707e+02   1.0855740e-05
   6.4104289e+02   2.1829255e-05
   6.4103871e+02   1.0973999e-05
   6.4103453e+02   1.1658501e-34
   6.4103035e+02   1.1094215e-05
   6.4102617e+02   2.2310142e-05
   6.4102199e+02   1.1216432e-05
   6.4101781e+02   2.1899863e-35
   6.4101363e+02   1.1340694e-05
   6.4100945e+02   2.2807213e-05
   6.4100527e+02   1.1467047e-05
   6.4100109e+02   2.0426889e-36
   6.4099691e+02   1.1595540e-05
   6.4099273e+02   2.3321207e-05
   6.4098855e+02   1.1726220e-05
   6.4098437e+02   3.0560725e-36
   6.4098019e+02   1.1859139e-05
   6.4097601e+02   2.3852907e-05
   6.4097183e+02   1.1994347e-05
   6.4096765e+02   1.1428951e-35
   6.4096348e+02   1.2131899e-05
   6.4095930e+02   2.4403140e-05
   6.4095512e+02   1.2271848e-05
   6.4095094e+02   1.3313913e-34
   6.4094676e+02   1.2414252e-05
   6.4094258e+02   2.4972785e-05
   6.4093840e+02   1.2559169e-05
   6.4093422e+02   7.9492961e-35
   6.4093004e+02   1.2706658e-05
   6.4092586e+02   2.5562772e-05
   6.4092169e+02   1.2856781e-05
   6.4091751e+02   3.5598518e-37
   6.4091333e+02   1.3009602e-05
   6.4090915e+02   2.6174088e-05
   6.4090497e+02   1.3165186e-05
   6.4090079e+02   3.6103211e-34
   6.4089661e+02   1.3323600e-05
   6.4089244e+02   2.6807781e-05
   6.4088826e+02   1.3484915e-05
   6.4088408e+02   1.5333127e-34
   6.4087990e+02   1.3649202e-05
   6.4087572e+02   2.7464966e-05
   6.4087155e+02   1.3816535e-05
   6.4086737e+02   7.7937677e-36
   6.4086319e+02   1.3986991e-05
   6.4085901e+02   2.8146828e-05
   6.4085483e+02   1.4160647e-05
   6.4085066e+02   3.6297535e-36
   6.4084648e+02   1.4337586e-05
   6.4084230e+02   2.8854626e-05
   6.4083812e+02   1.4517892e-05
   6.4083395e+02   6.9082239e-36
   6.4082977e+02   1.4701650e-05
   6.4082559e+02   2.9589704e-05
   6.4082141e+02   1.4888951e-05
   6.4081724e+02   1.6941156e-35
   6.4081306e+02   1.5079886e-05
   6.4080888e+02   3.0353494e-05
   6.4080470e+02   1.5274552e-05
   6.4080053e+02   9.9365751e-36
   6.4079635e+02   1.5473047e-05
   6.4079217e+02   3.1147523e-05
   6.4078800e+02   1.5675472e-05
   6.4078382e+02   3.6146000e-36
   6.4077964e+02   1.5881934e-05
   6.4077547e+02   3.1973423e-05
   6.4077129e+02   1.6092540e-05
   6.4076711e+02   8.5980984e-35
   6.4076294e+02   1.6307404e-05
   6.4075876e+02   3.2832938e-05
   6.4075458e+02   1.6526643e-05
   6.4075041e+02   3.2942253e-35
   6.4074623e+02   1.6750376e-05
   6.4074205e+02   3.3727934e-05
   6.4073788e+02   1.6978729e-05
   6.4073370e+02   1.6941842e-36
   6.4072952e+02   1.7211831e-05
   6.4072535e+02   3.4660408e-05
   6.4072117e+02   1.7449815e-05
   6.4071700e+02   5.1396190e-36
   6.4071282e+02   1.7692821e-05
   6.4070864e+02   3.5632503e-05
   6.4070447e+02   1.7940992e-05
   6.4070029e+02   6.5312202e-38
   6.4069612e+02   1.8194476e-05
   6.4069194e+02   3.6646517e-05
   6.4068777e+02   1.8453428e-05
   6.4068359e+02   3.4683843e-34
   6.4067941e+02   1.8718008e-05
   6.4067524e+02   3.7704919e-05
   6.4067106e+02   1.8988381e-05
   6.4066689e+02   4.5799250e-34
   6.4066271e+02   1.9264720e-05
   6.4065854e+02   3.8810366e-05
   6.4065436e+02   1.9547204e-05
   6.4065019e+02   1.2537045e-36
   6.4064601e+02   1.9836017e-05
   6.4064184e+02   3.9965714e-05
   6.4063766e+02   2.0131352e-05
   6.4063349e+02   8.0914595e-36
   6.4062931e+02   2.0433410e-05
   6.4062514e+02   4.1174047e-05
   6.4062096e+02   2.0742397e-05
   6.4061679e+02   3.7363765e-34
   6.4061261e+02   2.1058529e-05
   6.4060844e+02   4.2438689e-05
   6.4060426e+02   2.1382032e-05
   6.4060009e+02   1.6596748e-35
   6.4059591e+02   2.1713137e-05
   6.4059174e+02   4.3763234e-05
   6.4058757e+02   2.2052089e-05
   6.4058339e+02   3.3672031e-35
   6.4057922e+02   2.2399140e-05
   6.4057504e+02   4.5151568e-05
   6.4057087e+02   2.2754552e-05
   6.4056669e+02   4.6483653e-36
   6.4056252e+02   2.3118600e-05
   6.4055835e+02   4.6607902e-05
   6.4055417e+02   2.3491569e-05
   6.4055000e+02   9.7188482e-35
   6.4054583e+02   2.3873755e-05
   6.4054165e+02   4.8136804e-05
   6.4053748e+02   2.4265470e-05
   6.4053330e+02   2.9063266e-34
   6.4052913e+02   2.4667036e-05
   6.4052496e+02   4.9743235e-05
   6.4052078e+02   2.5078790e-05
   6.4051661e+02   1.2164058e-35
   6.4051244e+02   2.5501084e-05
   6.4050826e+02   5.1432596e-05
   6.4050409e+02   2.5934286e-05
   6.4049992e+02   7.2568952e-36
   6.4049574e+02   2.6378778e-05
   6.4049157e+02   5.3210766e-05
   6.4048740e+02   2.6834962e-05
   6.4048322e+02   8.1692610e-35
   6.4047905e+02   2.7303258e-05
   6.4047488e+02   5.5084166e-05
   6.4047071e+02   2.7784102e-05
   6.4046653e+02   3.3411888e-35
   6.4046236e+02   2.8277953e-05
   6.4045819e+02   5.7059810e-05
   6.4045402e+02   2.8785291e-05
   6.4044984e+02   6.6617385e-36
   6.4044567e+02   2.9306618e-05
   6.4044150e+02   5.9145383e-05
   6.4043733e+02   2.9842461e-05
   6.4043315e+02   2.8349236e-36
   6.4042898e+02   3.0393370e-05
   6.4042481e+02   6.1349310e-05
   6.4042064e+02   3.0959925e-05
   6.4041646e+02   2.0396814e-34
   6.4041229e+02   3.1542731e-05
   6.4040812e+02   6.3680852e-05
   6.4040395e+02   3.2142425e-05
   6.4039978e+02   2.8224336e-35
   6.4039560e+02   3.2759675e-05
   6.4039143e+02   6.6150205e-05
   6.4038726e+02   3.3395185e-05
   6.4038309e+02   2.2564801e-36
   6.4037892e+02   3.4049691e-05
   6.4037475e+02   6.8768618e-05
   6.4037057e+02   3.4723971e-05
   6.4036640e+02   6.2938664e-34
   6.4036223e+02   3.5418841e-05
   6.4035806e+02   7.1548528e-05
   6.4035389e+02   3.6135161e-05
   6.4034972e+02   5.0689527e-35
   6.4034555e+02   3.6873838e-05
   6.4034138e+02   7.4503713e-05
   6.4033720e+02   3.7635826e-05
   6.4033303e+02   1.5924422e-35
   6.4032886e+02   3.8422134e-05
   6.4032469e+02   7.7649475e-05
   6.4032052e+02   3.9233824e-05
   6.4031635e+02   9.1435511e-36
   6.4031218e+02   4.0072019e-05
   6.4030801e+02   8.1002848e-05
   6.4030384e+02   4.0937905e-05
   6.4029967e+02   1.2373569e-35
   6.4029550e+02   4.1832738e-05
   6.4029133e+02   8.4582841e-05
   6.4028716e+02   4.2757844e-05
   6.4028299e+02   4.1406986e-35
   6.4027882e+02   4.3714628e-05
   6.4027464e+02   8.8410724e-05
   6.4027047e+02   4.4704581e-05
   6.4026630e+02   2.9463898e-34
   6.4026213e+02   4.5729280e-05
   6.4025796e+02   9.2510360e-05
   6.4025379e+02   4.6790403e-05
   6.4024962e+02   8.8291553e-38
   6.4024545e+02   4.7889727e-05
   6.4024128e+02   9.6908603e-05
   6.4023711e+02   4.9029145e-05
   6.4023295e+02   2.7191582e-34
   6.4022878e+02   5.0210667e-05
   6.4022461e+02   1.0163576e-04
   6.4022044e+02   5.1436435e-05
   6.4021627e+02   4.0200800e-34
   6.4021210e+02   5.2708731e-05
   6.4020793e+02   1.0672616e-04
   6.4020376e+02   5.4029987e-05
   6.4019959e+02   1.3486874e-35
   6.4019542e+02   5.5402798e-05
   6.4019125e+02   1.1221879e-04
   6.4018708e+02   5.6829940e-05
   6.4018291e+02   1.7776534e-36
   6.4017874e+02   5.8314377e-05
   6.4017457e+02   1.1815813e-04
   6.4017041e+02   5.9859285e-05
   6.4016624e+02   6.1447620e-35
   6.4016207e+02   6.1468064e-05
   6.4015790e+02   1.2459507e-04
   6.4015373e+02   6.3144363e-05
   6.4014956e+02   3.5387357e-36
   6.4014539e+02   6.4892098e-05
   6.4014122e+02   1.3158811e-04
   6.4013706e+02   6.6715479e-05
   6.4013289e+02   1.1583801e-33
   6.4012872e+02   6.8619036e-05
   6.4012455e+02   1.3920478e-04
   6.4012038e+02   7.0607651e-05
   6.4011621e+02   2.6964256e-36
   6.4011205e+02   7.2686589e-05
   6.4010788e+02   1.4752337e-04
   6.4010371e+02   7.4861534e-05
   6.4009954e+02   4.9618285e-34
   6.4009537e+02   7.7138638e-05
   6.4009121e+02   1.5663512e-04
   6.4008704e+02   7.9524557e-05
   6.4008287e+02   1.0625451e-35
   6.4007870e+02   8.2026514e-05
   6.4007454e+02   1.6664686e-04
   6.4007037e+02   8.4652349e-05
   6.4006620e+02   1.0723173e-35
   6.4006203e+02   8.7410591e-05
   6.4005787e+02   1.7768447e-04
   6.4005370e+02   9.0310528e-05
   6.4004953e+02   8.5432380e-37
   6.4004536e+02   9.3362295e-05
   6.4004120e+02   1.8989707e-04
   6.4003703e+02   9.6576967e-05
   6.4003286e+02   5.3400733e-35
   6.4002869e+02   9.9966669e-05
   6.4002453e+02   2.0346252e-04
   6.4002036e+02   1.0354470e-04
   6.4001619e+02   1.9132438e-34
   6.4001203e+02   1.0732566e-04
   6.4000786e+02   2.1859441e-04
   6.4000369e+02   1.1132564e-04
   6.3999953e+02   2.5057857e-34
   6.3999536e+02   1.1556239e-04
   6.3999119e+02   2.3555119e-04
   6.3998703e+02   1.2005551e-04
   6.3998286e+02   1.1645108e-35
   6.3997869e+02   1.2482674e-04
   6.3997453e+02   2.5464817e-04
   6.3997036e+02   1.2990021e-04
   6.3996620e+02   1.7316702e-34
   6.3996203e+02   1.3530279e-04
   6.3995786e+02   2.7627345e-04
   6.3995370e+02   1.4106445e-04
   6.3994953e+02   9.6254724e-34
   6.3994536e+02   1.4721876e-04
   6.3994120e+02   3.0090948e-04
   6.3993703e+02   1.5380335e-04
   6.3993287e+02   1.6278752e-34
   6.3992870e+02   1.6086060e-04
   6.3992454e+02   3.2916237e-04
   6.3992037e+02   1.6843834e-04
   6.3991620e+02   5.7378233e-36
   6.3991204e+02   1.7659075e-04
   6.3990787e+02   3.6180274e-04
   6.3990371e+02   1.8537939e-04
   6.3989954e+02   9.8328852e-37
   6.3989538e+02   1.9487449e-04
   6.3989121e+02   3.9982328e-04
   6.3988705e+02   2.0515645e-04
   6.3988288e+02   2.3814669e-33
   6.3987872e+02   2.1631771e-04
   6.3987455e+02   4.4452158e-04
   6.3987039e+02   2.2846498e-04
   6.3986622e+02   1.3835574e-34
   6.3986206e+02   2.4172205e-04
   6.3985789e+02   4.9762187e-04
   6.3985373e+02   2.5623319e-04
   6.3984956e+02   7.3736073e-35
   6.3984540e+02   2.7216742e-04
   6.3984123e+02   5.6145817e-04
   6.3983707e+02   2.8972389e-04
   6.3983290e+02   2.7628142e-32
   6.3982874e+02   3.0913859e-04
   6.3982458e+02   6.3925736e-04
   6.3982041e+02   3.3069302e-04
   6.3981625e+02   5.2345219e-32
   6.3981208e+02   3.5472525e-04
   6.3980792e+02   7.3559024e-04
   6.3980375e+02   3.8164435e-04
   6.3979959e+02   6.4101410e-33
   6.3979543e+02   4.1194930e-04
   6.3979126e+02   8.5711599e-04
   6.3978710e+02   4.4625409e-04
   6.3978293e+02   2.6969611e-35
   6.3977877e+02   4.8532153e-04
   6.3977461e+02   1.0138626e-03
   6.3977044e+02   5.3010928e-04
   6.3976628e+02   1.3865200e-33
   6.3976212e+02   5.8183366e-04
   6.3975795e+02   1.2215385e-03
   6.3975379e+02   6.4205924e-04
   6.3974962e+02   2.3992786e-32
   6.3974546e+02   7.1282746e-04
   6.3974130e+02   1.5059559e-03
   6.3973713e+02   7.9684463e-04
   6.3973297e+02   1.3002798e-31
   6.3972881e+02   8.9776322e-04
   6.3972465e+02   1.9121251e-03
   6.3972048e+02   1.0206141e-03
   6.3971632e+02   3.9330470e-35
   6.3971216e+02   1.1724900e-03
   6.3970799e+02   2.5247082e-03
   6.3970383e+02   1.3636641e-03
   6.3969967e+02   1.0331645e-31
   6.3969551e+02   1.6094943e-03
   6.3969134e+02   3.5197601e-03
   6.3968718e+02   1.9338185e-03
   6.3968302e+02   3.6888973e-32
   6.3967885e+02   2.3753516e-03
   6.3967469e+02   5.3183299e-03
   6.3967053e+02   3.0005677e-03
   6.3966637e+02   5.3921233e-23
   6.3966221e+02   3.9317903e-03
   6.3965804e+02   9.1610304e-03
   6.3965388e+02   5.4140843e-03
   6.3964972e+02   5.3141515e-11
   6.3964556e+02   7.9905129e-03
   6.3964139e+02   2.0019056e-02
   6.3963723e+02   1.2615670e-02
   6.3963307e+02   1.2263719e-03
   6.3962891e+02   4.2709105e-02
   6.3962475e+02   1.5433819e-01
   6.3962059e+02   2.6592467e-01
   6.3961642e+02   3.0324893e-01
   6.3961226e+02   2.9918049e-01
   6.3960810e+02   3.5573539e-01
   6.3960394e+02   4.8801964e-01
   6.3959978e+02   5.7273317e-01
   6.3959562e+02   4.9116605e-01
   6.3959145e+02   2.7923627e-01
   6.3958729e+02   8.5512230e-02
   6.3958313e+02   4.8184758e-03
   6.3957897e+02   6.1009299e-03
   6.3957481e+02   1.4765401e-02
   6.3957065e+02   6.3537932e-03
   6.3956649e+02   8.0106200e-08
   6.3956233e+02   4.2931612e-03
   6.3955817e+02   7.1254649e-03
   6.3955400e+02   2.9854092e-03
   6.3954984e+02   1.4670602e-13
   6.3954568e+02   2.1582802e-03
   6.3954152e+02   3.7186630e-03
   6.3953736e+02   1.6140406e-03
   6.3953320e+02   5.1512688e-18
   6.3952904e+02   1.2408164e-03
   6.3952488e+02   2.1950938e-03
   6.3952072e+02   9.7590057e-04
   6.3951656e+02   8.9351625e-25
   6.3951240e+02   7.8262036e-04
   6.3950824e+02   1.4109597e-03
   6.3950408e+02   6.3858921e-04
   6.3949992e+02   1.0940620e-28
   6.3949576e+02   5.2961614e-04
   6.3949160e+02   9.7048399e-04
   6.3948744e+02   4.4642390e-04
   6.3948328e+02   9.0621300e-31
   6.3947912e+02   3.8280698e-04
   6.3947496e+02   7.1393312e-04
   6.3947080e+02   3.3456028e-04
   6.3946664e+02   1.6832810e-31
   6.3946248e+02   2.9883909e-04
   6.3945832e+02   5.7011994e-04
   6.3945416e+02   2.7377265e-04
   6.3945000e+02   2.3971539e-34
   6.3944584e+02   2.5823544e-04
   6.3944168e+02   5.0772140e-04
   6.3943752e+02   2.5172563e-04
   6.3943336e+02   1.7104574e-31
   6.3942920e+02   2.5432618e-04
   6.3942504e+02   5.1847298e-04
   6.3942088e+02   2.6674367e-04
   6.3941673e+02   1.9205280e-30
   6.3941257e+02   2.9043757e-04
   6.3940841e+02   6.1446902e-04
   6.3940425e+02   3.2787643e-04
   6.3940009e+02   3.0329646e-29
   6.3939593e+02   3.8299749e-04
   6.3939177e+02   8.3801978e-04
   6.3938761e+02   4.6202167e-04
   6.3938345e+02   4.8166061e-24
   6.3937930e+02   5.7493525e-04
   6.3937514e+02   1.2977940e-03
   6.3937098e+02   7.3830854e-04
   6.3936682e+02   1.4573303e-18
   6.3936266e+02   9.8100106e-04
   6.3935850e+02   2.2945590e-03
   6.3935435e+02   1.3567065e-03
   6.3935019e+02   4.7120979e-12
   6.3934603e+02   1.9736879e-03
   6.3934187e+02   4.8805182e-03
   6.3933771e+02   3.0819337e-03
   6.3933355e+02   4.2106392e-08
   6.3932940e+02   5.3099228e-03
   6.3932524e+02   1.4745389e-02
   6.3932108e+02   1.0575126e-02
   6.3931692e+02   3.5777844e-04
   6.3931277e+02   4.2190400e-02
   6.3930861e+02   2.0021065e-01
   6.3930445e+02   4.6733109e-01
   6.3930029e+02   7.5162993e-01
   6.3929614e+02   9.4679621e-01
   6.3929198e+02   1.0000000e+00
   6.3928782e+02   9.1115142e-01
   6.3928366e+02   7.0434824e-01
   6.3927951e+02   4.3149372e-01
   6.3927535e+02   1.8102042e-01
   6.3927119e+02   3.4273542e-02
   6.3926703e+02   1.9928994e-04
   6.3926288e+02   1.6101053e-02
   6.3925872e+02   2.0803997e-02
   6.3925456e+02   7.5326212e-03
   6.3925041e+02   5.6397183e-11
   6.3924625e+02   4.6224085e-03
   6.3924209e+02   7.6015066e-03
   6.3923794e+02   3.1955730e-03
   6.3923378e+02   1.1371862e-21
   6.3922962e+02   2.3744567e-03
   6.3922547e+02   4.1729838e-03
   6.3922131e+02   1.8521074e-03
   6.3921715e+02   8.2551924e-33
   6.3921300e+02   1.4960243e-03
   6.3920884e+02   2.7168883e-03
   6.3920468e+02   1.2406433e-03
   6.3920053e+02   3.1882472e-32
   6.3919637e+02   1.0502220e-03
   6.3919221e+02   1.9449215e-03
   6.3918806e+02   9.0380145e-04
   6.3918390e+02   5.1275750e-35
   6.3917975e+02   7.8836999e-04
   6.3917559e+02   1.4790207e-03
   6.3917143e+02   6.9547046e-04
   6.3916728e+02   1.3059907e-31
   6.3916312e+02   6.1939447e-04
   6.3915897e+02   1.1727465e-03
   6.3915481e+02   5.5616529e-04
   6.3915066e+02   5.4384252e-32
   6.3914650e+02   5.0293706e-04
   6.3914234e+02   9.5879860e-04
   6.3913819e+02   4.5762556e-04
   6.3913403e+02   1.0270440e-33
   6.3912988e+02   4.1867330e-04
   6.3912572e+02   8.0240044e-04
   6.3912157e+02   3.8489568e-04
   6.3911741e+02   6.4976058e-36
   6.3911326e+02   3.5537743e-04
   6.3910910e+02   6.8397045e-04
   6.3910495e+02   3.2940148e-04
   6.3910079e+02   1.0576848e-32
   6.3909664e+02   3.0639893e-04
   6.3909248e+02   5.9173277e-04
   6.3908833e+02   2.8591326e-04
   6.3908417e+02   9.1909705e-33
   6.3908002e+02   2.6757441e-04
   6.3907586e+02   5.1822640e-04
   6.3907171e+02   2.5107953e-04
   6.3906755e+02   9.7761914e-33
   6.3906340e+02   2.3617866e-04
   6.3905925e+02   4.5851917e-04
   6.3905509e+02   2.2266384e-04
   6.3905094e+02   1.2218767e-34
   6.3904678e+02   2.1036083e-04
   6.3904263e+02   4.0923378e-04
   6.3903847e+02   1.9912262e-04
   6.3903432e+02   6.9717124e-34
   6.3903017e+02   1.8882442e-04
   6.3902601e+02   3.6798781e-04
   6.3902186e+02   1.7935967e-04
   6.3901770e+02   7.2429240e-33
   6.3901355e+02   1.7063691e-04
   6.3900940e+02   3.3305736e-04
   6.3900524e+02   1.6257721e-04
   6.3900109e+02   3.7121409e-36
   6.3899693e+02   1.5511214e-04
   6.3899278e+02   3.0316735e-04
   6.3898863e+02   1.4818213e-04
   6.3898447e+02   4.5525218e-36
   6.3898032e+02   1.4173508e-04
   6.3897617e+02   2.7735630e-04
   6.3897201e+02   1.3572525e-04
   6.3896786e+02   2.6524782e-34
   6.3896371e+02   1.3011234e-04
   6.3895955e+02   2.5488687e-04
   6.3895540e+02   1.2486072e-04
   6.3895125e+02   2.1509804e-34
   6.3894710e+02   1.1993878e-04
   6.3894294e+02   2.3518503e-04
   6.3893879e+02   1.1531836e-04
   6.3893464e+02   1.0372299e-34
   6.3893048e+02   1.1097438e-04
   6.3892633e+02   2.1779784e-04
   6.3892218e+02   1.0688432e-04
   6.3891803e+02   3.5401989e-36
   6.3891387e+02   1.0302803e-04
   6.3890972e+02   2.0236359e-04
   6.3890557e+02   9.9387333e-05
   6.3890142e+02   4.3295865e-35
   6.3889726e+02   9.5945849e-05
   6.3889311e+02   1.8859025e-04
   6.3888896e+02   9.2688762e-05
   6.3888481e+02   9.3073088e-35
   6.3888065e+02   8.9602647e-05
   6.3887650e+02   1.7623970e-04
   6.3887235e+02   8.6675311e-05
   6.3886820e+02   2.9332630e-36
   6.3886405e+02   8.3895656e-05
   6.3885989e+02   1.6511602e-04
   6.3885574e+02   8.1253563e-05
   6.3885159e+02   1.5234821e-36
   6.3884744e+02   7.8739788e-05
   6.3884329e+02   1.5505670e-04
   6.3883914e+02   7.6345871e-05
   6.3883498e+02   2.1687424e-35
   6.3883083e+02   7.4064054e-05
   6.3882668e+02   1.4592587e-04
   6.3882253e+02   7.1887215e-05
   6.3881838e+02   1.0174897e-34
   6.3881423e+02   6.9808800e-05
   6.3881008e+02   1.3760919e-04
   6.3880593e+02   6.7822774e-05
   6.3880177e+02   5.3811373e-34
   6.3879762e+02   6.5923568e-05
   6.3879347e+02   1.3000980e-04
   6.3878932e+02   6.4106036e-05
   6.3878517e+02   2.0206285e-35
   6.3878102e+02   6.2365417e-05
   6.3877687e+02   1.2304512e-04
   6.3877272e+02   6.0697302e-05
   6.3876857e+02   1.8543959e-33
   6.3876442e+02   5.9097598e-05
   6.3876027e+02   1.1664441e-04
   6.3875612e+02   5.7562507e-05
   6.3875197e+02   3.1490205e-33
   6.3874782e+02   5.6088494e-05
   6.3874366e+02   1.1074671e-04
   6.3873951e+02   5.4672270e-05
   6.3873536e+02   4.4418909e-35
   6.3873121e+02   5.3310769e-05
   6.3872706e+02   1.0529927e-04
   6.3872291e+02   5.2001129e-05
   6.3871876e+02   6.5857501e-37
   6.3871461e+02   5.0740679e-05
   6.3871046e+02   1.0025623e-04
   6.3870631e+02   4.9526920e-05
   6.3870216e+02   4.6723937e-36
   6.3869801e+02   4.8357513e-05
   6.3869386e+02   9.5577504e-05
   6.3868972e+02   4.7230269e-05
   6.3868557e+02   1.4600152e-34
   6.3868142e+02   4.6143132e-05
   6.3867727e+02   9.1227993e-05
   6.3867312e+02   4.5094175e-05
   6.3866897e+02   4.1718536e-34
   6.3866482e+02   4.4081587e-05
   6.3866067e+02   8.7176789e-05
   6.3865652e+02   4.3103664e-05
   6.3865237e+02   4.5842051e-36
   6.3864822e+02   4.2158805e-05
   6.3864407e+02   8.3396599e-05
   6.3863992e+02   4.1245501e-05
   6.3863577e+02   1.5721214e-35
   6.3863163e+02   4.0362330e-05
   6.3862748e+02   7.9863243e-05
   6.3862333e+02   3.9507950e-05
   6.3861918e+02   6.2601696e-35
   6.3861503e+02   3.8681095e-05
   6.3861088e+02   7.6555226e-05
   6.3860673e+02   3.7880569e-05
   6.3860258e+02   1.9441949e-35
   6.3859844e+02   3.7105243e-05
   6.3859429e+02   7.3453385e-05
   6.3859014e+02   3.6354046e-05
   6.3858599e+02   1.0995629e-35
   6.3858184e+02   3.5625966e-05
   6.3857769e+02   7.0540588e-05
   6.3857355e+02   3.4920046e-05
   6.3856940e+02   2.5858563e-35
   6.3856525e+02   3.4235376e-05
   6.3856110e+02   6.7801477e-05
   6.3855695e+02   3.3571095e-05
   6.3855281e+02   4.0052850e-35
   6.3854866e+02   3.2926384e-05
   6.3854451e+02   6.5222248e-05
   6.3854036e+02   3.2300469e-05
   6.3853622e+02   2.6380545e-35
   6.3853207e+02   3.1692610e-05
   6.3852792e+02   6.2790464e-05
   6.3852377e+02   3.1102108e-05
   6.3851963e+02   1.1620432e-35
   6.3851548e+02   3.0528294e-05
   6.3851133e+02   6.0494893e-05
   6.3850718e+02   2.9970535e-05
   6.3850304e+02   2.3418398e-35
   6.3849889e+02   2.9428227e-05
   6.3849474e+02   5.8325370e-05
   6.3849060e+02   2.8900793e-05
   6.3848645e+02   3.8512217e-34
   6.3848230e+02   2.8387684e-05
   6.3847815e+02   5.6272676e-05
   6.3847401e+02   2.7888379e-05
   6.3846986e+02   1.4946215e-36
   6.3846571e+02   2.7402377e-05
   6.3846157e+02   5.4328430e-05
   6.3845742e+02   2.6929202e-05
   6.3845327e+02   3.1373362e-36
   6.3844913e+02   2.6468400e-05
   6.3844498e+02   5.2485003e-05
   6.3844083e+02   2.6019535e-05
   6.3843669e+02   6.1850502e-36
   6.3843254e+02   2.5582191e-05
   6.3842840e+02   5.0735432e-05
   6.3842425e+02   2.5155973e-05
   6.3842010e+02   3.8759313e-35
   6.3841596e+02   2.4740499e-05
   6.3841181e+02   4.9073354e-05
   6.3840767e+02   2.4335406e-05
   6.3840352e+02   1.4555888e-35
   6.3839937e+02   2.3940346e-05
   6.3839523e+02   4.7492946e-05
   6.3839108e+02   2.3554984e-05
   6.3838694e+02   3.9026321e-36
   6.3838279e+02   2.3179002e-05
   6.3837864e+02   4.5988864e-05
   6.3837450e+02   2.2812093e-05
   6.3837035e+02   2.5502037e-34
   6.3836621e+02   2.2453963e-05
   6.3836206e+02   4.4556203e-05
   6.3835792e+02   2.2104330e-05
   6.3835377e+02   7.4911461e-34
   6.3834963e+02   2.1762924e-05
   6.3834548e+02   4.3190449e-05
   6.3834134e+02   2.1429485e-05
   6.3833719e+02   8.3206295e-36
   6.3833305e+02   2.1103764e-05
   6.3832890e+02   4.1887444e-05
   6.3832476e+02   2.0785521e-05
   6.3832061e+02   1.0817683e-36
   6.3831647e+02   2.0474525e-05
   6.3831232e+02   4.0643351e-05
   6.3830818e+02   2.0170556e-05
   6.3830403e+02   1.1198088e-36
   6.3829989e+02   1.9873401e-05
   6.3829574e+02   3.9454628e-05
   6.3829160e+02   1.9582854e-05
   6.3828746e+02   9.5720648e-35
   6.3828331e+02   1.9298720e-05
   6.3827917e+02   3.8317994e-05
   6.3827502e+02   1.9020807e-05
   6.3827088e+02   1.6057004e-34
   6.3826673e+02   1.8748934e-05
   6.3826259e+02   3.7230415e-05
   6.3825845e+02   1.8482925e-05
   6.3825430e+02   2.7270703e-36
   6.3825016e+02   1.8222610e-05
   6.3824601e+02   3.6189073e-05
   6.3824187e+02   1.7967826e-05
   6.3823773e+02   3.1379982e-34
   6.3823358e+02   1.7718416e-05
   6.3822944e+02   3.5191355e-05
   6.3822530e+02   1.7474227e-05
   6.3822115e+02   2.1419273e-34
   6.3821701e+02   1.7235113e-05
   6.3821286e+02   3.4234830e-05
   6.3820872e+02   1.7000933e-05
   6.3820458e+02   1.2572997e-35
   6.3820043e+02   1.6771551e-05
   6.3819629e+02   3.3317236e-05
   6.3819215e+02   1.6546835e-05
   6.3818801e+02   4.9803942e-37
   6.3818386e+02   1.6326658e-05
   6.3817972e+02   3.2436466e-05
   6.3817558e+02   1.6110897e-05
   6.3817143e+02   1.9192268e-35
   6.3816729e+02   1.5899434e-05
   6.3816315e+02   3.1590555e-05
   6.3815900e+02   1.5692153e-05
   6.3815486e+02   1.3616343e-36
   6.3815072e+02   1.5488945e-05
   6.3814658e+02   3.0777669e-05
   6.3814243e+02   1.5289702e-05
   6.3813829e+02   2.8071521e-35
   6.3813415e+02   1.5094321e-05
   6.3813001e+02   2.9996094e-05
   6.3812586e+02   1.4902701e-05
   6.3812172e+02   2.3513175e-36
   6.3811758e+02   1.4714746e-05
   6.3811344e+02   2.9244226e-05
   6.3810930e+02   1.4530361e-05
   6.3810515e+02   7.2008359e-36
   6.3810101e+02   1.4349457e-05
   6.3809687e+02   2.8520564e-05
   6.3809273e+02   1.4171944e-05
   6.3808859e+02   8.5200456e-36
   6.3808444e+02   1.3997739e-05
   6.3808030e+02   2.7823702e-05
   6.3807616e+02   1.3826759e-05
   6.3807202e+02   3.6784602e-36
   6.3806788e+02   1.3658923e-05
   6.3806374e+02   2.7152320e-05
   6.3805959e+02   1.3494154e-05
   6.3805545e+02   4.8729011e-36
   6.3805131e+02   1.3332378e-05
   6.3804717e+02   2.6505180e-05
   6.3804303e+02   1.3173522e-05
   6.3803889e+02   8.6367330e-37
   6.3803475e+02   1.3017516e-05
   6.3803061e+02   2.5881118e-05
   6.3802646e+02   1.2864290e-05
   6.3802232e+02   2.1389470e-34
   6.3801818e+02   1.2713779e-05
   6.3801404e+02   2.5279042e-05
   6.3800990e+02   1.2565918e-05
   6.3800576e+02   1.9136660e-34
   6.3800162e+02   1.2420645e-05
   6.3799748e+02   2.4697921e-05
   6.3799334e+02   1.2277900e-05
   6.3798920e+02   1.7862681e-35
   6.3798506e+02   1.2137623e-05
   6.3798092e+02   2.4136786e-05
   6.3797678e+02   1.1999758e-05
   6.3797264e+02   5.6422365e-35
   6.3796850e+02   1.1864249e-05
   6.3796436e+02   2.3594723e-05
   6.3796022e+02   1.1731043e-05
   6.3795608e+02   1.2613112e-34
   6.3795194e+02   1.1600086e-05
   6.3794780e+02   2.3070872e-05
   6.3794366e+02   1.1471329e-05
   6.3793952e+02   1.0705021e-35
   6.3793538e+02   1.1344722e-05
   6.3793124e+02   2.2564419e-05
   6.3792710e+02   1.1220217e-05
   6.3792296e+02   3.9457637e-36
   6.3791882e+02   1.1097767e-05
   6.3791468e+02   2.2074597e-05
   6.3791054e+02   1.0977327e-05
   6.3790640e+02   1.0780933e-35
   6.3790226e+02   1.0858853e-05
   6.3789812e+02   2.1600679e-05
   6.3789398e+02   1.0742302e-05
   6.3788984e+02   2.7837604e-37
   6.3788570e+02   1.0627632e-05
   6.3788156e+02   2.1141980e-05
   6.3787742e+02   1.0514803e-05
   6.3787328e+02   2.2833889e-35
   6.3786915e+02   1.0403776e-05
   6.3786501e+02   2.0697851e-05
   6.3786087e+02   1.0294511e-05
   6.3785673e+02   1.1385797e-35
   6.3785259e+02   1.0186972e-05
   6.3784845e+02   2.0267676e-05
   6.3784431e+02   1.0081122e-05
   6.3784017e+02   1.8104277e-34
   6.3783604e+02   9.9769251e-06
   6.3783190e+02   1.9850872e-05
   6.3782776e+02   9.8743477e-06
   6.3782362e+02   2.3012790e-35
   6.3781948e+02   9.7733560e-06
   6.3781534e+02   1.9446889e-05
   6.3781120e+02   9.6739170e-06
   6.3780707e+02   6.5331843e-36
   6.3780293e+02   9.5759989e-06
   6.3779879e+02   1.9055201e-05
   6.3779465e+02   9.4795708e-06
   6.3779051e+02   1.5161202e-36
   6.3778638e+02   9.3846022e-06
   6.3778224e+02   1.8675312e-05
   6.3777810e+02   9.2910637e-06
   6.3777396e+02   4.5753390e-36
   6.3776983e+02   9.1989266e-06
   6.3776569e+02   1.8306750e-05
   6.3776155e+02   9.1081628e-06
   6.3775741e+02   2.2880644e-35
   6.3775328e+02   9.0187450e-06
   6.3774914e+02   1.7949065e-05
   6.3774500e+02   8.9306465e-06
   6.3774086e+02   3.5944770e-35
   6.3773673e+02   8.8438414e-06
   6.3773259e+02   1.7601832e-05
   6.3772845e+02   8.7583043e-06
   6.3772431e+02   2.1634423e-35
   6.3772018e+02   8.6740104e-06
   6.3771604e+02   1.7264644e-05
   6.3771190e+02   8.5909357e-06
   6.3770777e+02   2.5230626e-34
   6.3770363e+02   8.5090566e-06
   6.3769949e+02   1.6937116e-05
   6.3769536e+02   8.4283502e-06
   6.3769122e+02   2.3135501e-34
   6.3768708e+02   8.3487939e-06
   6.3768295e+02   1.6618881e-05
   6.3767881e+02   8.2703661e-06
   6.3767467e+02   6.4464113e-36
   6.3767054e+02   8.1930452e-06
   6.3766640e+02   1.6309587e-05
   6.3766226e+02   8.1168104e-06
   6.3765813e+02   2.0476940e-36
   6.3765399e+02   8.0416414e-06
   6.3764986e+02   1.6008901e-05
   6.3764572e+02   7.9675183e-06
   6.3764158e+02   7.8737912e-37
   6.3763745e+02   7.8944217e-06
   6.3763331e+02   1.5716505e-05
   6.3762918e+02   7.8223326e-06
   6.3762504e+02   4.3108210e-35
   6.3762090e+02   7.7512324e-06
   6.3761677e+02   1.5432095e-05
   6.3761263e+02   7.6811031e-06
   6.3760850e+02   1.0170303e-34
   6.3760436e+02   7.6119269e-06
   6.3760023e+02   1.5155382e-05
   6.3759609e+02   7.5436867e-06
   6.3759195e+02   4.3438692e-38
   6.3758782e+02   7.4763654e-06
   6.3758368e+02   1.4886088e-05
   6.3757955e+02   7.4099466e-06
   6.3757541e+02   4.6373802e-35
   6.3757128e+02   7.3444141e-06
   6.3756714e+02   1.4623951e-05
   6.3756301e+02   7.2797522e-06
   6.3755887e+02   5.1903753e-35
   6.3755474e+02   7.2159454e-06
   6.3755060e+02   1.4368716e-05
   6.3754647e+02   7.1529786e-06
   6.3754233e+02   9.2244964e-36
   6.3753820e+02   7.0908371e-06
   6.3753406e+02   1.4120143e-05
   6.3752993e+02   7.0295065e-06
   6.3752580e+02   3.3765538e-36
   6.3752166e+02   6.9689726e-06
   6.3751753e+02   1.3878000e-05
   6.3751339e+02   6.9092216e-06
   6.3750926e+02   3.2016118e-35
   6.3750512e+02   6.8502400e-06
   6.3750099e+02   1.3642067e-05
   6.3749686e+02   6.7920146e-06
   6.3749272e+02   1.9932507e-35
   6.3748859e+02   6.7345325e-06
   6.3748445e+02   1.3412132e-05
   6.3748032e+02   6.6777810e-06
   6.3747619e+02   9.9130316e-35
   6.3747205e+02   6.6217477e-06
   6.3746792e+02   1.3187993e-05
   6.3746378e+02   6.5664206e-06
   6.3745965e+02   3.3881253e-36
   6.3745552e+02   6.5117876e-06
   6.3745138e+02   1.2969456e-05
   6.3744725e+02   6.4578373e-06
   6.3744312e+02   5.4788381e-37
   6.3743898e+02   6.4045582e-06
   6.3743485e+02   1.2756334e-05
   6.3743072e+02   6.3519391e-06
   6.3742658e+02   2.3960808e-34
   6.3742245e+02   6.2999693e-06
   6.3741832e+02   1.2548449e-05
   6.3741418e+02   6.2486380e-06
   6.3741005e+02   3.4480244e-38
   6.3740592e+02   6.1979347e-06
   6.3740178e+02   1.2345631e-05
   6.3739765e+02   6.1478492e-06
   6.3739352e+02   1.0203047e-35
   6.3738939e+02   6.0983715e-06
   6.3738525e+02   1.2147715e-05
   6.3738112e+02   6.0494916e-06
   6.3737699e+02   1.7631832e-37
