294.44	838.00
294.71	838.00
294.98	838.00
295.25	826.00
295.52	869.00
295.79	879.00
296.06	881.00
296.33	869.00
296.60	873.00
296.87	866.00
297.14	858.00
297.41	869.00
297.68	875.00
297.95	867.00
298.22	871.00
298.49	868.00
298.76	876.00
299.03	870.00
299.30	869.00
299.57	871.00
299.84	864.00
300.11	870.00
300.38	882.00
300.65	898.00
300.92	860.00
301.18	865.00
301.45	866.00
301.72	873.00
301.99	868.00
302.26	876.00
302.53	855.00
302.80	855.00
303.07	885.00
303.34	878.00
303.61	865.00
303.88	882.00
304.15	883.00
304.42	878.00
304.69	867.00
304.96	877.00
305.23	879.00
305.50	874.00
305.77	867.00
306.03	878.00
306.30	874.00
306.57	876.00
306.84	868.00
307.11	870.00
307.38	883.00
307.65	877.00
307.92	886.00
308.19	856.00
308.46	873.00
308.73	882.00
309.00	876.00
309.27	886.00
309.54	883.00
309.81	901.00
310.07	872.00
310.34	869.00
310.61	883.00
310.88	873.00
311.15	891.00
311.42	883.00
311.69	866.00
311.96	870.00
312.23	873.00
312.50	855.00
312.77	867.00
313.04	859.00
313.30	855.00
313.57	867.00
313.84	884.00
314.11	878.00
314.38	867.00
314.65	865.00
314.92	873.00
315.19	881.00
315.46	878.00
315.73	880.00
316.00	887.00
316.26	885.00
316.53	873.00
316.80	861.00
317.07	861.00
317.34	858.00
317.61	864.00
317.88	869.00
318.15	869.00
318.42	856.00
318.69	852.00
318.95	863.00
319.22	862.00
319.49	860.00
319.76	874.00
320.03	863.00
320.30	875.00
320.57	905.00
320.84	865.00
321.11	873.00
321.37	863.00
321.64	859.00
321.91	864.00
322.18	882.00
322.45	864.00
322.72	867.00
322.99	879.00
323.26	888.00
323.53	875.00
323.79	883.00
324.06	888.00
324.33	863.00
324.60	876.00
324.87	889.00
325.14	862.00
325.41	870.00
325.68	868.00
325.94	873.00
326.21	883.00
326.48	868.00
326.75	866.00
327.02	873.00
327.29	884.00
327.56	877.00
327.83	879.00
328.09	863.00
328.36	891.00
328.63	898.00
328.90	873.00
329.17	869.00
329.44	886.00
329.71	875.00
329.97	872.00
330.24	862.00
330.51	875.00
330.78	878.00
331.05	870.00
331.32	885.00
331.59	856.00
331.85	888.00
332.12	892.00
332.39	871.00
332.66	882.00
332.93	871.00
333.20	886.00
333.47	879.00
333.73	870.00
334.00	866.00
334.27	862.00
334.54	869.00
334.81	864.00
335.08	886.00
335.34	870.00
335.61	885.00
335.88	887.00
336.15	895.00
336.42	880.00
336.69	871.00
336.96	853.00
337.22	864.00
337.49	873.00
337.76	871.00
338.03	875.00
338.30	875.00
338.57	877.00
338.83	868.00
339.10	873.00
339.37	853.00
339.64	877.00
339.91	882.00
340.17	866.00
340.44	885.00
340.71	885.00
340.98	880.00
341.25	865.00
341.52	896.00
341.78	886.00
342.05	877.00
342.32	860.00
342.59	869.00
342.86	868.00
343.13	863.00
343.39	872.00
343.66	868.00
343.93	878.00
344.20	872.00
344.47	888.00
344.73	869.00
345.00	876.00
345.27	876.00
345.54	862.00
345.81	875.00
346.07	872.00
346.34	866.00
346.61	859.00
346.88	876.00
347.15	883.00
347.42	875.00
347.68	851.00
347.95	859.00
348.22	882.00
348.49	890.00
348.76	889.00
349.02	866.00
349.29	867.00
349.56	875.00
349.83	870.00
350.09	860.00
350.36	871.00
350.63	868.00
350.90	863.00
351.17	870.00
351.43	865.00
351.70	877.00
351.97	874.00
352.24	881.00
352.51	871.00
352.77	868.00
353.04	851.00
353.31	883.00
353.58	872.00
353.85	888.00
354.11	874.00
354.38	861.00
354.65	889.00
354.92	882.00
355.18	874.00
355.45	853.00
355.72	881.00
355.99	855.00
356.26	877.00
356.52	861.00
356.79	885.00
357.06	884.00
357.33	857.00
357.59	857.00
357.86	891.00
358.13	873.00
358.40	881.00
358.66	878.00
358.93	868.00
359.20	886.00
359.47	848.00
359.74	888.00
360.00	878.00
360.27	901.00
360.54	879.00
360.81	869.00
361.07	865.00
361.34	870.00
361.61	876.00
361.88	858.00
362.14	866.00
362.41	873.00
362.68	883.00
362.95	874.00
363.21	887.00
363.48	886.00
363.75	880.00
364.02	850.00
364.28	866.00
364.55	872.00
364.82	881.00
365.09	872.00
365.35	868.00
365.62	864.00
365.89	866.00
366.16	867.00
366.42	866.00
366.69	887.00
366.96	876.00
367.23	872.00
367.49	864.00
367.76	862.00
368.03	871.00
368.30	884.00
368.56	870.00
368.83	862.00
369.10	868.00
369.36	884.00
369.63	869.00
369.90	862.00
370.17	863.00
370.43	876.00
370.70	871.00
370.97	892.00
371.24	874.00
371.50	855.00
371.77	879.00
372.04	861.00
372.30	856.00
372.57	873.00
372.84	890.00
373.11	891.00
373.37	870.00
373.64	858.00
373.91	871.00
374.17	875.00
374.44	864.00
374.71	874.00
374.98	843.00
375.24	866.00
375.51	887.00
375.78	872.00
376.04	874.00
376.31	867.00
376.58	864.00
376.85	851.00
377.11	860.00
377.38	874.00
377.65	871.00
377.91	882.00
378.18	876.00
378.45	898.00
378.72	874.00
378.98	869.00
379.25	876.00
379.52	881.00
379.78	865.00
380.05	862.00
380.32	870.00
380.58	867.00
380.85	881.00
381.12	872.00
381.39	878.00
381.65	876.00
381.92	876.00
382.19	882.00
382.45	865.00
382.72	871.00
382.99	875.00
383.25	883.00
383.52	873.00
383.79	871.00
384.05	872.00
384.32	884.00
384.59	881.00
384.85	869.00
385.12	885.00
385.39	868.00
385.66	868.00
385.92	880.00
386.19	867.00
386.46	877.00
386.72	854.00
386.99	871.00
387.26	871.00
387.52	881.00
387.79	880.00
388.06	875.00
388.32	869.00
388.59	867.00
388.86	874.00
389.12	865.00
389.39	873.00
389.66	861.00
389.92	876.00
390.19	865.00
390.46	882.00
390.72	871.00
390.99	869.00
391.26	883.00
391.52	879.00
391.79	880.00
392.06	881.00
392.32	869.00
392.59	868.00
392.86	874.00
393.12	869.00
393.39	860.00
393.65	868.00
393.92	888.00
394.19	884.00
394.45	877.00
394.72	858.00
394.99	863.00
395.25	861.00
395.52	865.00
395.79	858.00
396.05	874.00
396.32	866.00
396.59	873.00
396.85	863.00
397.12	876.00
397.39	871.00
397.65	865.00
397.92	863.00
398.18	856.00
398.45	879.00
398.72	861.00
398.98	876.00
399.25	878.00
399.52	869.00
399.78	888.00
400.05	879.00
400.32	862.00
400.58	874.00
400.85	871.00
401.11	880.00
401.38	874.00
401.65	871.00
401.91	868.00
402.18	888.00
402.45	879.00
402.71	866.00
402.98	868.00
403.24	865.00
403.51	863.00
403.78	876.00
404.04	884.00
404.31	869.00
404.58	862.00
404.84	865.00
405.11	869.00
405.37	877.00
405.64	866.00
405.91	877.00
406.17	890.00
406.44	873.00
406.70	858.00
406.97	857.00
407.24	866.00
407.50	852.00
407.77	842.00
408.04	875.00
408.30	882.00
408.57	862.00
408.83	872.00
409.10	859.00
409.37	869.00
409.63	872.00
409.90	877.00
410.16	875.00
410.43	865.00
410.70	867.00
410.96	858.00
411.23	884.00
411.49	883.00
411.76	893.00
412.03	872.00
412.29	874.00
412.56	866.00
412.82	851.00
413.09	868.00
413.35	880.00
413.62	894.00
413.89	885.00
414.15	864.00
414.42	860.00
414.68	884.00
414.95	891.00
415.22	889.00
415.48	869.00
415.75	869.00
416.01	884.00
416.28	867.00
416.54	881.00
416.81	858.00
417.08	859.00
417.34	866.00
417.61	889.00
417.87	884.00
418.14	888.00
418.40	873.00
418.67	864.00
418.94	874.00
419.20	867.00
419.47	876.00
419.73	868.00
420.00	868.00
420.26	882.00
420.53	864.00
420.80	869.00
421.06	870.00
421.33	856.00
421.59	851.00
421.86	854.00
422.12	864.00
422.39	868.00
422.66	875.00
422.92	861.00
423.19	868.00
423.45	883.00
423.72	873.00
423.98	881.00
424.25	877.00
424.51	860.00
424.78	872.00
425.05	877.00
425.31	870.00
425.58	849.00
425.84	854.00
426.11	862.00
426.37	862.00
426.64	862.00
426.90	864.00
427.17	876.00
427.43	869.00
427.70	862.00
427.97	880.00
428.23	861.00
428.50	869.00
428.76	863.00
429.03	851.00
429.29	859.00
429.56	879.00
429.82	866.00
430.09	878.00
430.35	882.00
430.62	868.00
430.88	875.00
431.15	882.00
431.41	881.00
431.68	874.00
431.95	879.00
432.21	875.00
432.48	875.00
432.74	877.00
433.01	873.00
433.27	877.00
433.54	858.00
433.80	877.00
434.07	879.00
434.33	866.00
434.60	864.00
434.86	877.00
435.13	862.00
435.39	867.00
435.66	870.00
435.92	887.00
436.19	873.00
436.45	868.00
436.72	874.00
436.98	863.00
437.25	866.00
437.51	886.00
437.78	867.00
438.04	890.00
438.31	880.00
438.57	875.00
438.84	884.00
439.11	861.00
439.37	889.00
439.64	893.00
439.90	884.00
440.17	891.00
440.43	909.00
440.70	935.00
440.96	935.00
441.23	949.00
441.49	1002.00
441.76	1023.00
442.02	1008.00
442.28	969.00
442.55	928.00
442.81	894.00
443.08	877.00
443.34	870.00
443.61	867.00
443.87	883.00
444.14	890.00
444.40	874.00
444.67	851.00
444.93	856.00
445.20	860.00
445.46	872.00
445.73	905.00
445.99	866.00
446.26	865.00
446.52	866.00
446.79	877.00
447.05	870.00
447.32	873.00
447.58	879.00
447.85	887.00
448.11	869.00
448.38	882.00
448.64	882.00
448.91	870.00
449.17	872.00
449.44	862.00
449.70	857.00
449.96	873.00
450.23	858.00
450.49	878.00
450.76	861.00
451.02	870.00
451.29	861.00
451.55	871.00
451.82	875.00
452.08	863.00
452.35	868.00
452.61	876.00
452.88	866.00
453.14	868.00
453.40	860.00
453.67	883.00
453.93	869.00
454.20	871.00
454.46	873.00
454.73	867.00
454.99	861.00
455.26	873.00
455.52	881.00
455.79	872.00
456.05	862.00
456.31	869.00
456.58	874.00
456.84	877.00
457.11	868.00
457.37	883.00
457.64	879.00
457.90	869.00
458.17	878.00
458.43	893.00
458.69	879.00
458.96	864.00
459.22	855.00
459.49	869.00
459.75	870.00
460.02	874.00
460.28	880.00
460.55	869.00
460.81	877.00
461.07	869.00
461.34	864.00
461.60	872.00
461.87	868.00
462.13	893.00
462.40	866.00
462.66	877.00
462.92	886.00
463.19	899.00
463.45	868.00
463.72	872.00
463.98	861.00
464.25	874.00
464.51	885.00
464.77	866.00
465.04	865.00
465.30	878.00
465.57	871.00
465.83	881.00
466.09	858.00
466.36	875.00
466.62	858.00
466.89	877.00
467.15	856.00
467.42	872.00
467.68	882.00
467.94	862.00
468.21	854.00
468.47	866.00
468.74	861.00
469.00	844.00
469.26	865.00
469.53	872.00
469.79	864.00
470.06	850.00
470.32	864.00
470.58	883.00
470.85	880.00
471.11	863.00
471.38	875.00
471.64	875.00
471.90	878.00
472.17	866.00
472.43	872.00
472.70	872.00
472.96	874.00
473.22	860.00
473.49	862.00
473.75	862.00
474.02	870.00
474.28	886.00
474.54	883.00
474.81	866.00
475.07	858.00
475.34	856.00
475.60	871.00
475.86	875.00
476.13	856.00
476.39	871.00
476.65	852.00
476.92	862.00
477.18	879.00
477.45	886.00
477.71	875.00
477.97	865.00
478.24	872.00
478.50	872.00
478.76	883.00
479.03	878.00
479.29	858.00
479.56	869.00
479.82	879.00
480.08	865.00
480.35	877.00
480.61	881.00
480.87	874.00
481.14	865.00
481.40	861.00
481.67	893.00
481.93	887.00
482.19	860.00
482.46	862.00
482.72	869.00
482.98	885.00
483.25	871.00
483.51	860.00
483.77	897.00
484.04	864.00
484.30	865.00
484.56	882.00
484.83	872.00
485.09	874.00
485.36	869.00
485.62	867.00
485.88	866.00
486.15	892.00
486.41	883.00
486.67	882.00
486.94	876.00
487.20	881.00
487.46	877.00
487.73	886.00
487.99	873.00
488.25	881.00
488.52	880.00
488.78	881.00
489.04	870.00
489.31	868.00
489.57	862.00
489.83	867.00
490.10	876.00
490.36	879.00
490.62	870.00
490.89	877.00
491.15	868.00
491.41	855.00
491.68	866.00
491.94	868.00
492.20	880.00
492.47	867.00
492.73	863.00
492.99	867.00
493.26	871.00
493.52	874.00
493.78	874.00
494.05	863.00
494.31	856.00
494.57	873.00
494.84	865.00
495.10	854.00
495.36	894.00
495.63	880.00
495.89	878.00
496.15	869.00
496.42	873.00
496.68	880.00
496.94	868.00
497.21	886.00
497.47	873.00
497.73	860.00
497.99	865.00
498.26	864.00
498.52	875.00
498.78	877.00
499.05	871.00
499.31	863.00
499.57	885.00
499.84	890.00
500.10	887.00
500.36	872.00
500.63	876.00
500.89	878.00
501.15	868.00
501.41	865.00
501.68	883.00
501.94	878.00
502.20	870.00
502.47	871.00
502.73	868.00
502.99	865.00
503.26	869.00
503.52	858.00
503.78	863.00
504.04	870.00
504.31	863.00
504.57	866.00
504.83	882.00
505.10	880.00
505.36	875.00
505.62	884.00
505.88	875.00
506.15	881.00
506.41	869.00
506.67	875.00
506.94	863.00
507.20	862.00
507.46	856.00
507.72	871.00
507.99	866.00
508.25	868.00
508.51	885.00
508.78	861.00
509.04	866.00
509.30	871.00
509.56	869.00
509.83	870.00
510.09	890.00
510.35	876.00
510.61	865.00
510.88	851.00
511.14	866.00
511.40	875.00
511.66	859.00
511.93	871.00
512.19	871.00
512.45	868.00
512.72	861.00
512.98	868.00
513.24	889.00
513.50	890.00
513.77	870.00
514.03	864.00
514.29	872.00
514.55	869.00
514.82	863.00
515.08	864.00
515.34	859.00
515.60	865.00
515.87	846.00
516.13	872.00
516.39	869.00
516.65	870.00
516.92	868.00
517.18	869.00
517.44	869.00
517.70	888.00
517.97	893.00
518.23	885.00
518.49	890.00
518.75	863.00
519.02	870.00
519.28	869.00
519.54	894.00
519.80	863.00
520.07	881.00
520.33	865.00
520.59	874.00
520.85	882.00
521.11	886.00
521.38	881.00
521.64	874.00
521.90	865.00
522.16	872.00
522.43	861.00
522.69	868.00
522.95	862.00
523.21	874.00
523.48	875.00
523.74	868.00
524.00	873.00
524.26	855.00
524.52	859.00
524.79	840.00
525.05	886.00
525.31	870.00
525.57	871.00
525.84	876.00
526.10	870.00
526.36	871.00
526.62	865.00
526.88	855.00
527.15	861.00
527.41	865.00
527.67	877.00
527.93	881.00
528.20	880.00
528.46	862.00
528.72	869.00
528.98	856.00
529.24	869.00
529.51	875.00
529.77	867.00
530.03	868.00
530.29	871.00
530.55	866.00
530.82	867.00
531.08	877.00
531.34	870.00
531.60	873.00
531.86	883.00
532.13	871.00
532.39	854.00
532.65	875.00
532.91	886.00
533.17	872.00
533.44	853.00
533.70	865.00
533.96	878.00
534.22	867.00
534.48	867.00
534.75	866.00
535.01	873.00
535.27	877.00
535.53	878.00
535.79	860.00
536.05	876.00
536.32	881.00
536.58	880.00
536.84	866.00
537.10	869.00
537.36	877.00
537.63	872.00
537.89	869.00
538.15	857.00
538.41	873.00
538.67	877.00
538.93	877.00
539.20	857.00
539.46	874.00
539.72	873.00
539.98	892.00
540.24	874.00
540.50	860.00
540.77	869.00
541.03	865.00
541.29	879.00
541.55	901.00
541.81	905.00
542.07	885.00
542.34	881.00
542.60	865.00
542.86	891.00
543.12	879.00
543.38	873.00
543.64	877.00
543.91	883.00
544.17	871.00
544.43	872.00
544.69	877.00
544.95	875.00
545.21	881.00
545.48	884.00
545.74	905.00
546.00	891.00
546.26	888.00
546.52	870.00
546.78	873.00
547.04	880.00
547.31	886.00
547.57	883.00
547.83	866.00
548.09	864.00
548.35	882.00
548.61	871.00
548.88	874.00
549.14	861.00
549.40	887.00
549.66	861.00
549.92	880.00
550.18	868.00
550.44	861.00
550.70	868.00
550.97	870.00
551.23	876.00
551.49	852.00
551.75	878.00
552.01	879.00
552.27	875.00
552.53	868.00
552.80	868.00
553.06	870.00
553.32	875.00
553.58	874.00
553.84	878.00
554.10	876.00
554.36	843.00
554.62	869.00
554.89	872.00
555.15	868.00
555.41	884.00
555.67	857.00
555.93	861.00
556.19	849.00
556.45	863.00
556.71	863.00
556.98	892.00
557.24	864.00
557.50	867.00
557.76	877.00
558.02	884.00
558.28	854.00
558.54	862.00
558.80	878.00
559.06	875.00
559.33	851.00
559.59	862.00
559.85	881.00
560.11	875.00
560.37	884.00
560.63	876.00
560.89	878.00
561.15	867.00
561.41	871.00
561.67	870.00
561.94	878.00
562.20	866.00
562.46	877.00
562.72	886.00
562.98	877.00
563.24	871.00
563.50	870.00
563.76	875.00
564.02	880.00
564.28	870.00
564.55	866.00
564.81	869.00
565.07	872.00
565.33	870.00
565.59	848.00
565.85	849.00
566.11	872.00
566.37	872.00
566.63	883.00
566.89	870.00
567.15	885.00
567.41	854.00
567.68	874.00
567.94	875.00
568.20	872.00
568.46	863.00
568.72	879.00
568.98	853.00
569.24	853.00
569.50	863.00
569.76	893.00
570.02	868.00
570.28	875.00
570.54	871.00
570.80	868.00
571.06	867.00
571.33	851.00
571.59	878.00
571.85	872.00
572.11	856.00
572.37	854.00
572.63	857.00
572.89	866.00
573.15	869.00
573.41	877.00
573.67	870.00
573.93	894.00
574.19	846.00
574.45	871.00
574.71	874.00
574.97	871.00
575.23	886.00
575.50	871.00
575.76	866.00
576.02	865.00
576.28	866.00
576.54	858.00
576.80	864.00
577.06	860.00
577.32	876.00
577.58	872.00
577.84	877.00
578.10	866.00
578.36	856.00
578.62	881.00
578.88	879.00
579.14	854.00
579.40	855.00
579.66	865.00
579.92	881.00
580.18	883.00
580.44	866.00
580.70	861.00
580.96	862.00
581.23	846.00
581.49	880.00
581.75	868.00
582.01	864.00
582.27	868.00
582.53	863.00
582.79	874.00
583.05	875.00
583.31	871.00
583.57	869.00
583.83	884.00
584.09	861.00
584.35	873.00
584.61	874.00
584.87	866.00
585.13	893.00
585.39	875.00
585.65	872.00
585.91	860.00
586.17	869.00
586.43	854.00
586.69	873.00
586.95	862.00
587.21	884.00
587.47	876.00
587.73	876.00
587.99	874.00
588.25	885.00
588.51	883.00
588.77	874.00
589.03	877.00
589.29	855.00
589.55	862.00
589.81	865.00
590.07	863.00
590.33	860.00
590.59	872.00
590.85	871.00
591.11	862.00
591.37	853.00
591.63	863.00
591.89	875.00
592.15	882.00
592.41	878.00
592.67	877.00
592.93	880.00
593.19	870.00
593.45	862.00
593.71	850.00
593.97	862.00
594.23	873.00
594.49	872.00
594.75	852.00
595.01	872.00
595.27	873.00
595.53	864.00
595.79	880.00
596.05	877.00
596.31	860.00
596.57	858.00
596.83	878.00
597.09	858.00
597.35	865.00
597.61	862.00
597.87	878.00
598.13	886.00
598.39	863.00
598.65	904.00
598.91	877.00
599.17	876.00
599.43	866.00
599.69	856.00
599.95	858.00
600.21	862.00
600.47	856.00
600.73	861.00
600.99	877.00
601.25	879.00
601.51	880.00
601.77	872.00
602.03	881.00
602.29	868.00
602.54	869.00
602.80	874.00
603.06	878.00
603.32	865.00
603.58	865.00
603.84	871.00
604.10	857.00
604.36	872.00
604.62	880.00
604.88	863.00
605.14	871.00
605.40	860.00
605.66	858.00
605.92	872.00
606.18	885.00
606.44	864.00
606.70	871.00
606.96	852.00
607.22	855.00
607.48	861.00
607.74	874.00
608.00	861.00
608.25	861.00
608.51	861.00
608.77	856.00
609.03	865.00
609.29	891.00
609.55	877.00
609.81	884.00
610.07	879.00
610.33	880.00
610.59	854.00
610.85	887.00
611.11	886.00
611.37	888.00
611.63	893.00
611.89	887.00
612.15	890.00
612.40	883.00
612.66	878.00
612.92	893.00
613.18	863.00
613.44	868.00
613.70	874.00
613.96	875.00
614.22	873.00
614.48	881.00
614.74	852.00
615.00	873.00
615.26	870.00
615.52	854.00
615.78	865.00
616.03	877.00
616.29	871.00
616.55	875.00
616.81	873.00
617.07	849.00
617.33	870.00
617.59	854.00
617.85	862.00
618.11	875.00
618.37	863.00
618.63	880.00
618.88	883.00
619.14	887.00
619.40	862.00
619.66	863.00
619.92	861.00
620.18	881.00
620.44	864.00
620.70	884.00
620.96	869.00
621.22	870.00
621.48	872.00
621.73	878.00
621.99	869.00
622.25	869.00
622.51	848.00
622.77	869.00
623.03	866.00
623.29	869.00
623.55	885.00
623.81	874.00
624.06	876.00
624.32	869.00
624.58	874.00
624.84	864.00
625.10	883.00
625.36	886.00
625.62	871.00
625.88	871.00
626.14	862.00
626.39	865.00
626.65	876.00
626.91	868.00
627.17	881.00
627.43	888.00
627.69	881.00
627.95	882.00
628.21	867.00
628.47	872.00
628.72	874.00
628.98	882.00
629.24	896.00
629.50	866.00
629.76	864.00
630.02	860.00
630.28	870.00
630.54	888.00
630.79	887.00
631.05	889.00
631.31	877.00
631.57	868.00
631.83	860.00
632.09	858.00
632.35	871.00
632.60	881.00
632.86	873.00
633.12	873.00
633.38	876.00
633.64	895.00
633.90	871.00
634.16	876.00
634.41	865.00
634.67	865.00
634.93	879.00
635.19	868.00
635.45	906.00
635.71	893.00
635.97	886.00
636.22	901.00
636.48	909.00
636.74	894.00
637.00	907.00
637.26	931.00
637.52	943.00
637.78	1014.00
638.03	1210.00
638.29	1691.00
638.55	2937.00
638.81	5525.00
639.07	10145.00
639.33	15361.00
639.58	13072.00
639.84	4073.00
640.10	1470.00
640.36	1050.00
640.62	986.00
640.88	920.00
641.13	917.00
641.39	890.00
641.65	893.00
641.91	899.00
642.17	884.00
642.43	892.00
642.68	886.00
642.94	884.00
643.20	884.00
643.46	886.00
643.72	891.00
643.98	894.00
644.23	873.00
644.49	875.00
644.75	874.00
645.01	879.00
645.27	862.00
645.53	867.00
645.78	866.00
646.04	878.00
646.30	868.00
646.56	861.00
646.82	869.00
647.07	882.00
647.33	882.00
647.59	891.00
647.85	876.00
648.11	867.00
648.36	874.00
648.62	874.00
648.88	881.00
649.14	867.00
649.40	873.00
649.66	881.00
649.91	862.00
650.17	858.00
650.43	871.00
650.69	870.00
650.95	879.00
651.20	867.00
651.46	874.00
651.72	861.00
651.98	864.00
652.24	870.00
652.49	861.00
652.75	877.00
653.01	853.00
653.27	869.00
653.53	871.00
653.78	890.00
654.04	871.00
654.30	861.00
654.56	857.00
654.81	868.00
655.07	868.00
655.33	868.00
655.59	906.00
655.85	879.00
656.10	856.00
656.36	861.00
656.62	867.00
656.88	861.00
657.14	865.00
657.39	886.00
657.65	873.00
657.91	869.00
658.17	866.00
658.42	861.00
658.68	861.00
658.94	859.00
659.20	856.00
659.46	858.00
659.71	873.00
659.97	858.00
660.23	857.00
660.49	865.00
660.74	869.00
661.00	877.00
661.26	881.00
661.52	885.00
661.77	875.00
662.03	860.00
662.29	867.00
662.55	865.00
662.81	849.00
663.06	880.00
663.32	872.00
663.58	884.00
663.84	871.00
664.09	885.00
664.35	865.00
664.61	873.00
664.87	876.00
665.12	861.00
665.38	857.00
665.64	878.00
665.90	853.00
666.15	877.00
666.41	850.00
666.67	857.00
666.93	865.00
667.18	873.00
667.44	884.00
667.70	866.00
667.96	878.00
668.21	875.00
668.47	880.00
668.73	865.00
668.99	879.00
669.24	866.00
669.50	869.00
669.76	872.00
670.01	866.00
670.27	880.00
670.53	868.00
670.79	861.00
671.04	870.00
671.30	886.00
671.56	875.00
671.82	886.00
672.07	880.00
672.33	868.00
672.59	868.00
672.85	878.00
673.10	856.00
673.36	871.00
673.62	879.00
673.87	878.00
674.13	862.00
674.39	874.00
674.65	879.00
674.90	881.00
675.16	843.00
675.42	880.00
675.67	862.00
675.93	869.00
676.19	859.00
676.45	872.00
676.70	876.00
676.96	874.00
677.22	887.00
677.48	879.00
677.73	889.00
677.99	873.00
678.25	879.00
678.50	891.00
678.76	865.00
679.02	869.00
679.27	864.00
679.53	880.00
679.79	842.00
680.05	869.00
680.30	894.00
680.56	868.00
680.82	868.00
681.07	861.00
681.33	876.00
681.59	864.00
681.84	852.00
682.10	869.00
682.36	892.00
682.62	867.00
682.87	871.00
683.13	854.00
683.39	865.00
683.64	876.00
683.90	884.00
684.16	885.00
684.41	866.00
684.67	875.00
684.93	872.00
685.18	872.00
685.44	870.00
685.70	870.00
685.96	874.00
686.21	873.00
686.47	854.00
686.73	867.00
686.98	877.00
687.24	869.00
687.50	860.00
687.75	887.00
688.01	872.00
688.27	884.00
688.52	859.00
688.78	878.00
689.04	879.00
689.29	861.00
689.55	865.00
689.81	870.00
690.06	868.00
690.32	886.00
690.58	883.00
690.83	880.00
691.09	875.00
691.35	880.00
691.60	877.00
691.86	892.00
692.12	866.00
692.37	880.00
692.63	875.00
692.89	864.00
693.14	859.00
693.40	877.00
693.66	848.00
693.91	864.00
694.17	880.00
694.43	880.00
694.68	861.00
694.94	863.00
695.20	870.00
695.45	899.00
695.71	883.00
695.97	859.00
696.22	861.00
696.48	860.00
696.73	855.00
696.99	858.00
697.25	873.00
697.50	873.00
697.76	875.00
698.02	881.00
698.27	864.00
698.53	881.00
698.79	871.00
699.04	880.00
699.30	881.00
699.56	873.00
699.81	856.00
700.07	885.00
700.32	882.00
700.58	867.00
700.84	866.00
701.09	873.00
701.35	860.00
701.61	870.00
701.86	887.00
702.12	865.00
702.37	847.00
702.63	860.00
702.89	875.00
703.14	863.00
703.40	874.00
703.66	873.00
703.91	855.00
704.17	861.00
704.42	845.00
704.68	852.00
704.94	854.00
705.19	870.00
705.45	864.00
705.71	884.00
705.96	877.00
706.22	884.00
706.47	864.00
706.73	866.00
706.99	880.00
707.24	872.00
707.50	879.00
707.75	860.00
708.01	860.00
708.27	874.00
708.52	867.00
708.78	866.00
709.04	850.00
709.29	849.00
709.55	861.00
709.80	850.00
710.06	869.00
710.32	864.00
710.57	860.00
710.83	864.00
711.08	860.00
711.34	851.00
711.60	885.00
711.85	853.00
712.11	861.00
712.36	862.00
712.62	861.00
712.88	886.00
713.13	869.00
713.39	859.00
713.64	865.00
713.90	872.00
714.15	871.00
714.41	865.00
714.67	870.00
714.92	881.00
715.18	859.00
715.43	859.00
715.69	850.00
715.95	872.00
716.20	881.00
716.46	861.00
716.71	868.00
716.97	877.00
717.22	866.00
717.48	856.00
717.74	859.00
717.99	859.00
718.25	860.00
718.50	866.00
718.76	882.00
719.01	876.00
719.27	865.00
719.53	869.00
719.78	867.00
720.04	865.00
720.29	870.00
720.55	858.00
720.80	866.00
721.06	883.00
721.32	858.00
721.57	863.00
721.83	857.00
722.08	860.00
722.34	866.00
722.59	867.00
722.85	868.00
723.11	862.00
723.36	868.00
723.62	870.00
723.87	859.00
724.13	883.00
724.38	872.00
724.64	871.00
724.89	857.00
725.15	882.00
725.40	870.00
725.66	862.00
725.92	867.00
726.17	862.00
726.43	870.00
726.68	856.00
726.94	858.00
727.19	878.00
727.45	860.00
727.70	870.00
727.96	873.00
728.21	863.00
728.47	888.00
728.73	886.00
728.98	876.00
729.24	876.00
729.49	868.00
729.75	857.00
730.00	859.00
730.26	872.00
730.51	864.00
730.77	866.00
731.02	879.00
731.28	874.00
731.53	861.00
731.79	868.00
732.04	886.00
732.30	876.00
732.56	875.00
732.81	882.00
733.07	862.00
733.32	869.00
733.58	880.00
733.83	866.00
734.09	866.00
734.34	868.00
734.60	872.00
734.85	857.00
735.11	864.00
735.36	860.00
735.62	876.00
735.87	878.00
736.13	873.00
736.38	868.00
736.64	857.00
736.89	879.00
737.15	858.00
737.40	870.00
737.66	865.00
737.91	853.00
738.17	860.00
738.42	861.00
738.68	863.00
738.93	874.00
739.19	862.00
739.44	872.00
739.70	870.00
739.95	868.00
740.21	868.00
740.46	867.00
740.72	868.00
740.97	858.00
741.23	881.00
741.48	861.00
741.74	867.00
741.99	875.00
742.25	870.00
742.50	861.00
742.76	872.00
743.01	874.00
743.27	868.00
743.52	865.00
743.78	885.00
744.03	856.00
744.29	850.00
744.54	883.00
744.80	857.00
745.05	854.00
745.31	874.00
745.56	872.00
745.82	855.00
746.07	875.00
746.33	851.00
746.58	867.00
746.84	874.00
747.09	873.00
747.35	862.00
747.60	859.00
747.86	875.00
748.11	875.00
748.36	865.00
748.62	872.00
748.87	866.00
749.13	873.00
749.38	868.00
749.64	849.00
749.89	860.00
750.15	867.00
750.40	872.00
750.66	876.00
750.91	869.00
751.17	859.00
751.42	866.00
751.68	879.00
751.93	876.00
752.18	871.00
752.44	874.00
752.69	880.00
752.95	871.00
753.20	876.00
753.46	862.00
753.71	856.00
753.97	871.00
754.22	845.00
754.48	862.00
754.73	862.00
754.98	859.00
755.24	854.00
755.49	876.00
755.75	863.00
756.00	866.00
756.26	876.00
756.51	874.00
756.77	877.00
757.02	860.00
757.27	860.00
757.53	861.00
757.78	879.00
758.04	870.00
758.29	861.00
758.55	852.00
758.80	854.00
759.05	865.00
759.31	860.00
759.56	860.00
759.82	875.00
760.07	866.00
760.33	868.00
760.58	864.00
760.84	864.00
761.09	871.00
761.34	873.00
761.60	859.00
761.85	871.00
762.11	871.00
762.36	872.00
762.62	869.00
762.87	868.00
763.12	861.00
763.38	868.00
763.63	874.00
763.89	857.00
764.14	848.00
764.39	867.00
764.65	874.00
764.90	879.00
765.16	872.00
765.41	858.00
765.67	875.00
765.92	885.00
766.17	886.00
766.43	874.00
766.68	858.00
766.94	870.00
767.19	860.00
767.44	868.00
767.70	865.00
767.95	871.00
768.21	875.00
768.46	891.00
768.71	876.00
768.97	862.00
769.22	890.00
769.48	863.00
769.73	855.00
769.98	868.00
770.24	866.00
770.49	853.00
770.75	848.00
771.00	851.00
771.25	871.00
771.51	878.00
771.76	884.00
772.02	866.00
772.27	871.00
772.52	881.00
772.78	865.00
773.03	859.00
773.29	872.00
773.54	874.00
773.79	857.00
774.05	863.00
774.30	877.00
774.55	874.00
774.81	866.00
775.06	881.00
775.32	866.00
775.57	875.00
775.82	854.00
776.08	852.00
776.33	852.00
776.58	870.00
776.84	890.00
777.09	877.00
777.35	861.00
777.60	863.00
777.85	884.00
778.11	865.00
778.36	882.00
778.61	874.00
778.87	882.00
779.12	854.00
779.38	895.00
779.63	871.00
779.88	870.00
780.14	869.00
780.39	873.00
780.64	856.00
780.90	885.00
781.15	864.00
781.40	857.00
781.66	861.00
781.91	862.00
782.17	871.00
782.42	856.00
782.67	860.00
782.93	851.00
783.18	867.00
783.43	889.00
783.69	870.00
783.94	856.00
784.19	856.00
784.45	855.00
784.70	881.00
784.95	873.00
785.21	860.00
785.46	865.00
785.71	858.00
785.97	858.00
786.22	881.00
786.47	864.00
786.73	877.00
786.98	870.00
787.23	874.00
787.49	868.00
787.74	856.00
787.99	859.00
788.25	862.00
788.50	869.00
788.75	855.00
789.01	862.00
789.26	873.00
789.51	869.00
789.77	864.00
790.02	861.00
790.27	874.00
790.53	864.00
790.78	860.00
791.03	865.00
791.29	874.00
791.54	873.00
791.79	871.00
792.05	864.00
792.30	875.00
792.55	869.00
792.81	873.00
793.06	868.00
793.31	864.00
793.57	877.00
793.82	887.00
794.07	864.00
794.33	866.00
794.58	843.00
794.83	858.00
795.09	858.00
795.34	852.00
795.59	869.00
795.84	862.00
796.10	887.00
796.35	864.00
796.60	859.00
796.86	866.00
797.11	852.00
797.36	868.00
797.62	870.00
797.87	883.00
798.12	874.00
798.38	870.00
798.63	863.00
798.88	866.00
799.13	857.00
799.39	878.00
799.64	873.00
799.89	874.00
800.15	866.00
800.40	878.00
800.65	862.00
800.90	857.00
801.16	852.00
801.41	869.00
801.66	863.00
801.92	874.00
802.17	859.00
802.42	865.00
802.68	869.00
802.93	867.00
803.18	870.00
803.43	877.00
803.69	875.00
803.94	866.00
804.19	853.00
804.44	880.00
804.70	873.00
804.95	853.00
805.20	859.00
805.46	862.00
805.71	872.00
805.96	858.00
806.21	879.00
806.47	866.00
806.72	865.00
806.97	881.00
807.23	872.00
807.48	866.00
807.73	861.00
807.98	855.00
808.24	867.00
808.49	858.00
808.74	871.00
808.99	870.00
809.25	870.00
809.50	860.00
809.75	844.00
810.00	861.00
810.26	850.00
810.51	878.00
810.76	866.00
811.01	861.00
811.27	864.00
811.52	871.00
811.77	869.00
812.02	873.00
812.28	876.00
812.53	873.00
812.78	874.00
813.03	877.00
813.29	870.00
813.54	869.00
813.79	866.00
814.04	866.00
814.30	888.00
814.55	864.00
814.80	856.00
815.05	856.00
815.31	876.00
815.56	872.00
815.81	853.00
816.06	865.00
816.32	873.00
816.57	881.00
816.82	865.00
817.07	859.00
817.33	853.00
817.58	868.00
817.83	852.00
818.08	884.00
818.34	876.00
818.59	864.00
818.84	869.00
819.09	875.00
819.34	879.00
819.60	861.00
819.85	880.00
820.10	853.00
820.35	860.00
820.61	858.00
820.86	859.00
821.11	869.00
821.36	858.00
821.62	868.00
821.87	863.00
822.12	867.00
822.37	864.00
822.62	881.00
822.88	884.00
823.13	868.00
823.38	853.00
823.63	863.00
823.88	859.00
824.14	879.00
824.39	865.00
824.64	853.00
824.89	864.00
825.15	888.00
825.40	866.00
825.65	873.00
825.90	865.00
826.15	877.00
826.41	879.00
826.66	885.00
826.91	880.00
827.16	877.00
827.41	875.00
827.67	863.00
827.92	848.00
828.17	865.00
828.42	855.00
828.67	876.00
828.93	860.00
829.18	871.00
829.43	875.00
829.68	858.00
829.93	884.00
830.19	884.00
830.44	869.00
830.69	864.00
830.94	853.00
831.19	866.00
831.44	868.00
831.70	871.00
831.95	860.00
832.20	866.00
832.45	864.00
832.70	875.00
832.96	856.00
833.21	866.00
833.46	849.00
833.71	884.00
833.96	872.00
834.21	863.00
834.47	869.00
834.72	849.00
834.97	856.00
835.22	876.00
835.47	852.00
835.73	865.00
835.98	862.00
836.23	888.00
836.48	865.00
836.73	882.00
836.98	871.00
837.24	869.00
837.49	870.00
837.74	866.00
837.99	870.00
838.24	868.00
838.49	884.00
838.75	876.00
839.00	872.00
839.25	876.00
839.50	863.00
839.75	877.00
840.00	862.00
840.25	860.00
840.51	861.00
840.76	869.00
841.01	870.00
841.26	881.00
841.51	877.00
841.76	866.00
842.02	870.00
842.27	877.00
842.52	885.00
842.77	877.00
843.02	846.00
843.27	882.00
843.52	892.00
843.78	870.00
844.03	869.00
844.28	884.00
844.53	868.00
844.78	853.00
845.03	870.00
845.28	872.00
845.54	886.00
845.79	868.00
846.04	867.00
846.29	875.00
846.54	867.00
846.79	878.00
847.04	874.00
847.30	872.00
847.55	845.00
847.80	861.00
848.05	870.00
848.30	868.00
848.55	872.00
848.80	875.00
849.05	862.00
849.31	865.00
849.56	861.00
849.81	842.00
850.06	869.00
850.31	846.00
850.56	861.00
850.81	872.00
851.06	879.00
851.32	863.00
851.57	866.00
851.82	869.00
852.07	868.00
852.32	861.00
852.57	857.00
852.82	875.00
853.07	881.00
853.32	864.00
853.58	876.00
853.83	870.00
854.08	873.00
854.33	858.00
854.58	874.00
854.83	867.00
855.08	869.00
855.33	853.00
855.58	865.00
855.83	885.00
856.09	874.00
856.34	870.00
856.59	869.00
856.84	852.00
857.09	874.00
857.34	874.00
857.59	876.00
857.84	864.00
858.09	870.00
858.34	877.00
858.60	869.00
858.85	865.00
859.10	867.00
859.35	873.00
859.60	882.00
859.85	865.00
860.10	853.00
860.35	864.00
860.60	869.00
860.85	888.00
861.10	863.00
861.36	866.00
861.61	860.00
861.86	869.00
862.11	845.00
862.36	869.00
862.61	865.00
862.86	874.00
863.11	881.00
863.36	857.00
863.61	869.00
863.86	867.00
864.11	868.00
864.36	858.00
864.62	868.00
864.87	872.00
865.12	854.00
865.37	873.00
865.62	854.00
865.87	869.00
866.12	862.00
866.37	873.00
866.62	860.00
866.87	864.00
867.12	875.00
867.37	878.00
867.62	860.00
867.87	881.00
868.12	857.00
868.38	860.00
868.63	875.00
868.88	866.00
869.13	842.00
869.38	873.00
869.63	873.00
869.88	898.00
870.13	866.00
870.38	875.00
870.63	858.00
870.88	865.00
871.13	876.00
871.38	883.00
871.63	862.00
871.88	870.00
872.13	877.00
872.38	861.00
872.63	854.00
872.88	853.00
873.14	856.00
873.39	862.00
873.64	856.00
873.89	879.00
874.14	869.00
874.39	858.00
874.64	876.00
874.89	867.00
875.14	867.00
875.39	852.00
875.64	884.00
875.89	888.00
876.14	840.00
876.39	856.00
876.64	852.00
876.89	868.00
877.14	863.00
877.39	853.00
877.64	873.00
877.89	889.00
878.14	880.00
878.39	865.00
878.64	845.00
878.89	865.00
879.14	874.00
879.39	862.00
879.64	869.00
879.89	876.00
880.14	877.00
880.39	875.00
880.64	859.00
880.89	868.00
881.14	857.00
881.39	871.00
881.64	859.00
881.89	873.00
882.14	864.00
882.40	874.00
882.65	877.00
882.90	868.00
883.15	869.00
883.40	860.00
883.65	880.00
883.90	879.00
884.15	876.00
884.40	869.00
884.65	875.00
884.90	868.00
885.15	851.00
885.40	872.00
885.65	866.00
885.90	854.00
886.15	871.00
886.40	872.00
886.65	880.00
886.90	861.00
887.15	861.00
887.40	876.00
887.65	876.00
887.90	851.00
888.15	855.00
888.40	857.00
888.64	860.00
888.89	877.00
889.14	866.00
889.39	858.00
889.64	874.00
889.89	872.00
890.14	861.00
890.39	865.00
890.64	866.00
890.89	869.00
891.14	861.00
891.39	877.00
891.64	857.00
891.89	873.00
892.14	878.00
892.39	853.00
892.64	858.00
892.89	858.00
893.14	868.00
893.39	866.00
893.64	883.00
893.89	855.00
894.14	852.00
894.39	862.00
894.64	875.00
894.89	875.00
895.14	872.00
895.39	871.00
895.64	872.00
895.89	867.00
896.14	870.00
896.39	868.00
896.64	871.00
896.89	861.00
897.14	855.00
897.39	864.00
897.64	860.00
897.88	875.00
898.13	877.00
898.38	857.00
898.63	865.00
898.88	856.00
899.13	853.00
899.38	860.00
899.63	866.00
899.88	867.00
900.13	873.00
900.38	874.00
900.63	858.00
900.88	867.00
901.13	883.00
901.38	865.00
901.63	871.00
901.88	866.00
902.13	877.00
902.38	886.00
902.63	877.00
902.87	862.00
903.12	871.00
903.37	858.00
903.62	864.00
903.87	858.00
904.12	857.00
904.37	868.00
904.62	869.00
904.87	852.00
905.12	880.00
905.37	878.00
905.62	855.00
905.87	869.00
906.12	868.00
906.37	869.00
906.61	869.00
906.86	878.00
907.11	859.00
907.36	854.00
907.61	863.00
907.86	867.00
908.11	860.00
908.36	886.00
908.61	880.00
908.86	874.00
909.11	871.00
909.36	873.00
909.61	861.00
909.85	877.00
910.10	869.00
910.35	868.00
910.60	865.00
910.85	865.00
911.10	861.00
911.35	873.00
911.60	857.00
911.85	849.00
912.10	856.00
912.35	892.00
912.59	873.00
912.84	873.00
913.09	871.00
913.34	874.00
913.59	857.00
913.84	892.00
914.09	869.00
914.34	871.00
914.59	875.00
914.84	859.00
915.08	872.00
915.33	875.00
915.58	865.00
915.83	871.00
916.08	868.00
916.33	851.00
916.58	860.00
916.83	884.00
917.08	878.00
917.32	863.00
917.57	871.00
917.82	880.00
918.07	868.00
918.32	878.00
918.57	864.00
918.82	875.00
919.07	871.00
919.32	867.00
919.56	866.00
919.81	865.00
920.06	869.00
920.31	880.00
920.56	865.00
920.81	871.00
921.06	861.00
921.31	874.00
921.55	886.00
921.80	880.00
922.05	872.00
922.30	868.00
922.55	868.00
922.80	866.00
923.05	857.00
923.30	864.00
923.54	866.00
923.79	874.00
924.04	865.00
924.29	868.00
924.54	859.00
924.79	862.00
925.04	865.00
925.28	857.00
925.53	855.00
925.78	866.00
926.03	862.00
926.28	872.00
926.53	864.00
926.78	861.00
927.03	873.00
927.27	862.00
927.52	863.00
927.77	864.00
928.02	855.00
928.27	866.00
928.52	862.00
928.76	869.00
929.01	869.00
929.26	867.00
929.51	866.00
929.76	869.00
930.01	859.00
930.26	856.00
930.50	870.00
930.75	866.00
931.00	861.00
931.25	869.00
931.50	879.00
931.75	869.00
931.99	860.00
932.24	865.00
932.49	877.00
932.74	861.00
932.99	872.00
933.24	859.00
933.48	866.00
933.73	864.00
933.98	871.00
934.23	870.00
934.48	851.00
934.73	867.00
934.97	856.00
935.22	858.00
935.47	862.00
935.72	870.00
935.97	864.00
936.22	876.00
936.46	865.00
936.71	885.00
936.96	873.00
937.21	873.00
937.46	852.00
937.70	871.00
937.95	859.00
938.20	868.00
938.45	877.00
938.70	877.00
938.95	870.00
939.19	882.00
939.44	888.00
939.69	870.00
939.94	875.00
940.19	865.00
940.43	859.00
940.68	865.00
940.93	861.00
941.18	855.00
941.43	865.00
941.67	871.00
941.92	865.00
942.17	868.00
942.42	880.00
942.67	859.00
942.91	854.00
943.16	857.00
943.41	859.00
943.66	872.00
943.91	860.00
944.15	861.00
944.40	866.00
944.65	866.00
944.90	847.00
945.15	871.00
945.39	875.00
945.64	865.00
945.89	878.00
946.14	869.00
946.39	866.00
946.63	879.00
946.88	865.00
947.13	857.00
947.38	862.00
947.62	887.00
947.87	885.00
948.12	873.00
948.37	881.00
948.62	849.00
948.86	851.00
949.11	862.00
949.36	874.00
949.61	868.00
949.86	859.00
950.10	843.00
950.35	878.00
950.60	861.00
950.85	877.00
951.09	842.00
951.34	865.00
951.59	883.00
951.84	877.00
952.08	860.00
952.33	867.00
952.58	863.00
952.83	867.00
953.08	860.00
953.32	863.00
953.57	874.00
953.82	867.00
954.07	865.00
954.31	874.00
954.56	856.00
954.81	875.00
955.06	877.00
955.30	866.00
955.55	867.00
955.80	857.00
956.05	863.00
956.29	864.00
956.54	859.00
956.79	868.00
957.04	865.00
957.28	857.00
957.53	881.00
957.78	890.00
958.03	893.00
958.27	876.00
958.52	866.00
958.77	868.00
959.02	857.00
959.26	880.00
959.51	850.00
959.76	855.00
960.01	866.00
960.25	877.00
960.50	856.00
960.75	856.00
961.00	871.00
961.24	861.00
961.49	883.00
961.74	871.00
961.98	861.00
962.23	865.00
962.48	853.00
962.73	860.00
962.97	887.00
963.22	873.00
963.47	864.00
963.72	863.00
963.96	860.00
964.21	842.00
964.46	846.00
964.70	868.00
964.95	868.00
965.20	876.00
965.45	860.00
965.69	863.00
965.94	851.00
966.19	860.00
966.44	858.00
966.68	860.00
966.93	873.00
967.18	880.00
967.42	874.00
967.67	877.00
967.92	860.00
968.17	867.00
968.41	862.00
968.66	858.00
968.91	879.00
969.15	869.00
969.40	881.00
969.65	855.00
969.89	848.00
970.14	855.00
970.39	849.00
970.64	862.00
970.88	858.00
971.13	852.00
971.38	872.00
971.62	870.00
971.87	858.00
972.12	847.00
972.36	868.00
972.61	854.00
972.86	886.00
973.11	857.00
973.35	868.00
973.60	861.00
973.85	866.00
974.09	868.00
974.34	864.00
974.59	854.00
974.83	860.00
975.08	854.00
975.33	866.00
975.57	865.00
975.82	872.00
976.07	872.00
976.32	848.00
976.56	861.00
976.81	856.00
977.06	863.00
977.30	882.00
977.55	872.00
977.80	853.00
978.04	869.00
978.29	864.00
978.54	850.00
978.78	866.00
979.03	865.00
979.28	880.00
979.52	854.00
979.77	850.00
980.02	873.00
980.26	848.00
980.51	868.00
980.76	864.00
981.00	873.00
981.25	866.00
981.50	859.00
981.74	863.00
981.99	848.00
982.24	861.00
982.48	879.00
982.73	866.00
982.98	860.00
983.22	862.00
983.47	835.00
983.72	850.00
983.96	867.00
984.21	867.00
984.46	866.00
984.70	856.00
984.95	873.00
985.20	853.00
985.44	862.00
985.69	874.00
985.93	846.00
986.18	856.00
986.43	860.00
986.67	877.00
986.92	870.00
987.17	845.00
987.41	858.00
987.66	861.00
987.91	871.00
988.15	891.00
988.40	865.00
988.65	857.00
988.89	875.00
989.14	863.00
989.38	862.00
989.63	876.00
989.88	860.00
990.12	861.00
990.37	866.00
990.62	866.00
990.86	862.00
991.11	867.00
991.36	857.00
991.60	861.00
991.85	857.00
992.09	867.00
992.34	864.00
992.59	838.00
992.83	860.00
993.08	877.00
993.33	873.00
993.57	864.00
993.82	861.00
994.06	858.00
994.31	861.00
994.56	864.00
994.80	859.00
995.05	862.00
995.29	854.00
995.54	862.00
995.79	868.00
996.03	866.00
996.28	869.00
996.53	869.00
996.77	869.00
997.02	859.00
997.26	861.00
997.51	886.00
997.76	879.00
998.00	862.00
998.25	866.00
998.49	868.00
998.74	856.00
998.99	846.00
999.23	858.00
999.48	850.00
999.72	849.00
999.97	865.00
1000.22	863.00
1000.46	859.00
1000.71	842.00
1000.95	872.00
1001.20	871.00
1001.45	886.00
1001.69	876.00
1001.94	847.00
1002.18	847.00
1002.43	853.00
1002.68	877.00
1002.92	877.00
1003.17	865.00
1003.41	867.00
1003.66	859.00
1003.90	860.00
1004.15	865.00
1004.40	858.00
1004.64	869.00
1004.89	869.00
1005.13	868.00
1005.38	836.00
1005.63	872.00
1005.87	873.00
1006.12	863.00
1006.36	862.00
1006.61	868.00
1006.85	865.00
1007.10	854.00
1007.35	850.00
1007.59	868.00
1007.84	879.00
1008.08	858.00
1008.33	860.00
1008.57	852.00
1008.82	857.00
1009.07	854.00
1009.31	854.00
1009.56	877.00
1009.80	873.00
1010.05	867.00
1010.29	859.00
1010.54	855.00
1010.79	874.00
1011.03	888.00
1011.28	875.00
1011.52	849.00
1011.77	856.00
1012.01	860.00
1012.26	856.00
1012.50	862.00
1012.75	857.00
1013.00	881.00
1013.24	873.00
1013.49	869.00
1013.73	868.00
1013.98	860.00
1014.22	857.00
1014.47	859.00
1014.71	870.00
1014.96	867.00
1015.21	855.00
1015.45	841.00
1015.70	843.00
1015.94	870.00
1016.19	873.00
1016.43	854.00
1016.68	861.00
1016.92	866.00
1017.17	878.00
1017.41	860.00
1017.66	859.00
1017.90	867.00
1018.15	878.00
1018.40	859.00
1018.64	862.00
1018.89	840.00
1019.13	842.00
1019.38	861.00
1019.62	880.00
1019.87	888.00
1020.11	858.00
1020.36	868.00
1020.60	865.00
1020.85	858.00
1021.09	856.00
1021.34	880.00
1021.58	847.00
1021.83	859.00
1022.07	860.00
1022.32	873.00
1022.56	870.00
1022.81	857.00
1023.06	862.00
1023.30	859.00
1023.55	852.00
1023.79	861.00
1024.04	865.00
1024.28	865.00
1024.53	870.00
1024.77	861.00
1025.02	857.00
1025.26	865.00
1025.51	860.00
1025.75	866.00
1026.00	895.00
1026.24	848.00
1026.49	850.00
1026.73	871.00
1026.98	874.00
1027.22	859.00
1027.47	875.00
1027.71	871.00
1027.96	862.00
1028.20	854.00
1028.45	859.00
1028.69	861.00
1028.94	864.00
1029.18	869.00
1029.43	878.00
1029.67	860.00
1029.92	873.00
1030.16	860.00
1030.41	846.00
1030.65	851.00
1030.90	865.00
1031.14	868.00
1031.39	856.00
1031.63	854.00
1031.88	870.00
1032.12	851.00
1032.37	875.00
1032.61	864.00
1032.86	860.00
1033.10	839.00
1033.34	857.00
1033.59	858.00
1033.83	858.00
1034.08	839.00
1034.32	854.00
1034.57	854.00
1034.81	869.00
1035.06	866.00
1035.30	861.00
1035.55	856.00
1035.79	861.00
1036.04	872.00
1036.28	869.00
1036.53	858.00
1036.77	858.00
1037.02	865.00
1037.26	861.00
1037.51	863.00
1037.75	873.00
1037.99	869.00
1038.24	873.00
1038.48	868.00
1038.73	887.00
1038.97	860.00
1039.22	858.00
1039.46	871.00
1039.71	872.00
1039.95	881.00
1040.20	869.00
1040.44	874.00
1040.69	878.00
1040.93	861.00
1041.17	863.00
1041.42	870.00
1041.66	865.00
1041.91	869.00
1042.15	868.00
1042.40	845.00
1042.64	859.00
1042.89	856.00
1043.13	857.00
1043.37	861.00
1043.62	861.00
1043.86	865.00
1044.11	866.00
1044.35	848.00
1044.60	874.00
1044.84	854.00
1045.09	859.00
1045.33	865.00
1045.57	873.00
1045.82	889.00
1046.06	856.00
1046.31	852.00
1046.55	851.00
1046.80	860.00
1047.04	872.00
1047.28	865.00
1047.53	862.00
1047.77	854.00
1048.02	869.00
1048.26	861.00
1048.51	864.00
1048.75	873.00
1048.99	871.00
1049.24	863.00
1049.48	850.00
1049.73	871.00
1049.97	866.00
1050.22	873.00
1050.46	868.00
1050.70	872.00
1050.95	870.00
1051.19	881.00
1051.44	854.00
1051.68	864.00
1051.93	857.00
1052.17	860.00
1052.41	844.00
1052.66	869.00
1052.90	851.00
1053.15	871.00
1053.39	871.00
1053.63	869.00
1053.88	863.00
1054.12	869.00
1054.37	871.00
1054.61	870.00
1054.85	872.00
1055.10	885.00
1055.34	863.00
1055.59	870.00
1055.83	878.00
1056.07	858.00
1056.32	862.00
1056.56	863.00
1056.81	857.00
1057.05	863.00
1057.29	857.00
1057.54	870.00
1057.78	853.00
1058.03	849.00
1058.27	863.00
1058.51	858.00
1058.76	870.00
1059.00	871.00
1059.25	849.00
1059.49	864.00
1059.73	863.00
1059.98	866.00
1060.22	857.00
1060.47	882.00
1060.71	877.00
1060.95	875.00
1061.20	874.00
1061.44	864.00
1061.68	870.00
1061.93	852.00
1062.17	862.00
1062.42	854.00
1062.66	865.00
1062.90	880.00
1063.15	870.00
1063.39	870.00
1063.63	867.00
1063.88	876.00
1064.12	871.00
1064.37	868.00
1064.61	852.00
1064.85	870.00
1065.10	887.00
1065.34	848.00
1065.58	850.00
1065.83	868.00
1066.07	861.00
1066.32	882.00
1066.56	856.00
1066.80	870.00
1067.05	861.00
1067.29	863.00
1067.53	865.00
1067.78	868.00
1068.02	858.00
1068.26	856.00
1068.51	859.00
1068.75	858.00
1068.99	859.00
1069.24	865.00
1069.48	848.00
1069.73	866.00
1069.97	862.00
1070.21	855.00
1070.46	854.00
1070.70	869.00
1070.94	882.00
1071.19	868.00
1071.43	876.00
1071.67	859.00
1071.92	848.00
1072.16	855.00
1072.40	869.00
1072.65	857.00
1072.89	875.00
1073.13	869.00
1073.38	870.00
1073.62	863.00
1073.86	872.00
1074.11	870.00
1074.35	875.00
1074.59	873.00
1074.84	868.00
1075.08	868.00
1075.32	864.00
1075.57	862.00
1075.81	871.00
1076.05	855.00
1076.30	860.00
1076.54	871.00
1076.78	844.00
1077.03	856.00
1077.27	853.00
1077.51	872.00
1077.76	859.00
1078.00	864.00
1078.24	860.00
1078.49	875.00
1078.73	850.00
1078.97	862.00
1079.22	862.00
1079.46	866.00
1079.70	869.00
1079.95	851.00
1080.19	852.00
1080.43	868.00
1080.67	873.00
1080.92	888.00
1081.16	876.00
1081.40	861.00
1081.65	877.00
1081.89	869.00
1082.13	868.00
1082.38	878.00
1082.62	854.00
1082.86	864.00
1083.11	886.00
1083.35	858.00
1083.59	835.00
1083.83	862.00
1084.08	852.00
1084.32	859.00
1084.56	860.00
1084.81	853.00
1085.05	845.00
1085.29	867.00
1085.54	861.00
1085.78	856.00
1086.02	862.00
1086.26	890.00
1086.51	873.00
1086.75	857.00
1086.99	856.00
1087.24	852.00
1087.48	855.00
1087.72	868.00
1087.96	868.00
1088.21	871.00
1088.45	862.00
1088.69	874.00
1088.94	860.00
1089.18	862.00
1089.42	865.00
1089.66	865.00
1089.91	857.00
1090.15	878.00
1090.39	866.00
1090.64	861.00
1090.88	870.00
1091.12	864.00
1091.36	861.00
1091.61	885.00
1091.85	856.00
1092.09	863.00
1092.33	860.00
1092.58	870.00
1092.82	880.00
1093.06	870.00
1093.31	863.00
1093.55	893.00
1093.79	875.00
1094.03	852.00
1094.28	864.00
1094.52	860.00
1094.76	883.00
1095.00	859.00
1095.25	862.00
1095.49	860.00
1095.73	870.00
1095.97	880.00
1096.22	855.00
1096.46	874.00
1096.70	874.00
1096.94	858.00
1097.19	885.00
1097.43	874.00
1097.67	870.00
1097.91	859.00
1098.16	870.00
1098.40	864.00
1098.64	868.00
1098.88	848.00
1099.13	877.00
1099.37	861.00
1099.61	858.00
1099.85	881.00
1100.10	865.00
1100.34	852.00
1100.58	867.00
1100.82	868.00
1101.07	864.00
1101.31	857.00
1101.55	864.00
1101.79	858.00
1102.04	853.00
1102.28	848.00
1102.52	856.00
1102.76	862.00
1103.01	850.00
1103.25	854.00
1103.49	872.00
1103.73	876.00
1103.97	870.00
1104.22	872.00
1104.46	864.00
1104.70	868.00
1104.94	849.00
1105.19	874.00
1105.43	858.00
1105.67	872.00
1105.91	873.00
1106.16	876.00
1106.40	868.00
1106.64	866.00
1106.88	853.00
1107.12	880.00
1107.37	880.00
1107.61	871.00
1107.85	877.00
1108.09	872.00
1108.33	877.00
1108.58	878.00
1108.82	869.00
1109.06	878.00
1109.30	874.00
1109.55	870.00
1109.79	874.00
1110.03	870.00
1110.27	864.00
1110.51	859.00
1110.76	870.00
1111.00	855.00
1111.24	859.00
1111.48	857.00
1111.72	868.00
1111.97	846.00
1112.21	861.00
1112.45	860.00
1112.69	886.00
1112.93	859.00
1113.18	874.00
1113.42	881.00
1113.66	868.00
1113.90	870.00
1114.14	865.00
1114.39	868.00
1114.63	869.00
1114.87	866.00
1115.11	853.00
1115.35	855.00
1115.59	855.00
1115.84	847.00
1116.08	866.00
1116.32	848.00
1116.56	856.00
1116.80	869.00
1117.05	861.00
1117.29	864.00
1117.53	867.00
1117.77	866.00
1118.01	862.00
1118.25	882.00
1118.50	863.00
1118.74	850.00
1118.98	852.00
1119.22	861.00
1119.46	881.00
1119.71	879.00
1119.95	871.00
1120.19	881.00
1120.43	849.00
1120.67	860.00
1120.91	865.00
1121.16	861.00
1121.40	847.00
1121.64	849.00
1121.88	876.00
1122.12	854.00
1122.36	864.00
1122.61	870.00
1122.85	874.00
1123.09	860.00
1123.33	848.00
1123.57	862.00
1123.81	856.00
1124.06	855.00
1124.30	870.00
1124.54	881.00
1124.78	871.00
1125.02	863.00
1125.26	881.00
1125.50	867.00
1125.75	879.00
1125.99	876.00
1126.23	862.00
1126.47	873.00
1126.71	880.00
1126.95	859.00
1127.19	855.00
1127.44	865.00
1127.68	870.00
1127.92	860.00
1128.16	852.00
1128.40	867.00
1128.64	852.00
1128.88	866.00
1129.13	886.00
1129.37	889.00
1129.61	876.00
1129.85	867.00
1130.09	846.00
1130.33	852.00
1130.57	856.00
1130.82	854.00
1131.06	860.00
1131.30	870.00
1131.54	863.00
1131.78	864.00
1132.02	867.00
1132.26	873.00
1132.50	865.00
1132.75	857.00
1132.99	860.00
1133.23	863.00
1133.47	863.00
1133.71	862.00
1133.95	865.00
1134.19	870.00
1134.43	874.00
1134.68	868.00
1134.92	864.00
1135.16	873.00
1135.40	868.00
1135.64	870.00
1135.88	854.00
1136.12	860.00
1136.36	874.00
1136.61	880.00
1136.85	886.00
1137.09	857.00
1137.33	869.00
1137.57	871.00
1137.81	856.00
1138.05	852.00
1138.29	870.00
1138.53	860.00
1138.78	869.00
1139.02	852.00
1139.26	877.00
1139.50	884.00
1139.74	872.00
1139.98	870.00
1140.22	877.00
1140.46	860.00
1140.70	869.00
1140.94	848.00
1141.19	865.00
1141.43	888.00
1141.67	850.00
1141.91	855.00
1142.15	857.00
1142.39	865.00
1142.63	879.00
1142.87	845.00
1143.11	858.00
1143.35	850.00
1143.59	872.00
1143.83	867.00
1144.08	848.00
1144.32	875.00
1144.56	858.00
1144.80	864.00
1145.04	866.00
1145.28	866.00
1145.52	847.00
1145.76	874.00
1146.00	867.00
1146.24	875.00
1146.48	894.00
1146.72	865.00
1146.97	861.00
1147.21	868.00
1147.45	859.00
1147.69	867.00
1147.93	862.00
1148.17	870.00
1148.41	875.00
1148.65	874.00
1148.89	867.00
1149.13	864.00
1149.37	866.00
1149.61	853.00
1149.85	860.00
1150.09	874.00
1150.34	862.00
1150.58	883.00
1150.82	864.00
1151.06	853.00
1151.30	871.00
1151.54	865.00
1151.78	875.00
1152.02	861.00
1152.26	876.00
1152.50	842.00
1152.74	890.00
1152.98	854.00
1153.22	856.00
1153.46	867.00
1153.70	853.00
1153.94	876.00
1154.18	877.00
1154.42	860.00
1154.66	868.00
1154.91	888.00
1155.15	866.00
1155.39	830.00
1155.63	855.00
1155.87	871.00
1156.11	883.00
1156.35	870.00
1156.59	874.00
1156.83	889.00
1157.07	872.00
1157.31	862.00
1157.55	861.00
1157.79	852.00
1158.03	844.00
1158.27	857.00
1158.51	868.00
1158.75	860.00
1158.99	870.00
1159.23	857.00
1159.47	855.00
1159.71	855.00
1159.95	870.00
1160.19	860.00
1160.43	888.00
1160.67	870.00
1160.91	854.00
1161.15	862.00
1161.39	855.00
1161.63	857.00
1161.88	868.00
1162.12	862.00
1162.36	858.00
1162.60	875.00
1162.84	881.00
1163.08	874.00
1163.32	867.00
1163.56	858.00
1163.80	880.00
1164.04	864.00
1164.28	850.00
1164.52	868.00
1164.76	871.00
1165.00	869.00
1165.24	864.00
1165.48	878.00
1165.72	880.00
1165.96	854.00
1166.20	876.00
1166.44	876.00
1166.68	861.00
1166.92	870.00
1167.16	888.00
1167.40	884.00
1167.64	855.00
1167.88	857.00
1168.12	851.00
1168.36	864.00
1168.60	863.00
1168.84	869.00
1169.08	871.00
1169.32	864.00
1169.56	857.00
1169.80	854.00
1170.04	872.00
1170.28	862.00
1170.52	871.00
1170.76	865.00
1171.00	859.00
1171.24	865.00
1171.48	847.00
1171.72	875.00
1171.96	860.00
1172.20	872.00
1172.44	879.00
1172.68	880.00
1172.92	855.00
1173.16	862.00
1173.40	869.00
1173.63	853.00
1173.87	860.00
1174.11	872.00
1174.35	858.00
1174.59	860.00
1174.83	849.00
1175.07	857.00
1175.31	864.00
1175.55	863.00
1175.79	860.00
1176.03	862.00
1176.27	872.00
1176.51	866.00
1176.75	870.00
1176.99	862.00
1177.23	862.00
1177.47	863.00
1177.71	865.00
1177.95	867.00
1178.19	875.00
1178.43	870.00
1178.67	865.00
1178.91	857.00
1179.15	870.00
1179.39	859.00
1179.63	857.00
1179.87	869.00
1180.11	851.00
1180.35	865.00
1180.59	866.00
1180.82	862.00
1181.06	865.00
1181.30	864.00
1181.54	862.00
1181.78	862.00
1182.02	852.00
1182.26	872.00
1182.50	872.00
1182.74	872.00
1182.98	870.00
1183.22	872.00
1183.46	865.00
1183.70	867.00
1183.94	868.00
1184.18	849.00
1184.42	869.00
1184.66	871.00
1184.90	844.00
1185.13	860.00
1185.37	878.00
1185.61	859.00
1185.85	873.00
1186.09	859.00
1186.33	859.00
1186.57	865.00
1186.81	854.00
1187.05	878.00
1187.29	866.00
1187.53	874.00
1187.77	865.00
1188.01	860.00
1188.25	878.00
1188.48	867.00
1188.72	852.00
1188.96	855.00
1189.20	865.00
1189.44	863.00
1189.68	873.00
1189.92	861.00
1190.16	851.00
1190.40	861.00
1190.64	846.00
1190.88	846.00
1191.12	875.00
1191.36	858.00
1191.59	857.00
1191.83	868.00
1192.07	866.00
1192.31	855.00
1192.55	862.00
1192.79	879.00
1193.03	873.00
1193.27	860.00
1193.51	850.00
1193.75	861.00
1193.99	854.00
1194.22	870.00
1194.46	857.00
1194.70	858.00
1194.94	851.00
1195.18	842.00
1195.42	864.00
1195.66	851.00
1195.90	860.00
1196.14	865.00
1196.38	859.00
1196.61	861.00
1196.85	853.00
1197.09	876.00
1197.33	866.00
1197.57	864.00
1197.81	854.00
1198.05	874.00
1198.29	876.00
1198.53	863.00
1198.76	871.00
1199.00	860.00
1199.24	882.00
1199.48	865.00
1199.72	880.00
1199.96	876.00
1200.20	858.00
1200.44	859.00
1200.68	862.00
1200.91	843.00
1201.15	866.00
1201.39	862.00
1201.63	869.00
1201.87	870.00
1202.11	858.00
1202.35	870.00
1202.59	868.00
1202.82	865.00
1203.06	867.00
1203.30	860.00
1203.54	893.00
1203.78	858.00
1204.02	848.00
1204.26	876.00
1204.49	854.00
1204.73	854.00
1204.97	871.00
1205.21	872.00
1205.45	864.00
1205.69	857.00
1205.93	845.00
1206.17	854.00
1206.40	873.00
1206.64	865.00
1206.88	871.00
1207.12	857.00
1207.36	876.00
1207.60	869.00
1207.84	875.00
1208.07	848.00
1208.31	864.00
1208.55	868.00
1208.79	859.00
1209.03	864.00
1209.27	877.00
1209.50	874.00
1209.74	873.00
1209.98	861.00
1210.22	855.00
1210.46	853.00
1210.70	863.00
1210.94	862.00
1211.17	856.00
1211.41	865.00
1211.65	860.00
1211.89	879.00
1212.13	862.00
1212.37	866.00
1212.60	865.00
1212.84	853.00
1213.08	856.00
1213.32	895.00
1213.56	859.00
1213.80	882.00
1214.03	881.00
1214.27	859.00
1214.51	860.00
1214.75	868.00
1214.99	848.00
1215.23	848.00
1215.46	864.00
1215.70	867.00
1215.94	871.00
1216.18	869.00
1216.42	865.00
1216.66	863.00
1216.89	858.00
1217.13	862.00
1217.37	865.00
1217.61	870.00
1217.85	864.00
1218.08	873.00
1218.32	861.00
1218.56	867.00
1218.80	879.00
1219.04	855.00
1219.28	852.00
1219.51	838.00
1219.75	869.00
1219.99	877.00
1220.23	867.00
1220.47	857.00
