  6.0000000e+002 -5.9760000e+001
  6.0037547e+002 -5.8250000e+001
  6.0075094e+002 -5.8570000e+001
  6.0112641e+002 -5.8840000e+001
  6.0150188e+002 -5.9720000e+001
  6.0187735e+002 -6.0570000e+001
  6.0225282e+002 -6.0340000e+001
  6.0262829e+002 -6.0300000e+001
  6.0300375e+002 -6.1230000e+001
  6.0337922e+002 -5.8940000e+001
  6.0375469e+002 -6.1250000e+001
  6.0413016e+002 -5.9760000e+001
  6.0450563e+002 -6.0000000e+001
  6.0488110e+002 -5.9800000e+001
  6.0525657e+002 -6.0730000e+001
  6.0563204e+002 -6.2070000e+001
  6.0600751e+002 -6.1730000e+001
  6.0638298e+002 -6.0790000e+001
  6.0675845e+002 -6.1510000e+001
  6.0713392e+002 -6.2970000e+001
  6.0750939e+002 -6.1920000e+001
  6.0788486e+002 -5.9790000e+001
  6.0826033e+002 -6.3120000e+001
  6.0863579e+002 -6.1640000e+001
  6.0901126e+002 -6.2630000e+001
  6.0938673e+002 -6.2370000e+001
  6.0976220e+002 -6.0720000e+001
  6.1013767e+002 -6.2750000e+001
  6.1051314e+002 -6.1880000e+001
  6.1088861e+002 -6.2120000e+001
  6.1126408e+002 -6.1710000e+001
  6.1163955e+002 -6.2080000e+001
  6.1201502e+002 -6.2600000e+001
  6.1239049e+002 -6.1880000e+001
  6.1276596e+002 -6.2440000e+001
  6.1314143e+002 -6.4020000e+001
  6.1351690e+002 -6.4100000e+001
  6.1389237e+002 -6.4170000e+001
  6.1426783e+002 -6.1850000e+001
  6.1464330e+002 -6.3230000e+001
  6.1501877e+002 -6.4450000e+001
  6.1539424e+002 -6.4280000e+001
  6.1576971e+002 -6.5420000e+001
  6.1614518e+002 -6.2820000e+001
  6.1652065e+002 -6.3720000e+001
  6.1689612e+002 -6.3160000e+001
  6.1727159e+002 -6.3040000e+001
  6.1764706e+002 -6.3040000e+001
  6.1802253e+002 -6.4380000e+001
  6.1839800e+002 -6.4610000e+001
  6.1877347e+002 -6.3460000e+001
  6.1914894e+002 -6.4180000e+001
  6.1952441e+002 -6.5280000e+001
  6.1989987e+002 -6.4970000e+001
  6.2027534e+002 -6.3240000e+001
  6.2065081e+002 -6.4400000e+001
  6.2102628e+002 -6.6000000e+001
  6.2140175e+002 -6.3760000e+001
  6.2177722e+002 -6.5240000e+001
  6.2215269e+002 -6.6120000e+001
  6.2252816e+002 -6.5730000e+001
  6.2290363e+002 -6.4850000e+001
  6.2327910e+002 -6.4570000e+001
  6.2365457e+002 -6.4070000e+001
  6.2403004e+002 -6.5940000e+001
  6.2440551e+002 -6.6460000e+001
  6.2478098e+002 -6.4670000e+001
  6.2515645e+002 -6.5960000e+001
  6.2553191e+002 -6.4980000e+001
  6.2590738e+002 -6.4650000e+001
  6.2628285e+002 -6.6420000e+001
  6.2665832e+002 -6.9040000e+001
  6.2703379e+002 -6.6290000e+001
  6.2740926e+002 -6.5080000e+001
  6.2778473e+002 -6.6060000e+001
  6.2816020e+002 -6.5150000e+001
  6.2853567e+002 -6.6520000e+001
  6.2891114e+002 -6.5190000e+001
  6.2928661e+002 -6.5230000e+001
  6.2966208e+002 -6.6650000e+001
  6.3003755e+002 -6.4500000e+001
  6.3041302e+002 -6.6160000e+001
  6.3078849e+002 -6.5830000e+001
  6.3116395e+002 -6.4420000e+001
  6.3153942e+002 -6.3320000e+001
  6.3191489e+002 -6.7500000e+001
  6.3229036e+002 -6.7920000e+001
  6.3266583e+002 -6.7310000e+001
  6.3304130e+002 -6.6690000e+001
  6.3341677e+002 -6.6720000e+001
  6.3379224e+002 -6.5590000e+001
  6.3416771e+002 -6.7010000e+001
  6.3454318e+002 -6.7670000e+001
  6.3491865e+002 -6.7050000e+001
  6.3529412e+002 -6.7590000e+001
  6.3566959e+002 -6.6220000e+001
  6.3604506e+002 -6.7550000e+001
  6.3642053e+002 -6.6630000e+001
  6.3679599e+002 -6.7470000e+001
  6.3717146e+002 -6.6950000e+001
  6.3754693e+002 -6.6930000e+001
  6.3792240e+002 -6.6170000e+001
  6.3829787e+002 -6.8340000e+001
  6.3867334e+002 -6.6490000e+001
  6.3904881e+002 -3.2790000e+001
  6.3942428e+002 -3.0660000e+001
  6.3979975e+002 -4.2680000e+001
  6.4017522e+002 -6.8040000e+001
  6.4055069e+002 -6.8280000e+001
  6.4092616e+002 -6.9700000e+001
  6.4130163e+002 -6.7960000e+001
  6.4167710e+002 -6.8730000e+001
  6.4205257e+002 -6.7950000e+001
  6.4242804e+002 -6.8180000e+001
  6.4280350e+002 -6.8450000e+001
  6.4317897e+002 -6.8060000e+001
  6.4355444e+002 -6.7570000e+001
  6.4392991e+002 -6.8710000e+001
  6.4430538e+002 -6.7970000e+001
  6.4468085e+002 -6.9190000e+001
  6.4505632e+002 -6.8020000e+001
  6.4543179e+002 -6.7460000e+001
  6.4580726e+002 -6.8530000e+001
  6.4618273e+002 -6.8560000e+001
  6.4655820e+002 -6.9740000e+001
  6.4693367e+002 -6.8810000e+001
  6.4730914e+002 -6.9050000e+001
  6.4768461e+002 -7.0400000e+001
  6.4806008e+002 -7.1180000e+001
  6.4843554e+002 -6.9560000e+001
  6.4881101e+002 -6.9390000e+001
  6.4918648e+002 -6.9330000e+001
  6.4956195e+002 -6.9530000e+001
  6.4993742e+002 -6.8910000e+001
  6.5031289e+002 -6.9150000e+001
  6.5068836e+002 -6.9610000e+001
  6.5106383e+002 -7.0590000e+001
  6.5143930e+002 -7.0990000e+001
  6.5181477e+002 -7.0450000e+001
  6.5219024e+002 -7.0740000e+001
  6.5256571e+002 -7.0030000e+001
  6.5294118e+002 -7.1620000e+001
  6.5331665e+002 -6.9730000e+001
  6.5369212e+002 -7.0070000e+001
  6.5406758e+002 -7.0750000e+001
  6.5444305e+002 -6.9260000e+001
  6.5481852e+002 -7.0440000e+001
  6.5519399e+002 -7.1590000e+001
  6.5556946e+002 -7.1840000e+001
  6.5594493e+002 -7.2860000e+001
  6.5632040e+002 -6.9910000e+001
  6.5669587e+002 -6.9930000e+001
  6.5707134e+002 -7.0960000e+001
  6.5744681e+002 -7.1580000e+001
  6.5782228e+002 -6.9790000e+001
  6.5819775e+002 -7.0380000e+001
  6.5857322e+002 -7.0800000e+001
  6.5894869e+002 -7.1990000e+001
  6.5932416e+002 -7.0440000e+001
  6.5969962e+002 -7.1030000e+001
  6.6007509e+002 -7.1800000e+001
  6.6045056e+002 -7.1480000e+001
  6.6082603e+002 -7.2030000e+001
  6.6120150e+002 -7.1050000e+001
  6.6157697e+002 -7.2060000e+001
  6.6195244e+002 -7.0930000e+001
  6.6232791e+002 -7.0970000e+001
  6.6270338e+002 -7.3040000e+001
  6.6307885e+002 -6.9820000e+001
  6.6345432e+002 -7.0580000e+001
  6.6382979e+002 -7.1690000e+001
  6.6420526e+002 -7.0960000e+001
  6.6458073e+002 -7.1690000e+001
  6.6495620e+002 -7.2020000e+001
  6.6533166e+002 -7.1660000e+001
  6.6570713e+002 -7.1880000e+001
  6.6608260e+002 -7.2260000e+001
  6.6645807e+002 -7.2100000e+001
  6.6683354e+002 -7.2330000e+001
  6.6720901e+002 -7.3760000e+001
  6.6758448e+002 -7.3730000e+001
  6.6795995e+002 -7.1430000e+001
  6.6833542e+002 -7.1840000e+001
  6.6871089e+002 -7.1480000e+001
  6.6908636e+002 -7.4240000e+001
  6.6946183e+002 -7.1760000e+001
  6.6983730e+002 -7.2430000e+001
  6.7021277e+002 -7.2540000e+001
  6.7058824e+002 -7.2830000e+001
  6.7096370e+002 -7.2730000e+001
  6.7133917e+002 -7.2010000e+001
  6.7171464e+002 -7.2270000e+001
  6.7209011e+002 -7.2590000e+001
  6.7246558e+002 -7.2090000e+001
  6.7284105e+002 -7.2620000e+001
  6.7321652e+002 -7.2260000e+001
  6.7359199e+002 -7.2460000e+001
  6.7396746e+002 -7.3540000e+001
  6.7434293e+002 -7.2210000e+001
  6.7471840e+002 -7.2810000e+001
  6.7509387e+002 -7.4930000e+001
  6.7546934e+002 -7.2300000e+001
  6.7584481e+002 -7.1890000e+001
  6.7622028e+002 -7.3040000e+001
  6.7659574e+002 -7.3430000e+001
  6.7697121e+002 -7.4260000e+001
  6.7734668e+002 -7.3510000e+001
  6.7772215e+002 -7.1800000e+001
  6.7809762e+002 -7.2340000e+001
  6.7847309e+002 -7.2540000e+001
  6.7884856e+002 -7.3490000e+001
  6.7922403e+002 -7.4120000e+001
  6.7959950e+002 -7.2260000e+001
  6.7997497e+002 -7.4060000e+001
  6.8035044e+002 -7.2450000e+001
  6.8072591e+002 -7.3200000e+001
  6.8110138e+002 -7.1260000e+001
  6.8147685e+002 -7.3000000e+001
  6.8185232e+002 -7.2620000e+001
  6.8222778e+002 -7.4280000e+001
  6.8260325e+002 -7.3000000e+001
  6.8297872e+002 -7.2940000e+001
  6.8335419e+002 -7.3940000e+001
  6.8372966e+002 -7.2200000e+001
  6.8410513e+002 -7.2400000e+001
  6.8448060e+002 -7.2970000e+001
  6.8485607e+002 -7.4240000e+001
  6.8523154e+002 -7.3970000e+001
  6.8560701e+002 -7.4950000e+001
  6.8598248e+002 -7.2450000e+001
  6.8635795e+002 -7.2790000e+001
  6.8673342e+002 -7.3730000e+001
  6.8710889e+002 -7.4370000e+001
  6.8748436e+002 -7.1960000e+001
  6.8785982e+002 -7.2270000e+001
  6.8823529e+002 -7.3460000e+001
  6.8861076e+002 -7.2270000e+001
  6.8898623e+002 -7.3560000e+001
  6.8936170e+002 -7.3120000e+001
  6.8973717e+002 -7.3250000e+001
  6.9011264e+002 -7.2330000e+001
  6.9048811e+002 -7.5030000e+001
  6.9086358e+002 -7.2850000e+001
  6.9123905e+002 -7.3810000e+001
  6.9161452e+002 -7.2810000e+001
  6.9198999e+002 -7.4710000e+001
  6.9236546e+002 -7.4050000e+001
  6.9274093e+002 -7.2720000e+001
  6.9311640e+002 -7.4580000e+001
  6.9349186e+002 -7.3140000e+001
  6.9386733e+002 -7.4760000e+001
  6.9424280e+002 -7.2510000e+001
  6.9461827e+002 -7.5270000e+001
  6.9499374e+002 -7.2850000e+001
  6.9536921e+002 -7.3200000e+001
  6.9574468e+002 -7.5980000e+001
  6.9612015e+002 -7.3750000e+001
  6.9649562e+002 -7.3130000e+001
  6.9687109e+002 -7.4410000e+001
  6.9724656e+002 -7.3230000e+001
  6.9762203e+002 -7.4440000e+001
  6.9799750e+002 -7.4640000e+001
  6.9837297e+002 -7.3780000e+001
  6.9874844e+002 -7.3750000e+001
  6.9912390e+002 -7.4340000e+001
  6.9949937e+002 -7.3480000e+001
  6.9987484e+002 -7.4330000e+001
  7.0025031e+002 -7.5680000e+001
  7.0062578e+002 -7.4390000e+001
  7.0100125e+002 -7.3190000e+001
  7.0137672e+002 -7.4310000e+001
  7.0175219e+002 -7.2270000e+001
  7.0212766e+002 -7.3960000e+001
  7.0250313e+002 -7.4910000e+001
  7.0287860e+002 -7.4660000e+001
  7.0325407e+002 -7.2520000e+001
  7.0362954e+002 -7.2990000e+001
  7.0400501e+002 -7.2270000e+001
  7.0438048e+002 -7.3970000e+001
  7.0475594e+002 -7.5150000e+001
  7.0513141e+002 -7.5320000e+001
  7.0550688e+002 -7.3090000e+001
  7.0588235e+002 -7.4200000e+001
  7.0625782e+002 -7.4470000e+001
  7.0663329e+002 -7.3660000e+001
  7.0700876e+002 -7.4430000e+001
  7.0738423e+002 -7.3830000e+001
  7.0775970e+002 -7.4590000e+001
  7.0813517e+002 -7.3250000e+001
  7.0851064e+002 -7.4380000e+001
  7.0888611e+002 -7.3230000e+001
  7.0926158e+002 -7.5250000e+001
  7.0963705e+002 -7.3310000e+001
  7.1001252e+002 -7.4550000e+001
  7.1038798e+002 -7.4650000e+001
  7.1076345e+002 -7.4530000e+001
  7.1113892e+002 -7.5530000e+001
  7.1151439e+002 -7.4120000e+001
  7.1188986e+002 -7.3900000e+001
  7.1226533e+002 -7.3700000e+001
  7.1264080e+002 -7.3380000e+001
  7.1301627e+002 -7.4560000e+001
  7.1339174e+002 -7.4620000e+001
  7.1376721e+002 -7.5720000e+001
  7.1414268e+002 -7.4090000e+001
  7.1451815e+002 -7.3950000e+001
  7.1489362e+002 -7.4780000e+001
  7.1526909e+002 -7.5360000e+001
  7.1564456e+002 -7.4440000e+001
  7.1602003e+002 -7.2710000e+001
  7.1639549e+002 -7.3700000e+001
  7.1677096e+002 -7.3890000e+001
  7.1714643e+002 -7.3610000e+001
  7.1752190e+002 -7.4380000e+001
  7.1789737e+002 -7.5710000e+001
  7.1827284e+002 -7.4860000e+001
  7.1864831e+002 -7.4130000e+001
  7.1902378e+002 -7.3900000e+001
  7.1939925e+002 -7.5020000e+001
  7.1977472e+002 -7.4380000e+001
  7.2015019e+002 -7.4710000e+001
  7.2052566e+002 -7.4130000e+001
  7.2090113e+002 -7.5370000e+001
  7.2127660e+002 -7.4710000e+001
  7.2165207e+002 -7.4850000e+001
  7.2202753e+002 -7.6110000e+001
  7.2240300e+002 -7.5150000e+001
  7.2277847e+002 -7.3500000e+001
  7.2315394e+002 -7.5200000e+001
  7.2352941e+002 -7.3520000e+001
  7.2390488e+002 -7.5340000e+001
  7.2428035e+002 -7.4380000e+001
  7.2465582e+002 -7.8440000e+001
  7.2503129e+002 -7.8040000e+001
  7.2540676e+002 -7.3700000e+001
  7.2578223e+002 -7.5470000e+001
  7.2615770e+002 -7.4880000e+001
  7.2653317e+002 -7.5140000e+001
  7.2690864e+002 -7.6330000e+001
  7.2728411e+002 -7.5490000e+001
  7.2765957e+002 -7.2970000e+001
  7.2803504e+002 -7.5860000e+001
  7.2841051e+002 -7.5890000e+001
  7.2878598e+002 -7.4920000e+001
  7.2916145e+002 -7.5210000e+001
  7.2953692e+002 -7.5970000e+001
  7.2991239e+002 -7.7510000e+001
  7.3028786e+002 -7.6970000e+001
  7.3066333e+002 -7.6290000e+001
  7.3103880e+002 -7.5100000e+001
  7.3141427e+002 -7.4680000e+001
  7.3178974e+002 -7.5410000e+001
  7.3216521e+002 -7.6720000e+001
  7.3254068e+002 -7.3650000e+001
  7.3291615e+002 -7.3860000e+001
  7.3329161e+002 -7.5730000e+001
  7.3366708e+002 -7.6970000e+001
  7.3404255e+002 -7.6120000e+001
  7.3441802e+002 -7.6140000e+001
  7.3479349e+002 -7.6600000e+001
  7.3516896e+002 -7.5380000e+001
  7.3554443e+002 -7.5140000e+001
  7.3591990e+002 -7.5780000e+001
  7.3629537e+002 -7.5890000e+001
  7.3667084e+002 -7.5160000e+001
  7.3704631e+002 -7.4310000e+001
  7.3742178e+002 -7.5310000e+001
  7.3779725e+002 -7.6180000e+001
  7.3817272e+002 -7.4430000e+001
  7.3854819e+002 -7.5760000e+001
  7.3892365e+002 -7.4440000e+001
  7.3929912e+002 -7.5490000e+001
  7.3967459e+002 -7.5150000e+001
  7.4005006e+002 -7.6490000e+001
  7.4042553e+002 -7.5120000e+001
  7.4080100e+002 -7.4780000e+001
  7.4117647e+002 -7.6150000e+001
  7.4155194e+002 -7.4980000e+001
  7.4192741e+002 -7.5780000e+001
  7.4230288e+002 -7.7260000e+001
  7.4267835e+002 -7.6270000e+001
  7.4305382e+002 -7.6980000e+001
  7.4342929e+002 -7.8020000e+001
  7.4380476e+002 -7.7510000e+001
  7.4418023e+002 -7.4380000e+001
  7.4455569e+002 -7.5880000e+001
  7.4493116e+002 -7.5950000e+001
  7.4530663e+002 -7.8400000e+001
  7.4568210e+002 -7.5020000e+001
  7.4605757e+002 -7.4830000e+001
  7.4643304e+002 -7.6390000e+001
  7.4680851e+002 -7.5220000e+001
  7.4718398e+002 -7.6830000e+001
  7.4755945e+002 -7.7100000e+001
  7.4793492e+002 -7.5640000e+001
  7.4831039e+002 -7.6900000e+001
  7.4868586e+002 -7.5790000e+001
  7.4906133e+002 -7.6150000e+001
  7.4943680e+002 -7.8130000e+001
  7.4981227e+002 -7.6990000e+001
  7.5018773e+002 -7.5850000e+001
  7.5056320e+002 -7.4550000e+001
  7.5093867e+002 -7.4770000e+001
  7.5131414e+002 -7.5850000e+001
  7.5168961e+002 -7.6420000e+001
  7.5206508e+002 -7.7160000e+001
  7.5244055e+002 -7.7660000e+001
  7.5281602e+002 -7.5080000e+001
  7.5319149e+002 -7.9190000e+001
  7.5356696e+002 -7.7830000e+001
  7.5394243e+002 -7.6110000e+001
  7.5431790e+002 -7.5680000e+001
  7.5469337e+002 -7.5550000e+001
  7.5506884e+002 -7.6580000e+001
  7.5544431e+002 -7.6670000e+001
  7.5581977e+002 -7.8060000e+001
  7.5619524e+002 -7.6630000e+001
  7.5657071e+002 -7.6270000e+001
  7.5694618e+002 -7.8010000e+001
  7.5732165e+002 -7.6430000e+001
  7.5769712e+002 -7.6940000e+001
  7.5807259e+002 -7.7730000e+001
  7.5844806e+002 -7.5620000e+001
  7.5882353e+002 -7.7670000e+001
  7.5919900e+002 -7.7270000e+001
  7.5957447e+002 -7.7410000e+001
  7.5994994e+002 -7.5620000e+001
  7.6032541e+002 -7.7410000e+001
  7.6070088e+002 -7.7660000e+001
  7.6107635e+002 -7.8490000e+001
  7.6145181e+002 -7.6570000e+001
  7.6182728e+002 -7.7650000e+001
  7.6220275e+002 -7.5460000e+001
  7.6257822e+002 -7.6990000e+001
  7.6295369e+002 -7.6040000e+001
  7.6332916e+002 -7.7420000e+001
  7.6370463e+002 -7.5070000e+001
  7.6408010e+002 -7.7020000e+001
  7.6445557e+002 -7.5800000e+001
  7.6483104e+002 -7.7660000e+001
  7.6520651e+002 -7.7290000e+001
  7.6558198e+002 -7.7040000e+001
  7.6595745e+002 -7.5810000e+001
  7.6633292e+002 -7.5770000e+001
  7.6670839e+002 -7.4990000e+001
  7.6708385e+002 -7.5040000e+001
  7.6745932e+002 -7.6740000e+001
  7.6783479e+002 -7.6470000e+001
  7.6821026e+002 -7.7950000e+001
  7.6858573e+002 -7.7180000e+001
  7.6896120e+002 -7.6490000e+001
  7.6933667e+002 -7.6980000e+001
  7.6971214e+002 -7.6830000e+001
  7.7008761e+002 -7.5970000e+001
  7.7046308e+002 -7.5670000e+001
  7.7083855e+002 -7.6200000e+001
  7.7121402e+002 -7.5610000e+001
  7.7158949e+002 -7.5890000e+001
  7.7196496e+002 -7.7260000e+001
  7.7234043e+002 -7.5340000e+001
  7.7271589e+002 -7.5830000e+001
  7.7309136e+002 -7.5900000e+001
  7.7346683e+002 -7.8170000e+001
  7.7384230e+002 -7.6750000e+001
  7.7421777e+002 -7.5510000e+001
  7.7459324e+002 -7.7440000e+001
  7.7496871e+002 -7.7540000e+001
  7.7534418e+002 -7.6670000e+001
  7.7571965e+002 -7.5370000e+001
  7.7609512e+002 -7.6560000e+001
  7.7647059e+002 -7.6860000e+001
  7.7684606e+002 -7.6190000e+001
  7.7722153e+002 -7.6730000e+001
  7.7759700e+002 -7.7360000e+001
  7.7797247e+002 -7.7300000e+001
  7.7834793e+002 -7.5350000e+001
  7.7872340e+002 -7.6050000e+001
  7.7909887e+002 -7.9170000e+001
  7.7947434e+002 -7.5460000e+001
  7.7984981e+002 -7.6090000e+001
  7.8022528e+002 -7.7310000e+001
  7.8060075e+002 -7.8160000e+001
  7.8097622e+002 -7.7030000e+001
  7.8135169e+002 -7.5710000e+001
  7.8172716e+002 -7.5850000e+001
  7.8210263e+002 -7.5580000e+001
  7.8247810e+002 -7.7500000e+001
  7.8285357e+002 -7.7610000e+001
  7.8322904e+002 -7.6570000e+001
  7.8360451e+002 -7.7790000e+001
  7.8397997e+002 -7.5990000e+001
  7.8435544e+002 -7.6850000e+001
  7.8473091e+002 -7.6550000e+001
  7.8510638e+002 -7.5490000e+001
  7.8548185e+002 -7.7700000e+001
  7.8585732e+002 -7.5900000e+001
  7.8623279e+002 -7.6960000e+001
  7.8660826e+002 -7.5750000e+001
  7.8698373e+002 -7.6070000e+001
  7.8735920e+002 -7.5820000e+001
  7.8773467e+002 -7.5620000e+001
  7.8811014e+002 -7.5470000e+001
  7.8848561e+002 -7.5770000e+001
  7.8886108e+002 -7.7530000e+001
  7.8923655e+002 -7.6960000e+001
  7.8961202e+002 -7.6040000e+001
  7.8998748e+002 -7.5960000e+001
  7.9036295e+002 -7.5520000e+001
  7.9073842e+002 -7.7440000e+001
  7.9111389e+002 -7.7550000e+001
  7.9148936e+002 -7.6420000e+001
  7.9186483e+002 -7.6300000e+001
  7.9224030e+002 -7.6290000e+001
  7.9261577e+002 -7.6060000e+001
  7.9299124e+002 -7.5740000e+001
  7.9336671e+002 -7.7640000e+001
  7.9374218e+002 -7.8260000e+001
  7.9411765e+002 -7.6600000e+001
  7.9449312e+002 -7.5660000e+001
  7.9486859e+002 -7.6090000e+001
  7.9524406e+002 -7.9780000e+001
  7.9561952e+002 -7.5000000e+001
  7.9599499e+002 -7.7170000e+001
  7.9637046e+002 -7.7310000e+001
  7.9674593e+002 -7.7620000e+001
  7.9712140e+002 -7.6840000e+001
  7.9749687e+002 -7.5380000e+001
  7.9787234e+002 -7.6070000e+001
  7.9824781e+002 -7.4690000e+001
  7.9862328e+002 -7.6380000e+001
  7.9899875e+002 -7.6060000e+001
  7.9937422e+002 -7.7650000e+001
  7.9974969e+002 -7.5950000e+001
  8.0012516e+002 -7.8730000e+001
  8.0050063e+002 -7.7750000e+001
  8.0087610e+002 -7.5890000e+001
  8.0125156e+002 -7.6250000e+001
  8.0162703e+002 -7.6520000e+001
  8.0200250e+002 -7.7440000e+001
  8.0237797e+002 -7.5840000e+001
  8.0275344e+002 -7.7170000e+001
  8.0312891e+002 -7.7410000e+001
  8.0350438e+002 -7.6190000e+001
  8.0387985e+002 -7.9630000e+001
  8.0425532e+002 -7.6790000e+001
  8.0463079e+002 -7.6110000e+001
  8.0500626e+002 -7.9430000e+001
  8.0538173e+002 -7.7770000e+001
  8.0575720e+002 -7.7480000e+001
  8.0613267e+002 -7.7270000e+001
  8.0650814e+002 -7.8040000e+001
  8.0688360e+002 -7.8400000e+001
  8.0725907e+002 -7.5550000e+001
  8.0763454e+002 -7.9350000e+001
  8.0801001e+002 -7.7580000e+001
  8.0838548e+002 -7.8850000e+001
  8.0876095e+002 -7.6840000e+001
  8.0913642e+002 -7.7330000e+001
  8.0951189e+002 -7.5740000e+001
  8.0988736e+002 -7.6770000e+001
  8.1026283e+002 -7.6570000e+001
  8.1063830e+002 -7.7410000e+001
  8.1101377e+002 -7.7520000e+001
  8.1138924e+002 -7.7580000e+001
  8.1176471e+002 -7.6950000e+001
  8.1214018e+002 -7.5650000e+001
  8.1251564e+002 -7.6150000e+001
  8.1289111e+002 -7.5910000e+001
  8.1326658e+002 -7.6850000e+001
  8.1364205e+002 -7.5950000e+001
  8.1401752e+002 -7.5540000e+001
  8.1439299e+002 -7.6950000e+001
  8.1476846e+002 -7.6900000e+001
  8.1514393e+002 -7.3650000e+001
  8.1551940e+002 -7.4880000e+001
  8.1589487e+002 -7.4820000e+001
  8.1627034e+002 -7.5500000e+001
  8.1664581e+002 -7.5670000e+001
  8.1702128e+002 -7.4940000e+001
  8.1739675e+002 -7.5160000e+001
  8.1777222e+002 -7.5390000e+001
  8.1814768e+002 -7.6380000e+001
  8.1852315e+002 -7.4850000e+001
  8.1889862e+002 -7.6300000e+001
  8.1927409e+002 -7.4940000e+001
  8.1964956e+002 -7.5570000e+001
  8.2002503e+002 -7.5130000e+001
  8.2040050e+002 -7.4290000e+001
  8.2077597e+002 -7.4440000e+001
  8.2115144e+002 -7.5590000e+001
  8.2152691e+002 -7.5450000e+001
  8.2190238e+002 -7.4660000e+001
  8.2227785e+002 -7.6780000e+001
  8.2265332e+002 -7.4770000e+001
  8.2302879e+002 -7.4450000e+001
  8.2340426e+002 -7.5300000e+001
  8.2377972e+002 -7.5840000e+001
  8.2415519e+002 -7.5550000e+001
  8.2453066e+002 -7.4030000e+001
  8.2490613e+002 -7.5620000e+001
  8.2528160e+002 -7.4180000e+001
  8.2565707e+002 -7.5360000e+001
  8.2603254e+002 -7.3950000e+001
  8.2640801e+002 -7.6530000e+001
  8.2678348e+002 -7.5640000e+001
  8.2715895e+002 -7.5030000e+001
  8.2753442e+002 -7.4440000e+001
  8.2790989e+002 -7.5150000e+001
  8.2828536e+002 -7.5860000e+001
  8.2866083e+002 -7.4350000e+001
  8.2903630e+002 -7.5600000e+001
  8.2941176e+002 -7.4430000e+001
  8.2978723e+002 -7.4270000e+001
  8.3016270e+002 -7.4410000e+001
  8.3053817e+002 -7.3420000e+001
  8.3091364e+002 -7.5210000e+001
  8.3128911e+002 -7.4820000e+001
  8.3166458e+002 -7.4730000e+001
  8.3204005e+002 -7.5250000e+001
  8.3241552e+002 -7.4300000e+001
  8.3279099e+002 -7.6050000e+001
  8.3316646e+002 -7.5280000e+001
  8.3354193e+002 -7.4280000e+001
  8.3391740e+002 -7.4470000e+001
  8.3429287e+002 -7.5510000e+001
  8.3466834e+002 -7.5360000e+001
  8.3504380e+002 -7.4690000e+001
  8.3541927e+002 -7.5350000e+001
  8.3579474e+002 -7.4830000e+001
  8.3617021e+002 -7.4010000e+001
  8.3654568e+002 -7.5170000e+001
  8.3692115e+002 -7.4630000e+001
  8.3729662e+002 -7.6300000e+001
  8.3767209e+002 -7.5880000e+001
  8.3804756e+002 -7.4500000e+001
  8.3842303e+002 -7.5080000e+001
  8.3879850e+002 -7.4730000e+001
  8.3917397e+002 -7.5300000e+001
  8.3954944e+002 -7.5590000e+001
  8.3992491e+002 -7.5230000e+001
  8.4030038e+002 -7.5960000e+001
  8.4067584e+002 -7.4070000e+001
  8.4105131e+002 -7.5790000e+001
  8.4142678e+002 -7.4650000e+001
  8.4180225e+002 -7.5190000e+001
  8.4217772e+002 -7.5900000e+001
  8.4255319e+002 -7.4710000e+001
  8.4292866e+002 -7.4660000e+001
  8.4330413e+002 -7.3720000e+001
  8.4367960e+002 -7.3950000e+001
  8.4405507e+002 -7.5430000e+001
  8.4443054e+002 -7.4710000e+001
  8.4480601e+002 -7.5490000e+001
  8.4518148e+002 -7.5260000e+001
  8.4555695e+002 -7.5270000e+001
  8.4593242e+002 -7.5740000e+001
  8.4630788e+002 -7.4820000e+001
  8.4668335e+002 -7.5170000e+001
  8.4705882e+002 -7.4720000e+001
  8.4743429e+002 -7.4560000e+001
  8.4780976e+002 -7.5680000e+001
  8.4818523e+002 -7.5210000e+001
  8.4856070e+002 -7.4290000e+001
  8.4893617e+002 -7.5170000e+001
  8.4931164e+002 -7.4240000e+001
  8.4968711e+002 -7.6120000e+001
  8.5006258e+002 -7.5170000e+001
  8.5043805e+002 -7.3930000e+001
  8.5081352e+002 -7.6040000e+001
  8.5118899e+002 -7.4760000e+001
  8.5156446e+002 -7.5230000e+001
  8.5193992e+002 -7.5120000e+001
  8.5231539e+002 -7.4650000e+001
  8.5269086e+002 -7.6340000e+001
  8.5306633e+002 -7.5620000e+001
  8.5344180e+002 -7.4770000e+001
  8.5381727e+002 -7.4160000e+001
  8.5419274e+002 -7.5310000e+001
  8.5456821e+002 -7.5650000e+001
  8.5494368e+002 -7.4460000e+001
  8.5531915e+002 -7.5510000e+001
  8.5569462e+002 -7.5870000e+001
  8.5607009e+002 -7.5960000e+001
  8.5644556e+002 -7.4740000e+001
  8.5682103e+002 -7.5030000e+001
  8.5719650e+002 -7.5660000e+001
  8.5757196e+002 -7.5300000e+001
  8.5794743e+002 -7.5200000e+001
  8.5832290e+002 -7.6430000e+001
  8.5869837e+002 -7.6850000e+001
  8.5907384e+002 -7.4140000e+001
  8.5944931e+002 -7.5640000e+001
  8.5982478e+002 -7.4940000e+001
  8.6020025e+002 -7.5540000e+001
  8.6057572e+002 -7.5340000e+001
  8.6095119e+002 -7.4600000e+001
  8.6132666e+002 -7.5880000e+001
  8.6170213e+002 -7.6100000e+001
  8.6207760e+002 -7.4940000e+001
  8.6245307e+002 -7.6480000e+001
  8.6282854e+002 -7.5680000e+001
  8.6320401e+002 -7.5860000e+001
  8.6357947e+002 -7.5690000e+001
  8.6395494e+002 -7.5700000e+001
  8.6433041e+002 -7.5560000e+001
  8.6470588e+002 -7.5410000e+001
  8.6508135e+002 -7.5660000e+001
  8.6545682e+002 -7.6580000e+001
  8.6583229e+002 -7.5030000e+001
  8.6620776e+002 -7.4010000e+001
  8.6658323e+002 -7.4860000e+001
  8.6695870e+002 -7.4790000e+001
  8.6733417e+002 -7.5460000e+001
  8.6770964e+002 -7.5280000e+001
  8.6808511e+002 -7.6070000e+001
  8.6846058e+002 -7.5030000e+001
  8.6883605e+002 -7.6410000e+001
  8.6921151e+002 -7.7260000e+001
  8.6958698e+002 -7.5590000e+001
  8.6996245e+002 -7.6360000e+001
  8.7033792e+002 -7.5420000e+001
  8.7071339e+002 -7.6120000e+001
  8.7108886e+002 -7.5920000e+001
  8.7146433e+002 -7.4710000e+001
  8.7183980e+002 -7.6480000e+001
  8.7221527e+002 -7.5990000e+001
  8.7259074e+002 -7.5300000e+001
  8.7296621e+002 -7.4850000e+001
  8.7334168e+002 -7.6270000e+001
  8.7371715e+002 -7.5340000e+001
  8.7409262e+002 -7.5840000e+001
  8.7446809e+002 -7.4700000e+001
  8.7484355e+002 -7.5060000e+001
  8.7521902e+002 -7.4800000e+001
  8.7559449e+002 -7.6080000e+001
  8.7596996e+002 -7.4020000e+001
  8.7634543e+002 -7.5290000e+001
  8.7672090e+002 -7.3770000e+001
  8.7709637e+002 -7.5140000e+001
  8.7747184e+002 -7.6630000e+001
  8.7784731e+002 -7.6130000e+001
  8.7822278e+002 -7.5650000e+001
  8.7859825e+002 -7.5480000e+001
  8.7897372e+002 -7.6140000e+001
  8.7934919e+002 -7.5660000e+001
  8.7972466e+002 -7.5390000e+001
  8.8010013e+002 -7.5920000e+001
  8.8047559e+002 -7.6150000e+001
  8.8085106e+002 -7.6070000e+001
  8.8122653e+002 -7.5420000e+001
  8.8160200e+002 -7.4980000e+001
  8.8197747e+002 -7.5160000e+001
  8.8235294e+002 -7.5370000e+001
  8.8272841e+002 -7.5400000e+001
  8.8310388e+002 -7.5460000e+001
  8.8347935e+002 -7.6040000e+001
  8.8385482e+002 -7.6610000e+001
  8.8423029e+002 -7.5480000e+001
  8.8460576e+002 -7.5970000e+001
  8.8498123e+002 -7.4970000e+001
  8.8535670e+002 -7.4990000e+001
  8.8573217e+002 -7.5200000e+001
  8.8610763e+002 -7.6320000e+001
  8.8648310e+002 -7.5110000e+001
  8.8685857e+002 -7.5190000e+001
  8.8723404e+002 -7.5530000e+001
  8.8760951e+002 -7.6490000e+001
  8.8798498e+002 -7.5460000e+001
  8.8836045e+002 -7.4460000e+001
  8.8873592e+002 -7.6410000e+001
  8.8911139e+002 -7.5720000e+001
  8.8948686e+002 -7.6860000e+001
  8.8986233e+002 -7.4330000e+001
  8.9023780e+002 -7.5440000e+001
  8.9061327e+002 -7.6130000e+001
  8.9098874e+002 -7.4780000e+001
  8.9136421e+002 -7.5580000e+001
  8.9173967e+002 -7.6610000e+001
  8.9211514e+002 -7.5270000e+001
  8.9249061e+002 -7.3690000e+001
  8.9286608e+002 -7.5750000e+001
  8.9324155e+002 -7.4960000e+001
  8.9361702e+002 -7.4680000e+001
  8.9399249e+002 -7.5120000e+001
  8.9436796e+002 -7.5690000e+001
  8.9474343e+002 -7.4680000e+001
  8.9511890e+002 -7.7440000e+001
  8.9549437e+002 -7.6540000e+001
  8.9586984e+002 -7.6170000e+001
  8.9624531e+002 -7.8150000e+001
  8.9662078e+002 -7.5890000e+001
  8.9699625e+002 -7.6570000e+001
  8.9737171e+002 -7.5990000e+001
  8.9774718e+002 -7.5390000e+001
  8.9812265e+002 -7.7700000e+001
  8.9849812e+002 -7.8300000e+001
  8.9887359e+002 -7.5460000e+001
  8.9924906e+002 -7.7850000e+001
  8.9962453e+002 -7.6070000e+001
  9.0000000e+002 -7.5770000e+001
