   6.4153654e+02   6.2732463e-35
   6.4153235e+02   2.1857532e-34
   6.4152817e+02   1.2382594e-34
   6.4152398e+02   8.9622036e-35
   6.4151979e+02   2.7751311e-34
   6.4151561e+02   6.2073499e-36
   6.4151142e+02   1.7054911e-34
   6.4150723e+02   7.6031626e-35
   6.4150305e+02   2.2131336e-34
   6.4149886e+02   1.7939606e-34
   6.4149468e+02   9.4596043e-34
   6.4149049e+02   6.1711197e-34
   6.4148630e+02   6.1507574e-35
   6.4148212e+02   8.5280392e-34
   6.4147793e+02   2.7875232e-34
   6.4147375e+02   3.8124392e-34
   6.4146956e+02   2.8698621e-34
   6.4146537e+02   4.1651250e-34
   6.4146119e+02   2.3084877e-34
   6.4145700e+02   1.0023201e-33
   6.4145282e+02   1.5745590e-34
   6.4144863e+02   4.4713827e-35
   6.4144445e+02   2.4643563e-34
   6.4144026e+02   1.1443099e-35
   6.4143608e+02   1.9790313e-34
   6.4143189e+02   1.6591328e-35
   6.4142770e+02   5.8427155e-35
   6.4142352e+02   4.8103277e-35
   6.4141933e+02   1.7582660e-34
   6.4141515e+02   8.7771992e-35
   6.4141096e+02   1.6001634e-34
   6.4140678e+02   1.2415122e-34
   6.4140259e+02   1.4940904e-35
   6.4139841e+02   3.2214055e-35
   6.4139422e+02   1.5584848e-34
   6.4139004e+02   1.8674057e-33
   6.4138585e+02   4.1797681e-34
   6.4138167e+02   3.4391528e-34
   6.4137749e+02   5.8977474e-34
   6.4137330e+02   1.2802434e-34
   6.4136912e+02   1.0241841e-34
   6.4136493e+02   2.2089477e-34
   6.4136075e+02   3.0669851e-35
   6.4135656e+02   1.2284689e-34
   6.4135238e+02   1.1399815e-35
   6.4134819e+02   4.0851809e-34
   6.4134401e+02   2.0949172e-34
   6.4133983e+02   2.4252040e-34
   6.4133564e+02   1.9150639e-34
   6.4133146e+02   2.0997853e-34
   6.4132727e+02   2.7336857e-35
   6.4132309e+02   8.5539158e-35
   6.4131891e+02   6.1891149e-35
   6.4131472e+02   1.6507062e-35
   6.4131054e+02   8.9230983e-35
   6.4130635e+02   4.1298740e-34
   6.4130217e+02   1.9278857e-35
   6.4129799e+02   2.5874205e-35
   6.4129380e+02   1.8885054e-34
   6.4128962e+02   1.8054724e-34
   6.4128544e+02   7.8753373e-35
   6.4128125e+02   2.7867125e-34
   6.4127707e+02   9.6733158e-36
   6.4127289e+02   2.2921786e-34
   6.4126870e+02   1.5382172e-34
   6.4126452e+02   2.1481057e-34
   6.4126034e+02   2.4411834e-34
   6.4125615e+02   2.1740301e-34
   6.4125197e+02   1.2899683e-34
   6.4124779e+02   3.8696398e-35
   6.4124361e+02   3.2351403e-35
   6.4123942e+02   1.0078729e-34
   6.4123524e+02   2.9511265e-35
   6.4123106e+02   1.0216181e-33
   6.4122687e+02   1.1055486e-33
   6.4122269e+02   8.1393433e-36
   6.4121851e+02   1.3127509e-34
   6.4121433e+02   2.2141783e-33
   6.4121014e+02   5.9211497e-34
   6.4120596e+02   1.6093943e-34
   6.4120178e+02   6.1088191e-34
   6.4119760e+02   1.5244291e-34
   6.4119341e+02   1.8525619e-33
   6.4118923e+02   1.4147279e-33
   6.4118505e+02   1.6048523e-34
   6.4118087e+02   4.9030448e-34
   6.4117669e+02   5.4611512e-35
   6.4117250e+02   9.5600141e-34
   6.4116832e+02   3.1337332e-34
   6.4116414e+02   2.9881569e-35
   6.4115996e+02   7.0157321e-34
   6.4115578e+02   9.9371846e-35
   6.4115160e+02   1.3165411e-34
   6.4114741e+02   8.2818251e-35
   6.4114323e+02   1.7810407e-34
   6.4113905e+02   2.8433363e-34
   6.4113487e+02   1.6845427e-34
   6.4113069e+02   3.1168537e-35
   6.4112651e+02   7.3331849e-35
   6.4112232e+02   7.5014471e-34
   6.4111814e+02   3.9768974e-35
   6.4111396e+02   3.2749503e-34
   6.4110978e+02   3.7203765e-34
   6.4110560e+02   3.9232437e-35
   6.4110142e+02   1.9705485e-34
   6.4109724e+02   2.2624005e-34
   6.4109306e+02   3.6912359e-34
   6.4108888e+02   1.2452016e-34
   6.4108470e+02   1.4887807e-34
   6.4108051e+02   5.5171009e-34
   6.4107633e+02   1.0695165e-33
   6.4107215e+02   8.1335734e-34
   6.4106797e+02   9.9432036e-35
   6.4106379e+02   5.3775049e-34
   6.4105961e+02   5.7882312e-35
   6.4105543e+02   1.7311769e-34
   6.4105125e+02   8.3676236e-37
   6.4104707e+02   2.2977290e-34
   6.4104289e+02   3.5194391e-34
   6.4103871e+02   2.1563258e-34
   6.4103453e+02   5.4669706e-36
   6.4103035e+02   2.7049076e-34
   6.4102617e+02   3.1235127e-34
   6.4102199e+02   2.6043476e-35
   6.4101781e+02   3.9298618e-35
   6.4101363e+02   8.2552397e-35
   6.4100945e+02   2.8518713e-35
   6.4100527e+02   3.6925700e-35
   6.4100109e+02   2.4685970e-34
   6.4099691e+02   9.9808815e-36
   6.4099273e+02   2.2812546e-34
   6.4098855e+02   1.4458860e-34
   6.4098437e+02   1.2929891e-34
   6.4098019e+02   9.5391078e-35
   6.4097601e+02   2.3215147e-34
   6.4097183e+02   2.1745989e-34
   6.4096765e+02   3.5378914e-34
   6.4096348e+02   2.0121809e-34
   6.4095930e+02   1.5043444e-34
   6.4095512e+02   6.3870296e-34
   6.4095094e+02   2.6818804e-34
   6.4094676e+02   8.5062985e-35
   6.4094258e+02   5.3114595e-34
   6.4093840e+02   2.9476981e-34
   6.4093422e+02   1.4421559e-34
   6.4093004e+02   2.9361474e-35
   6.4092586e+02   4.2473189e-34
   6.4092169e+02   4.6067807e-34
   6.4091751e+02   1.8323054e-34
   6.4091333e+02   1.8382745e-34
   6.4090915e+02   1.9625031e-35
   6.4090497e+02   5.0658589e-34
   6.4090079e+02   4.7658571e-34
   6.4089661e+02   2.0865107e-34
   6.4089244e+02   2.0984773e-34
   6.4088826e+02   1.1134896e-34
   6.4088408e+02   2.2849706e-34
   6.4087990e+02   2.0727478e-34
   6.4087572e+02   9.0018848e-35
   6.4087155e+02   1.4031562e-34
   6.4086737e+02   8.7437022e-36
   6.4086319e+02   5.3280298e-35
   6.4085901e+02   1.7532243e-35
   6.4085483e+02   4.4968669e-34
   6.4085066e+02   5.1820316e-35
   6.4084648e+02   1.0572716e-34
   6.4084230e+02   5.6916113e-35
   6.4083812e+02   1.6585823e-35
   6.4083395e+02   1.5880153e-34
   6.4082977e+02   3.9406505e-34
   6.4082559e+02   2.7992791e-35
   6.4082141e+02   1.2310265e-34
   6.4081724e+02   1.2501165e-34
   6.4081306e+02   1.2630539e-34
   6.4080888e+02   2.9082664e-34
   6.4080470e+02   4.8621362e-34
   6.4080053e+02   1.8375812e-34
   6.4079635e+02   4.6213983e-34
   6.4079217e+02   1.9657225e-34
   6.4078800e+02   3.8892602e-35
   6.4078382e+02   4.2499373e-35
   6.4077964e+02   4.2586704e-35
   6.4077547e+02   4.1801415e-34
   6.4077129e+02   2.8433458e-34
   6.4076711e+02   6.7740939e-34
   6.4076294e+02   1.3856174e-34
   6.4075876e+02   2.5545293e-34
   6.4075458e+02   5.4532737e-34
   6.4075041e+02   2.3284614e-34
   6.4074623e+02   2.3246958e-34
   6.4074205e+02   3.2466661e-34
   6.4073788e+02   2.5316151e-34
   6.4073370e+02   1.5588935e-33
   6.4072952e+02   4.3209683e-34
   6.4072535e+02   2.4601205e-34
   6.4072117e+02   1.1360374e-33
   6.4071700e+02   4.3632531e-34
   6.4071282e+02   3.9812089e-35
   6.4070864e+02   1.7402099e-34
   6.4070447e+02   8.4595067e-34
   6.4070029e+02   1.9464854e-33
   6.4069612e+02   1.2094903e-33
   6.4069194e+02   2.9115916e-34
   6.4068777e+02   6.5159483e-35
   6.4068359e+02   1.9812357e-34
   6.4067941e+02   2.1615905e-34
   6.4067524e+02   5.4683192e-34
   6.4067106e+02   3.9680708e-34
   6.4066689e+02   6.6397537e-34
   6.4066271e+02   1.4753898e-33
   6.4065854e+02   5.2106181e-35
   6.4065436e+02   2.8224670e-34
   6.4065019e+02   8.1794937e-35
   6.4064601e+02   2.1592171e-34
   6.4064184e+02   2.3412927e-34
   6.4063766e+02   7.7938315e-34
   6.4063349e+02   6.5722921e-35
   6.4062931e+02   3.7751336e-34
   6.4062514e+02   2.1142558e-34
   6.4062096e+02   3.7210259e-35
   6.4061679e+02   1.3931342e-35
   6.4061261e+02   3.0898896e-35
   6.4060844e+02   1.2113213e-34
   6.4060426e+02   1.2725653e-34
   6.4060009e+02   1.1986239e-34
   6.4059591e+02   1.4806094e-34
   6.4059174e+02   1.0402510e-34
   6.4058757e+02   6.0632043e-35
   6.4058339e+02   5.6603928e-35
   6.4057922e+02   5.6246883e-35
   6.4057504e+02   7.3682585e-34
   6.4057087e+02   1.5500613e-34
   6.4056669e+02   5.7646472e-34
   6.4056252e+02   1.0761500e-34
   6.4055835e+02   2.5546821e-34
   6.4055417e+02   2.5218956e-34
   6.4055000e+02   4.4128582e-34
   6.4054583e+02   2.2748034e-34
   6.4054165e+02   1.6099523e-34
   6.4053748e+02   6.1812124e-34
   6.4053330e+02   1.5846615e-34
   6.4052913e+02   2.4071259e-34
   6.4052496e+02   3.1671917e-34
   6.4052078e+02   2.2702361e-34
   6.4051661e+02   4.6362704e-35
   6.4051244e+02   3.8462744e-35
   6.4050826e+02   1.0725060e-35
   6.4050409e+02   2.7689647e-34
   6.4049992e+02   3.5456342e-34
   6.4049574e+02   7.2118458e-35
   6.4049157e+02   3.7898760e-34
   6.4048740e+02   8.6965976e-35
   6.4048322e+02   2.2435367e-34
   6.4047905e+02   3.3295935e-35
   6.4047488e+02   2.7325258e-35
   6.4047071e+02   6.2803844e-35
   6.4046653e+02   4.6856543e-34
   6.4046236e+02   3.4367946e-34
   6.4045819e+02   7.6075048e-34
   6.4045402e+02   7.8147850e-35
   6.4044984e+02   4.8385102e-35
   6.4044567e+02   8.3790974e-35
   6.4044150e+02   3.2111103e-34
   6.4043733e+02   4.6072144e-35
   6.4043315e+02   5.8950215e-34
   6.4042898e+02   2.4296185e-34
   6.4042481e+02   1.1943582e-34
   6.4042064e+02   2.0325255e-33
   6.4041646e+02   3.0972900e-34
   6.4041229e+02   2.6595454e-34
   6.4040812e+02   1.2837738e-34
   6.4040395e+02   2.3477783e-34
   6.4039978e+02   2.7098043e-34
   6.4039560e+02   7.6426932e-34
   6.4039143e+02   1.0048656e-34
   6.4038726e+02   5.4183182e-34
   6.4038309e+02   7.0232400e-34
   6.4037892e+02   4.8043630e-34
   6.4037475e+02   3.5730618e-34
   6.4037057e+02   1.2894480e-33
   6.4036640e+02   7.1316427e-34
   6.4036223e+02   5.1223919e-34
   6.4035806e+02   3.1412201e-34
   6.4035389e+02   5.7896937e-34
   6.4034972e+02   1.8133473e-34
   6.4034555e+02   2.1733098e-34
   6.4034138e+02   7.9990934e-34
   6.4033720e+02   1.2385269e-34
   6.4033303e+02   2.0301149e-34
   6.4032886e+02   7.0792437e-34
   6.4032469e+02   1.0899086e-33
   6.4032052e+02   8.2543439e-34
   6.4031635e+02   3.0993221e-34
   6.4031218e+02   1.5679498e-34
   6.4030801e+02   5.0851146e-34
   6.4030384e+02   2.6042014e-34
   6.4029967e+02   2.5118228e-33
   6.4029550e+02   2.0991753e-34
   6.4029133e+02   5.9185068e-34
   6.4028716e+02   6.3374021e-34
   6.4028299e+02   4.5746829e-34
   6.4027882e+02   5.0073321e-34
   6.4027464e+02   7.2181987e-35
   6.4027047e+02   8.3908404e-34
   6.4026630e+02   2.6304650e-35
   6.4026213e+02   1.3555729e-33
   6.4025796e+02   1.6162675e-34
   6.4025379e+02   1.9038389e-34
   6.4024962e+02   3.2029158e-35
   6.4024545e+02   4.2729656e-34
   6.4024128e+02   2.1089229e-34
   6.4023711e+02   9.9599017e-35
   6.4023295e+02   3.6877832e-34
   6.4022878e+02   1.2284884e-34
   6.4022461e+02   4.6376246e-34
   6.4022044e+02   1.5400977e-35
   6.4021627e+02   4.2888256e-34
   6.4021210e+02   6.0401452e-35
   6.4020793e+02   5.8198129e-35
   6.4020376e+02   2.9893831e-34
   6.4019959e+02   6.6205863e-34
   6.4019542e+02   3.0085506e-34
   6.4019125e+02   1.2115542e-34
   6.4018708e+02   2.1888156e-34
   6.4018291e+02   3.2479407e-34
   6.4017874e+02   8.9759870e-34
   6.4017457e+02   5.8951241e-34
   6.4017041e+02   1.0480010e-34
   6.4016624e+02   2.5076604e-33
   6.4016207e+02   9.4999271e-34
   6.4015790e+02   1.0828534e-33
   6.4015373e+02   1.9510102e-35
   6.4014956e+02   4.6785128e-34
   6.4014539e+02   1.1852504e-33
   6.4014122e+02   5.0203142e-34
   6.4013706e+02   5.4181659e-33
   6.4013289e+02   2.1729145e-32
   6.4012872e+02   7.3626631e-32
   6.4012455e+02   1.7963220e-31
   6.4012038e+02   5.6332579e-31
   6.4011621e+02   1.5628737e-30
   6.4011205e+02   4.4980978e-30
   6.4010788e+02   1.2791726e-29
   6.4010371e+02   3.5925346e-29
   6.4009954e+02   9.9917202e-29
   6.4009537e+02   2.7570174e-28
   6.4009121e+02   7.5583892e-28
   6.4008704e+02   2.0637576e-27
   6.4008287e+02   5.5922869e-27
   6.4007870e+02   1.5067069e-26
   6.4007454e+02   4.0331818e-26
   6.4007037e+02   1.0721923e-25
   6.4006620e+02   2.8323290e-25
   6.4006203e+02   7.4331748e-25
   6.4005787e+02   1.9379155e-24
   6.4005370e+02   5.0191730e-24
   6.4004953e+02   1.2913277e-23
   6.4004536e+02   3.3000468e-23
   6.4004120e+02   8.3764907e-23
   6.4003703e+02   2.1117279e-22
   6.4003286e+02   5.2871929e-22
   6.4002869e+02   1.3146192e-21
   6.4002453e+02   3.2459222e-21
   6.4002036e+02   7.9582168e-21
   6.4001619e+02   1.9373525e-20
   6.4001203e+02   4.6826582e-20
   6.4000786e+02   1.1236798e-19
   6.4000369e+02   2.6769132e-19
   6.3999953e+02   6.3305690e-19
   6.3999536e+02   1.4860829e-18
   6.3999119e+02   3.4626620e-18
   6.3998703e+02   8.0079042e-18
   6.3998286e+02   1.8379942e-17
   6.3997869e+02   4.1865915e-17
   6.3997453e+02   9.4633062e-17
   6.3997036e+02   2.1225878e-16
   6.3996620e+02   4.7239298e-16
   6.3996203e+02   1.0431115e-15
   6.3995786e+02   2.2851889e-15
   6.3995370e+02   4.9665181e-15
   6.3994953e+02   1.0707670e-14
   6.3994536e+02   2.2899477e-14
   6.3994120e+02   4.8575615e-14
   6.3993703e+02   1.0219928e-13
   6.3993287e+02   2.1324993e-13
   6.3992870e+02   4.4128201e-13
   6.3992454e+02   9.0553396e-13
   6.3992037e+02   1.8425932e-12
   6.3991620e+02   3.7176247e-12
   6.3991204e+02   7.4368381e-12
   6.3990787e+02   1.4749365e-11
   6.3990371e+02   2.8999886e-11
   6.3989954e+02   5.6524036e-11
   6.3989538e+02   1.0920944e-10
   6.3989121e+02   2.0914804e-10
   6.3988705e+02   3.9700034e-10
   6.3988288e+02   7.4687604e-10
   6.3987872e+02   1.3925290e-09
   6.3987455e+02   2.5729773e-09
   6.3987039e+02   4.7110956e-09
   6.3986622e+02   8.5475354e-09
   6.3986206e+02   1.5366401e-08
   6.3985789e+02   2.7371297e-08
   6.3985373e+02   4.8304866e-08
   6.3984956e+02   8.4457750e-08
   6.3984540e+02   1.4629272e-07
   6.3984123e+02   2.5102824e-07
   6.3983707e+02   4.2669928e-07
   6.3983290e+02   7.1846262e-07
   6.3982874e+02   1.1982671e-06
   6.3982458e+02   1.9794988e-06
   6.3982041e+02   3.2388803e-06
   6.3981625e+02   5.2487909e-06
   6.3981208e+02   8.4243416e-06
   6.3980792e+02   1.3391015e-05
   6.3980375e+02   2.1080524e-05
   6.3979959e+02   3.2864737e-05
   6.3979543e+02   5.0740104e-05
   6.3979126e+02   7.7577832e-05
   6.3978710e+02   1.1745806e-04
   6.3978293e+02   1.7610912e-04
   6.3977877e+02   2.6147543e-04
   6.3977461e+02   3.8443895e-04
   6.3977044e+02   5.5971898e-04
   6.3976628e+02   8.0697280e-04
   6.3976212e+02   1.1521138e-03
   6.3975795e+02   1.6288544e-03
   6.3975379e+02   2.2804672e-03
   6.3974962e+02   3.1617377e-03
   6.3974546e+02   4.3410575e-03
   6.3974130e+02   5.9025779e-03
   6.3973713e+02   7.9483107e-03
   6.3973297e+02   1.0600025e-02
   6.3972881e+02   1.4000759e-02
   6.3972465e+02   1.8315735e-02
   6.3972048e+02   2.3732434e-02
   6.3971632e+02   3.0459606e-02
   6.3971216e+02   3.8724965e-02
   6.3970799e+02   4.8771384e-02
   6.3970383e+02   6.0851431e-02
   6.3969967e+02   7.5220193e-02
   6.3969551e+02   9.2126428e-02
   6.3969134e+02   1.1180219e-01
   6.3968718e+02   1.3445124e-01
   6.3968302e+02   1.6023666e-01
   6.3967885e+02   1.8926823e-01
   6.3967469e+02   2.2159022e-01
   6.3967053e+02   2.5717034e-01
   6.3966637e+02   2.9589054e-01
   6.3966221e+02   3.3754051e-01
   6.3965804e+02   3.8181434e-01
   6.3965388e+02   4.2831099e-01
   6.3964972e+02   4.7653880e-01
   6.3964556e+02   5.2592417e-01
   6.3964139e+02   5.7582422e-01
   6.3963723e+02   6.2554303e-01
   6.3963307e+02   6.7435086e-01
   6.3962891e+02   7.2150550e-01
   6.3962475e+02   7.6627474e-01
   6.3962059e+02   8.0795895e-01
   6.3961642e+02   8.4591267e-01
   6.3961226e+02   8.7956426e-01
   6.3960810e+02   9.0843260e-01
   6.3960394e+02   9.3214023e-01
   6.3959978e+02   9.5042239e-01
   6.3959562e+02   9.6313167e-01
   6.3959145e+02   9.7023829e-01
   6.3958729e+02   9.7182625e-01
   6.3958313e+02   9.6808562e-01
   6.3957897e+02   9.5930175e-01
   6.3957481e+02   9.4584189e-01
   6.3957065e+02   9.2814009e-01
   6.3956649e+02   9.0668122e-01
   6.3956233e+02   8.8198461e-01
   6.3955817e+02   8.5458827e-01
   6.3955400e+02   8.2503408e-01
   6.3954984e+02   7.9385450e-01
   6.3954568e+02   7.6156106e-01
   6.3954152e+02   7.2863499e-01
   6.3953736e+02   6.9551985e-01
   6.3953320e+02   6.6261638e-01
   6.3952904e+02   6.3027933e-01
   6.3952488e+02   5.9881608e-01
   6.3952072e+02   5.6848692e-01
   6.3951656e+02   5.3950668e-01
   6.3951240e+02   5.1204742e-01
   6.3950824e+02   4.8624195e-01
   6.3950408e+02   4.6218800e-01
   6.3949992e+02   4.3995257e-01
   6.3949576e+02   4.1957665e-01
   6.3949160e+02   4.0107972e-01
   6.3948744e+02   3.8446425e-01
   6.3948328e+02   3.6971983e-01
   6.3947912e+02   3.5682710e-01
   6.3947496e+02   3.4576116e-01
   6.3947080e+02   3.3649470e-01
   6.3946664e+02   3.2900060e-01
   6.3946248e+02   3.2325416e-01
   6.3945832e+02   3.1923490e-01
   6.3945416e+02   3.1692796e-01
   6.3945000e+02   3.1632503e-01
   6.3944584e+02   3.1742495e-01
   6.3944168e+02   3.2023392e-01
   6.3943752e+02   3.2476525e-01
   6.3943336e+02   3.3103877e-01
   6.3942920e+02   3.3907987e-01
   6.3942504e+02   3.4891801e-01
   6.3942088e+02   3.6058496e-01
   6.3941673e+02   3.7411247e-01
   6.3941257e+02   3.8952958e-01
   6.3940841e+02   4.0685946e-01
   6.3940425e+02   4.2611586e-01
   6.3940009e+02   4.4729912e-01
   6.3939593e+02   4.7039183e-01
   6.3939177e+02   4.9535432e-01
   6.3938761e+02   5.2211989e-01
   6.3938345e+02   5.5059004e-01
   6.3937930e+02   5.8062990e-01
   6.3937514e+02   6.1206396e-01
   6.3937098e+02   6.4467241e-01
   6.3936682e+02   6.7818834e-01
   6.3936266e+02   7.1229604e-01
   6.3935850e+02   7.4663070e-01
   6.3935435e+02   7.8077978e-01
   6.3935019e+02   8.1428628e-01
   6.3934603e+02   8.4665402e-01
   6.3934187e+02   8.7735524e-01
   6.3933771e+02   9.0584023e-01
   6.3933355e+02   9.3154925e-01
   6.3932940e+02   9.5392619e-01
   6.3932524e+02   9.7243388e-01
   6.3932108e+02   9.8657046e-01
   6.3931692e+02   9.9588617e-01
   6.3931277e+02   1.0000000e+00
   6.3930861e+02   9.9861530e-01
   6.3930445e+02   9.9153359e-01
   6.3930029e+02   9.7866585e-01
   6.3929614e+02   9.6004044e-01
   6.3929198e+02   9.3580725e-01
   6.3928782e+02   9.0623744e-01
   6.3928366e+02   8.7171867e-01
   6.3927951e+02   8.3274588e-01
   6.3927535e+02   7.8990775e-01
   6.3927119e+02   7.4386946e-01
   6.3926703e+02   6.9535249e-01
   6.3926288e+02   6.4511232e-01
   6.3925872e+02   5.9391510e-01
   6.3925456e+02   5.4251442e-01
   6.3925041e+02   4.9162929e-01
   6.3924625e+02   4.4192420e-01
   6.3924209e+02   3.9399237e-01
   6.3923794e+02   3.4834256e-01
   6.3923378e+02   3.0539009e-01
   6.3922962e+02   2.6545216e-01
   6.3922547e+02   2.2874726e-01
   6.3922131e+02   1.9539860e-01
   6.3921715e+02   1.6544080e-01
   6.3921300e+02   1.3882933e-01
   6.3920884e+02   1.1545192e-01
   6.3920468e+02   9.5141134e-02
   6.3920053e+02   7.7687416e-02
   6.3919637e+02   6.2851858e-02
   6.3919221e+02   5.0378184e-02
   6.3918806e+02   4.0003467e-02
   6.3918390e+02   3.1467276e-02
   6.3917975e+02   2.4519104e-02
   6.3917559e+02   1.8924016e-02
   6.3917143e+02   1.4466599e-02
   6.3916728e+02   1.0953349e-02
   6.3916312e+02   8.2137098e-03
   6.3915897e+02   6.1000036e-03
   6.3915481e+02   4.4864944e-03
   6.3915066e+02   3.2678347e-03
   6.3914650e+02   2.3571117e-03
   6.3914234e+02   1.6836822e-03
   6.3913819e+02   1.1909520e-03
   6.3913403e+02   8.3421570e-04
   6.3912988e+02   5.7864152e-04
   6.3912572e+02   3.9745374e-04
   6.3912157e+02   2.7033938e-04
   6.3911741e+02   1.8208706e-04
   6.3911326e+02   1.2145027e-04
   6.3910910e+02   8.0217913e-05
   6.3910495e+02   5.2468998e-05
   6.3910079e+02   3.3985912e-05
   6.3909664e+02   2.1800537e-05
   6.3909248e+02   1.3848923e-05
   6.3908833e+02   8.7127424e-06
   6.3908417e+02   5.4286806e-06
   6.3908002e+02   3.3500072e-06
   6.3907586e+02   2.0474893e-06
   6.3907171e+02   1.2394680e-06
   6.3906755e+02   7.4319183e-07
   6.3906340e+02   4.4140115e-07
   6.3905925e+02   2.5968610e-07
   6.3905509e+02   1.5134329e-07
   6.3905094e+02   8.7376393e-08
   6.3904678e+02   4.9975760e-08
   6.3904263e+02   2.8318982e-08
   6.3903847e+02   1.5898931e-08
   6.3903432e+02   8.8440261e-09
   6.3903017e+02   4.8746583e-09
   6.3902601e+02   2.6623871e-09
   6.3902186e+02   1.4409613e-09
   6.3901770e+02   7.7287493e-10
   6.3901355e+02   4.1083180e-10
   6.3900940e+02   2.1644089e-10
   6.3900524e+02   1.1302066e-10
   6.3900109e+02   5.8498250e-11
   6.3899693e+02   3.0013587e-11
   6.3899278e+02   1.5265347e-11
   6.3898863e+02   7.6972095e-12
   6.3898447e+02   3.8478844e-12
   6.3898032e+02   1.9072047e-12
   6.3897617e+02   9.3731125e-13
   6.3897201e+02   4.5677933e-13
   6.3896786e+02   2.2074462e-13
   6.3896371e+02   1.0579375e-13
   6.3895955e+02   5.0285323e-14
   6.3895540e+02   2.3706050e-14
   6.3895125e+02   1.1085090e-14
   6.3894710e+02   5.1416999e-15
   6.3894294e+02   2.3658500e-15
   6.3893879e+02   1.0799562e-15
   6.3893464e+02   4.8909028e-16
   6.3893048e+02   2.1976644e-16
   6.3892633e+02   9.7982529e-17
   6.3892218e+02   4.3348720e-17
   6.3891803e+02   1.9031354e-17
   6.3891387e+02   8.2919030e-18
   6.3890972e+02   3.5855447e-18
   6.3890557e+02   1.5388550e-18
   6.3890142e+02   6.5555171e-19
   6.3889726e+02   2.7720943e-19
   6.3889311e+02   1.1636590e-19
   6.3888896e+02   4.8493669e-20
   6.3888481e+02   2.0063676e-20
   6.3888065e+02   8.2418858e-21
   6.3887650e+02   3.3616970e-21
   6.3887235e+02   1.3615373e-21
   6.3886820e+02   5.4760073e-22
   6.3886405e+02   2.1871958e-22
   6.3885989e+02   8.6760552e-23
   6.3885574e+02   3.4181595e-23
   6.3885159e+02   1.3375697e-23
   6.3884744e+02   5.1990249e-24
   6.3884329e+02   2.0073954e-24
   6.3883914e+02   7.6999910e-25
   6.3883498e+02   2.9339762e-25
   6.3883083e+02   1.1107348e-25
   6.3882668e+02   4.1778916e-26
   6.3882253e+02   1.5614309e-26
   6.3881838e+02   5.7996391e-27
   6.3881423e+02   2.1383067e-27
   6.3881008e+02   7.8366398e-28
   6.3880593e+02   2.8529839e-28
   6.3880177e+02   1.0348343e-28
   6.3879762e+02   3.7027975e-29
   6.3879347e+02   1.3401006e-29
   6.3878932e+02   4.6743322e-30
   6.3878517e+02   1.6210350e-30
   6.3878102e+02   5.5268508e-31
   6.3877687e+02   1.7562109e-31
   6.3877272e+02   5.5729176e-32
   6.3876857e+02   1.4851699e-32
   6.3876442e+02   2.1025565e-33
   6.3876027e+02   4.4767029e-34
   6.3875612e+02   5.3500259e-34
   6.3875197e+02   1.9443246e-33
   6.3874782e+02   2.5487467e-33
   6.3874366e+02   1.0031660e-33
   6.3873951e+02   1.0681074e-33
   6.3873536e+02   3.1985214e-34
   6.3873121e+02   3.5110446e-34
   6.3872706e+02   6.0211259e-34
   6.3872291e+02   8.6890277e-35
   6.3871876e+02   4.8445732e-34
   6.3871461e+02   1.2354988e-33
   6.3871046e+02   5.7010608e-34
   6.3870631e+02   1.6851109e-34
   6.3870216e+02   1.3909462e-33
   6.3869801e+02   1.9923245e-34
   6.3869386e+02   2.0817591e-33
   6.3868972e+02   6.6168435e-34
   6.3868557e+02   3.2301792e-34
   6.3868142e+02   3.8112928e-33
   6.3867727e+02   9.8714173e-34
   6.3867312e+02   1.6553707e-34
   6.3866897e+02   4.5163025e-34
   6.3866482e+02   6.6887341e-34
   6.3866067e+02   1.1799548e-33
   6.3865652e+02   1.9941097e-33
   6.3865237e+02   5.7924539e-36
   6.3864822e+02   5.8167587e-34
   6.3864407e+02   8.7449675e-35
   6.3863992e+02   2.0814283e-34
   6.3863577e+02   1.3623149e-34
   6.3863163e+02   1.1025134e-34
   6.3862748e+02   5.6462106e-34
   6.3862333e+02   3.8174640e-34
   6.3861918e+02   4.3073884e-34
   6.3861503e+02   3.4712506e-34
   6.3861088e+02   1.2844347e-34
   6.3860673e+02   1.8744651e-35
   6.3860258e+02   4.6310730e-34
   6.3859844e+02   1.0736559e-34
   6.3859429e+02   2.1502812e-35
   6.3859014e+02   8.1844205e-34
   6.3858599e+02   4.1621236e-34
   6.3858184e+02   5.1871679e-34
   6.3857769e+02   5.0171609e-35
   6.3857355e+02   7.6476103e-34
   6.3856940e+02   1.4497339e-34
   6.3856525e+02   1.4516680e-34
   6.3856110e+02   4.7871222e-34
   6.3855695e+02   1.3932744e-33
   6.3855281e+02   1.5845035e-35
   6.3854866e+02   1.1218208e-33
   6.3854451e+02   6.0487089e-34
   6.3854036e+02   5.5678035e-35
   6.3853622e+02   2.6914399e-35
   6.3853207e+02   5.1851389e-34
   6.3852792e+02   4.8462886e-34
   6.3852377e+02   6.3463404e-34
   6.3851963e+02   8.2614740e-34
   6.3851548e+02   8.9015290e-34
   6.3851133e+02   1.4454635e-33
   6.3850718e+02   4.6616874e-34
   6.3850304e+02   2.3867659e-34
   6.3849889e+02   6.4082870e-35
   6.3849474e+02   1.3433248e-34
   6.3849060e+02   7.2231680e-34
   6.3848645e+02   1.4029119e-34
   6.3848230e+02   4.3741426e-34
   6.3847815e+02   6.5506334e-34
   6.3847401e+02   6.5845552e-35
   6.3846986e+02   7.8147123e-34
   6.3846571e+02   2.4502328e-34
   6.3846157e+02   3.3152992e-34
   6.3845742e+02   1.8337900e-33
   6.3845327e+02   1.3162662e-33
   6.3844913e+02   1.0456201e-33
   6.3844498e+02   7.2495313e-34
   6.3844083e+02   7.2299972e-34
   6.3843669e+02   5.0168932e-35
   6.3843254e+02   1.8198242e-34
   6.3842840e+02   7.0907818e-34
   6.3842425e+02   3.1659102e-34
   6.3842010e+02   1.6640602e-34
   6.3841596e+02   9.0641555e-34
   6.3841181e+02   4.6787160e-34
   6.3840767e+02   3.0860376e-34
   6.3840352e+02   4.4062264e-35
   6.3839937e+02   1.2693220e-35
   6.3839523e+02   3.5488187e-34
   6.3839108e+02   1.0181166e-33
   6.3838694e+02   6.8136601e-35
   6.3838279e+02   1.4808023e-35
   6.3837864e+02   5.8333167e-36
   6.3837450e+02   2.5868108e-34
   6.3837035e+02   3.5674552e-34
   6.3836621e+02   1.6327279e-34
   6.3836206e+02   1.0910055e-34
   6.3835792e+02   3.0122663e-34
   6.3835377e+02   5.8366807e-34
   6.3834963e+02   6.4494127e-35
   6.3834548e+02   2.1099029e-34
   6.3834134e+02   1.0722030e-34
   6.3833719e+02   9.1446808e-35
   6.3833305e+02   1.1442332e-35
   6.3832890e+02   2.9741677e-34
   6.3832476e+02   7.8418554e-34
   6.3832061e+02   3.3439878e-34
   6.3831647e+02   3.1278757e-34
   6.3831232e+02   2.5688186e-34
   6.3830818e+02   5.1752447e-34
   6.3830403e+02   2.3600720e-34
   6.3829989e+02   3.2548552e-34
   6.3829574e+02   3.6373671e-34
   6.3829160e+02   3.7305371e-34
   6.3828746e+02   2.1529794e-34
   6.3828331e+02   1.6591320e-35
   6.3827917e+02   1.2169698e-34
   6.3827502e+02   5.9653015e-34
   6.3827088e+02   3.0737329e-34
   6.3826673e+02   2.6628700e-34
   6.3826259e+02   2.0892567e-34
   6.3825845e+02   1.9161230e-34
   6.3825430e+02   1.2306218e-34
   6.3825016e+02   4.6099907e-34
   6.3824601e+02   5.2777759e-34
   6.3824187e+02   1.4282352e-34
   6.3823773e+02   3.5963893e-34
   6.3823358e+02   1.3815168e-34
   6.3822944e+02   4.0212136e-34
   6.3822530e+02   2.0369498e-35
   6.3822115e+02   2.4948318e-34
   6.3821701e+02   4.4481355e-34
   6.3821286e+02   3.9596128e-34
   6.3820872e+02   6.3939432e-35
   6.3820458e+02   6.3880244e-34
   6.3820043e+02   3.6918333e-35
   6.3819629e+02   3.0382216e-34
   6.3819215e+02   8.9879928e-34
   6.3818801e+02   4.7811961e-34
   6.3818386e+02   1.6885218e-34
   6.3817972e+02   2.0484077e-34
   6.3817558e+02   1.6228953e-34
   6.3817143e+02   1.3231922e-34
   6.3816729e+02   1.5354223e-34
   6.3816315e+02   1.6395947e-36
   6.3815900e+02   2.3689011e-34
   6.3815486e+02   3.8109663e-34
   6.3815072e+02   5.6723684e-34
   6.3814658e+02   9.8197404e-35
   6.3814243e+02   4.8074148e-34
   6.3813829e+02   1.2134187e-34
   6.3813415e+02   1.0184614e-34
   6.3813001e+02   2.1762169e-34
   6.3812586e+02   6.7594300e-34
   6.3812172e+02   8.5939744e-35
   6.3811758e+02   3.5915510e-34
   6.3811344e+02   2.3529471e-34
   6.3810930e+02   3.6750820e-34
   6.3810515e+02   4.8231723e-34
   6.3810101e+02   1.1855647e-34
   6.3809687e+02   9.3958149e-35
   6.3809273e+02   7.4846712e-35
   6.3808859e+02   3.0325999e-34
   6.3808444e+02   3.8044411e-34
   6.3808030e+02   3.3659205e-34
   6.3807616e+02   5.9421285e-35
   6.3807202e+02   6.9058919e-34
   6.3806788e+02   1.6403065e-34
   6.3806374e+02   7.3611654e-35
   6.3805959e+02   3.0294242e-34
   6.3805545e+02   1.3275510e-34
   6.3805131e+02   3.6622290e-34
   6.3804717e+02   3.2263440e-34
   6.3804303e+02   5.8554152e-35
   6.3803889e+02   2.6682094e-34
   6.3803475e+02   8.1972697e-35
   6.3803061e+02   3.3322047e-34
   6.3802646e+02   2.5549353e-35
   6.3802232e+02   3.3778869e-34
   6.3801818e+02   3.2020572e-34
   6.3801404e+02   2.6164426e-34
   6.3800990e+02   1.5533100e-34
   6.3800576e+02   2.0805241e-34
   6.3800162e+02   7.8297295e-34
   6.3799748e+02   8.5078522e-36
   6.3799334e+02   4.6950654e-34
   6.3798920e+02   8.5636368e-35
   6.3798506e+02   2.2768854e-34
   6.3798092e+02   3.2741409e-34
   6.3797678e+02   4.3013677e-34
   6.3797264e+02   6.6668580e-36
   6.3796850e+02   6.2955667e-34
   6.3796436e+02   1.2239838e-35
   6.3796022e+02   1.5587436e-35
   6.3795608e+02   3.2108960e-34
   6.3795194e+02   4.7828129e-34
   6.3794780e+02   5.0358043e-34
   6.3794366e+02   1.8898997e-34
   6.3793952e+02   3.0881817e-35
   6.3793538e+02   1.0742353e-33
   6.3793124e+02   1.1851665e-34
   6.3792710e+02   1.1048365e-35
   6.3792296e+02   2.0204089e-34
   6.3791882e+02   6.5052351e-34
   6.3791468e+02   1.8038054e-34
   6.3791054e+02   3.5564052e-34
   6.3790640e+02   1.0817232e-35
   6.3790226e+02   2.6402076e-34
   6.3789812e+02   3.1387556e-34
   6.3789398e+02   5.6368968e-34
   6.3788984e+02   9.4228485e-35
   6.3788570e+02   2.9511710e-35
   6.3788156e+02   2.3421452e-34
   6.3787742e+02   2.8034915e-34
   6.3787328e+02   6.4076241e-35
   6.3786915e+02   1.0898070e-33
   6.3786501e+02   3.4404098e-34
   6.3786087e+02   2.9674272e-34
   6.3785673e+02   4.7447091e-35
   6.3785259e+02   7.9594733e-35
   6.3784845e+02   3.6232432e-34
   6.3784431e+02   8.5553004e-35
   6.3784017e+02   3.1357917e-34
   6.3783604e+02   2.4683301e-34
   6.3783190e+02   1.9488785e-34
   6.3782776e+02   1.6067412e-34
   6.3782362e+02   1.8089369e-34
   6.3781948e+02   2.1196700e-34
   6.3781534e+02   5.7500056e-36
   6.3781120e+02   1.2205375e-34
   6.3780707e+02   9.5586599e-34
   6.3780293e+02   7.2924483e-36
   6.3779879e+02   6.8381650e-35
   6.3779465e+02   4.3405833e-34
   6.3779051e+02   4.1726305e-34
   6.3778638e+02   6.1415372e-34
   6.3778224e+02   2.4322574e-34
   6.3777810e+02   1.5745841e-35
   6.3777396e+02   2.8603555e-34
   6.3776983e+02   6.2601073e-35
   6.3776569e+02   5.3473667e-35
   6.3776155e+02   1.1113405e-33
   6.3775741e+02   2.5112734e-34
   6.3775328e+02   1.8183465e-35
   6.3774914e+02   2.1683217e-34
   6.3774500e+02   6.6848856e-34
   6.3774086e+02   1.5796411e-35
   6.3773673e+02   9.6987232e-34
   6.3773259e+02   3.5387072e-34
   6.3772845e+02   1.3291324e-34
   6.3772431e+02   8.6126243e-35
   6.3772018e+02   6.9625289e-35
   6.3771604e+02   4.4161822e-35
   6.3771190e+02   2.0817293e-34
   6.3770777e+02   1.4774237e-34
   6.3770363e+02   5.3553228e-34
   6.3769949e+02   5.3219266e-34
   6.3769536e+02   2.5942511e-35
   6.3769122e+02   3.9330612e-34
   6.3768708e+02   2.5750882e-34
   6.3768295e+02   3.6614301e-34
   6.3767881e+02   2.2577122e-34
   6.3767467e+02   5.1814637e-35
   6.3767054e+02   4.1690734e-34
   6.3766640e+02   1.7347015e-35
   6.3766226e+02   1.1680619e-34
   6.3765813e+02   1.5277019e-34
   6.3765399e+02   6.6756960e-34
   6.3764986e+02   3.0848382e-34
   6.3764572e+02   1.6103656e-34
   6.3764158e+02   3.4380384e-34
   6.3763745e+02   8.0853831e-35
   6.3763331e+02   2.4225529e-35
   6.3762918e+02   7.0991107e-34
   6.3762504e+02   5.1742642e-35
   6.3762090e+02   6.7768367e-35
   6.3761677e+02   2.2459230e-35
   6.3761263e+02   1.5335860e-33
   6.3760850e+02   4.3947852e-34
   6.3760436e+02   7.1438678e-34
   6.3760023e+02   3.3163248e-34
   6.3759609e+02   1.1858731e-34
   6.3759195e+02   1.0324663e-35
   6.3758782e+02   3.3982652e-34
   6.3758368e+02   2.9276848e-34
   6.3757955e+02   2.1787861e-34
   6.3757541e+02   4.5884512e-34
   6.3757128e+02   1.9773266e-34
   6.3756714e+02   5.1109472e-34
   6.3756301e+02   9.5581667e-35
   6.3755887e+02   4.0661422e-34
   6.3755474e+02   3.2277225e-34
   6.3755060e+02   2.0324895e-34
   6.3754647e+02   1.2843293e-34
   6.3754233e+02   2.0078213e-34
   6.3753820e+02   4.5100603e-34
   6.3753406e+02   9.7040721e-34
   6.3752993e+02   3.5785547e-34
   6.3752580e+02   1.2173227e-34
   6.3752166e+02   6.9674383e-35
   6.3751753e+02   1.6359816e-34
   6.3751339e+02   8.8707739e-35
   6.3750926e+02   8.8829758e-34
   6.3750512e+02   3.9192234e-34
   6.3750099e+02   1.1784629e-33
   6.3749686e+02   3.8870534e-34
   6.3749272e+02   9.9245257e-34
   6.3748859e+02   4.0758337e-34
   6.3748445e+02   1.2939524e-34
   6.3748032e+02   1.5740133e-33
   6.3747619e+02   6.9902696e-34
   6.3747205e+02   6.3043914e-34
   6.3746792e+02   6.7812498e-35
   6.3746378e+02   6.5997573e-34
   6.3745965e+02   1.0596537e-33
   6.3745552e+02   9.5311039e-34
   6.3745138e+02   1.0463914e-34
   6.3744725e+02   7.2975949e-34
   6.3744312e+02   9.5456904e-34
   6.3743898e+02   2.7722467e-34
   6.3743485e+02   6.8490117e-34
   6.3743072e+02   1.0650644e-33
   6.3742658e+02   4.0275519e-34
   6.3742245e+02   3.4586369e-34
   6.3741832e+02   1.8227120e-33
   6.3741418e+02   6.4674711e-34
   6.3741005e+02   1.9174680e-33
   6.3740592e+02   4.1779203e-34
   6.3740178e+02   5.6139260e-34
   6.3739765e+02   1.1780275e-33
   6.3739352e+02   1.0524896e-33
   6.3738939e+02   3.4502943e-34
   6.3738525e+02   9.8118458e-34
   6.3738112e+02   3.4101692e-34
   6.3737699e+02   4.0830720e-34
