   6.3640560e+02   1.4606061e-04
   6.3641356e+02   4.8270650e-04
   6.3642152e+02   5.3068055e-04
   6.3642948e+02   4.2362658e-04
   6.3643744e+02   1.4592618e-04
   6.3644538e+02   1.4597652e-04
   6.3645334e+02   1.4602695e-04
   6.3646130e+02   1.4607741e-04
   6.3646926e+02   1.4612788e-04
   6.3647722e+02   1.4617837e-04
   6.3648518e+02   1.4589255e-04
   6.3649314e+02   1.4594296e-04
   6.3650110e+02   1.4599338e-04
   6.3650906e+02   1.4604382e-04
   6.3651702e+02   1.4609428e-04
   6.3652496e+02   1.4614468e-04
   6.3653292e+02   3.0614913e-04
   6.3654088e+02   2.6126609e-04
   6.3654884e+02   1.4595974e-04
   6.3655680e+02   1.4601017e-04
   6.3656476e+02   1.4606061e-04
   6.3657272e+02   1.4611108e-04
   6.3658068e+02   1.4616156e-04
   6.3658864e+02   1.4621206e-04
   6.3659660e+02   2.0050870e-04
   6.3660454e+02   1.4597652e-04
   6.3661250e+02   1.4602695e-04
   6.3662046e+02   1.4607741e-04
   6.3662842e+02   1.4612788e-04
   6.3663638e+02   1.4617837e-04
   6.3664434e+02   1.4622887e-04
   6.3665230e+02   1.4594296e-04
   6.3666026e+02   1.4599338e-04
   6.3666822e+02   1.4604382e-04
   6.3667616e+02   1.4609420e-04
   6.3668412e+02   1.4614468e-04
   6.3669208e+02   1.4619517e-04
   6.3670004e+02   1.4624568e-04
   6.3670800e+02   1.4629621e-04
   6.3671596e+02   1.4601017e-04
   6.3672392e+02   1.4606061e-04
   6.3673188e+02   1.4611108e-04
   6.3673984e+02   1.6249244e-04
   6.3674780e+02   1.4621206e-04
   6.3675574e+02   1.4626250e-04
   6.3676370e+02   1.4597652e-04
   6.3677166e+02   1.4602695e-04
   6.3677962e+02   1.4607741e-04
   6.3678758e+02   1.4612788e-04
   6.3679554e+02   1.4617178e-04
   6.3680350e+02   1.4621569e-04
   6.3681146e+02   1.4625962e-04
   6.3681942e+02   1.4630356e-04
   6.3682737e+02   1.4601085e-04
   6.3683532e+02   1.4605472e-04
   6.3684328e+02   1.4609859e-04
   6.3685124e+02   1.4614249e-04
   6.3685920e+02   1.4618639e-04
   6.3686716e+02   1.4623031e-04
   6.3687512e+02   1.4627424e-04
   6.3688308e+02   1.4598166e-04
   6.3689104e+02   1.4602552e-04
   6.3689900e+02   1.4606939e-04
   6.3690695e+02   1.4611320e-04
   6.3691490e+02   1.4615710e-04
   6.3692286e+02   1.4620100e-04
   6.3693082e+02   1.4624493e-04
   6.3693878e+02   1.4628886e-04
   6.3694674e+02   1.4599626e-04
   6.3695470e+02   1.4604012e-04
   6.3696266e+02   1.4608399e-04
   6.3697062e+02   1.4612788e-04
   6.3697858e+02   1.4617837e-04
   6.3698653e+02   1.4622879e-04
   6.3699449e+02   1.4627932e-04
   6.3700244e+02   1.4599331e-04
   6.3701040e+02   1.4604375e-04
   6.3701836e+02   1.4609421e-04
   6.3702632e+02   1.4614469e-04
   6.3703428e+02   1.4619519e-04
   6.3704224e+02   1.4624570e-04
   6.3705020e+02   1.4629623e-04
   6.3705815e+02   1.8508999e-04
   6.3706611e+02   4.0788051e-04
   6.3707407e+02   4.4430683e-04
   6.3708202e+02   4.4038550e-04
   6.3708998e+02   1.4621201e-04
   6.3709794e+02   1.4626253e-04
   6.3710590e+02   1.4631306e-04
   6.3711386e+02   1.4602699e-04
   6.3712182e+02   1.4607745e-04
   6.3712978e+02   3.6452993e-04
   6.3713773e+02   1.6667981e-04
   6.3714569e+02   1.4622883e-04
   6.3715365e+02   1.4627936e-04
   6.3716160e+02   1.4632990e-04
   6.3716956e+02   1.4604379e-04
   6.3717752e+02   1.4609425e-04
   6.3718548e+02   1.4614473e-04
   6.3719344e+02   1.4619523e-04
   6.3720140e+02   1.4624574e-04
   6.3720936e+02   1.4629627e-04
   6.3721731e+02   1.4634674e-04
   6.3722527e+02   1.4639730e-04
   6.3723323e+02   1.4611107e-04
   6.3724118e+02   1.4616155e-04
   6.3724914e+02   1.4621205e-04
   6.3725710e+02   1.4626257e-04
   6.3726506e+02   1.4631311e-04
   6.3727302e+02   1.4636366e-04
   6.3728098e+02   1.4607749e-04
   6.3728893e+02   1.4612788e-04
   6.3729689e+02   1.4617178e-04
   6.3730485e+02   1.4621569e-04
   6.3731281e+02   1.4625962e-04
   6.3732076e+02   1.4630356e-04
   6.3732872e+02   1.4634751e-04
   6.3733668e+02   1.4639148e-04
   6.3734464e+02   1.4609867e-04
   6.3735260e+02   1.4614256e-04
   6.3736056e+02   1.4618646e-04
   6.3736851e+02   1.4623031e-04
   6.3737647e+02   1.4627424e-04
   6.3738443e+02   1.4631818e-04
   6.3739239e+02   1.4636214e-04
   6.3740034e+02   1.4606939e-04
   6.3740830e+02   1.4611327e-04
   6.3741626e+02   1.4615717e-04
   6.3742422e+02   1.4620108e-04
   6.3743218e+02   1.4624500e-04
   6.3744013e+02   1.4628886e-04
   6.3744809e+02   1.4599626e-04
   6.3745605e+02   1.4604012e-04
   6.3746401e+02   1.4608399e-04
   6.3747197e+02   1.4612788e-04
   6.3747992e+02   1.4618047e-04
   6.3748788e+02   1.4623308e-04
   6.3749584e+02   1.4628571e-04
   6.3750380e+02   1.4633836e-04
   6.3751176e+02   1.4605433e-04
   6.3751971e+02   1.4610681e-04
   6.3752767e+02   1.4615940e-04
   6.3753563e+02   1.4621200e-04
   6.3754359e+02   1.5105645e-04
   6.3755155e+02   2.1052107e-04
   6.3755951e+02   1.4636992e-04
   6.3756746e+02   1.4608584e-04
   6.3757542e+02   1.4613841e-04
   6.3758338e+02   1.4619101e-04
   6.3759134e+02   1.4624362e-04
   6.3759929e+02   1.4629617e-04
   6.3760725e+02   1.4634882e-04
   6.3761521e+02   1.4640149e-04
   6.3762317e+02   1.4611734e-04
   6.3763113e+02   1.4616993e-04
   6.3763909e+02   1.4622254e-04
   6.3764704e+02   1.4627516e-04
   6.3765500e+02   1.4632781e-04
   6.3766296e+02   1.4638047e-04
   6.3767091e+02   1.4643307e-04
   6.3767887e+02   1.4614886e-04
   6.3768683e+02   1.4620146e-04
   6.3769479e+02   1.4625408e-04
   6.3770275e+02   1.4630671e-04
   6.3771071e+02   1.4635937e-04
   6.3771867e+02   1.4641204e-04
   6.3772662e+02   1.4612788e-04
   6.3773458e+02   1.4617178e-04
   6.3774254e+02   1.4621570e-04
   6.3775049e+02   1.4625956e-04
   6.3775845e+02   1.4630350e-04
   6.3776641e+02   1.4634746e-04
   6.3777437e+02   1.4639143e-04
   6.3778233e+02   1.4643541e-04
   6.3779029e+02   1.4614251e-04
   6.3779825e+02   1.4618642e-04
   6.3780620e+02   1.4623034e-04
   6.3781416e+02   1.4627427e-04
   6.3782212e+02   1.4631822e-04
   6.3783007e+02   1.4636211e-04
   6.3783803e+02   1.4606936e-04
   6.3784599e+02   1.4611325e-04
   6.3785395e+02   1.4615714e-04
   6.3786191e+02   1.4620106e-04
   6.3786987e+02   1.4624498e-04
   6.3787783e+02   1.4628892e-04
   6.3788578e+02   1.4633287e-04
   6.3789374e+02   1.4637684e-04
   6.3790169e+02   1.4608399e-04
   6.3790965e+02   1.4612788e-04
   6.3791761e+02   1.4614317e-04
   6.3792557e+02   1.4615847e-04
   6.3793353e+02   1.4617377e-04
   6.3794149e+02   1.4618908e-04
   6.3794945e+02   1.4586812e-04
   6.3795741e+02   1.4588339e-04
   6.3796536e+02   1.4589866e-04
   6.3797332e+02   1.4591393e-04
   6.3798127e+02   1.4592918e-04
   6.3798923e+02   1.4594446e-04
   6.3799719e+02   1.4595974e-04
   6.3800515e+02   1.4597502e-04
   6.3801311e+02   1.4565453e-04
   6.3802107e+02   1.4566978e-04
   6.3802903e+02   1.4568503e-04
   6.3803699e+02   1.4570028e-04
   6.3804494e+02   1.4571553e-04
   6.3805289e+02   1.4573076e-04
   6.3806085e+02   1.4541081e-04
   6.3806881e+02   1.4542603e-04
   6.3807677e+02   1.4544126e-04
   6.3808473e+02   1.4545648e-04
   6.3809269e+02   1.4547171e-04
   6.3810065e+02   2.4033886e-04
   6.3810861e+02   2.3435243e-04
   6.3811657e+02   2.6479813e-04
   6.3812453e+02   2.2282319e-04
   6.3813247e+02   1.9231173e-04
   6.3814043e+02   1.8925669e-04
   6.3814839e+02   1.4524350e-04
   6.3815635e+02   1.4525870e-04
   6.3816431e+02   1.4527391e-04
   6.3817227e+02   1.4495496e-04
   6.3818023e+02   1.4497013e-04
   6.3818819e+02   4.4393971e-04
   6.3819615e+02   4.9132568e-04
   6.3820411e+02   1.4501567e-04
   6.3821205e+02   1.4503082e-04
   6.3822001e+02   1.4471241e-04
   6.3822797e+02   1.4472756e-04
   6.3823593e+02   1.4474271e-04
   6.3824389e+02   1.4475786e-04
   6.3825185e+02   1.4477301e-04
   6.3825981e+02   1.4612788e-04
   6.3826777e+02   1.4488969e-04
   6.3827573e+02   1.4499129e-04
   6.3828367e+02   1.4475908e-04
   6.3829163e+02   1.4486058e-04
   6.3829959e+02   1.4496216e-04
   6.3830755e+02   1.4506380e-04
   6.3831551e+02   1.4516552e-04
   6.3832347e+02   1.4526731e-04
   6.3833143e+02   1.4503482e-04
   6.3833939e+02   1.4513652e-04
   6.3834735e+02   1.4523829e-04
   6.3835531e+02   1.4534012e-04
   6.3836325e+02   1.4544187e-04
   6.3837121e+02   1.4554385e-04
   6.3837917e+02   1.4564590e-04
   6.3838713e+02   1.4541282e-04
   6.3839509e+02   1.4551478e-04
   6.3840305e+02   1.4561681e-04
   6.3841101e+02   1.4571891e-04
   6.3841897e+02   1.4582109e-04
   6.3842693e+02   1.4592333e-04
   6.3843489e+02   1.4602565e-04
   6.3844283e+02   1.4612788e-04
   6.3845079e+02   1.4585019e-04
   6.3845875e+02   1.4590862e-04
   6.3846671e+02   1.4596707e-04
   6.3847467e+02   1.4602554e-04
   6.3848263e+02   1.4608404e-04
   6.3849059e+02   1.4614256e-04
   6.3849855e+02   1.4586485e-04
   6.3850651e+02   1.4592328e-04
   6.3851445e+02   1.4598164e-04
   6.3852241e+02   1.4604012e-04
   6.3853037e+02   1.4609862e-04
   6.3853833e+02   1.4615714e-04
   6.3854629e+02   1.4587940e-04
   6.3855425e+02   1.4593784e-04
   6.3856221e+02   1.4599630e-04
   6.3857017e+02   1.4605479e-04
   6.3857813e+02   1.4611329e-04
   6.3858609e+02   1.4617183e-04
   6.3859403e+02   1.4589396e-04
   6.3860199e+02   1.4595241e-04
   6.3860995e+02   1.4601087e-04
   6.3861791e+02   1.4606936e-04
   6.3862587e+02   1.4612788e-04
   6.3863383e+02   1.4617951e-04
   6.3864179e+02   1.4623117e-04
   6.3864975e+02   1.4628284e-04
   6.3865771e+02   1.4599797e-04
   6.3866565e+02   1.4604947e-04
   6.3867361e+02   1.4610108e-04
   6.3868157e+02   1.4615271e-04
   6.3868953e+02   2.0368559e-04
   6.3869749e+02   1.4625602e-04
   6.3870545e+02   1.4597120e-04
   6.3871341e+02   1.4602278e-04
   6.3872137e+02   1.4607438e-04
   6.3872933e+02   1.4612599e-04
   6.3873729e+02   1.4617763e-04
   6.3874523e+02   1.4622920e-04
   6.3875319e+02   1.4628087e-04
   6.3876115e+02   1.4599600e-04
   6.3876911e+02   1.4604759e-04
   6.3877707e+02   1.4609920e-04
   6.3878503e+02   2.2274157e-04
   6.3879299e+02   3.2207329e-04
   6.3880095e+02   3.1340660e-04
   6.3880891e+02   1.4630581e-04
   6.3881687e+02   1.4602090e-04
   6.3882481e+02   1.4607241e-04
   6.3883277e+02   1.4612403e-04
   6.3884073e+02   1.4617566e-04
   6.3884869e+02   1.4622731e-04
   6.3885665e+02   1.4627898e-04
   6.3886461e+02   1.4599412e-04
   6.3887257e+02   1.4604571e-04
   6.3888053e+02   1.4609732e-04
   6.3888849e+02   1.4614894e-04
   6.3889644e+02   1.4620050e-04
   6.3890439e+02   1.4625216e-04
   6.3891235e+02   1.4630384e-04
   6.3892031e+02   1.4601893e-04
   6.3892827e+02   1.4607053e-04
   6.3893623e+02   1.4612214e-04
   6.3894419e+02   1.8615275e-04
   6.3895215e+02   6.9666324e-04
   6.3896011e+02   3.8209938e-04
   6.3896807e+02   1.8764188e-04
   6.3897602e+02   1.4604374e-04
   6.3898397e+02   1.6505793e-04
   6.3899193e+02   4.3031831e-04
   6.3899989e+02   8.8499997e-04
   6.3900785e+02   8.1864703e-04
   6.3901581e+02   5.8243857e-04
   6.3902377e+02   2.4683319e-04
   6.3903173e+02   1.6732352e-04
   6.3903969e+02   2.3211886e-04
   6.3904765e+02   1.4617189e-04
   6.3905560e+02   2.5823616e-04
   6.3906355e+02   4.5937831e-04
   6.3907151e+02   5.7454483e-04
   6.3907947e+02   7.1528209e-04
   6.3908743e+02   6.7240477e-04
   6.3909539e+02   8.3711326e-04
   6.3910335e+02   2.0367497e-03
   6.3911131e+02   4.8539030e-03
   6.3911927e+02   1.3373483e-02
   6.3912722e+02   2.0960310e-02
   6.3913518e+02   2.2727473e-02
   6.3914313e+02   2.2217980e-02
   6.3915109e+02   1.9268948e-02
   6.3915905e+02   3.9446770e-02
   6.3916701e+02   5.9315048e-02
   6.3917497e+02   9.7570452e-02
   6.3918293e+02   1.3473231e-01
   6.3919089e+02   1.8307337e-01
   6.3919885e+02   2.1866467e-01
   6.3920680e+02   2.3710014e-01
   6.3921476e+02   2.6551266e-01
   6.3922271e+02   3.0991220e-01
   6.3923067e+02   3.6340601e-01
   6.3923863e+02   4.5555996e-01
   6.3924659e+02   5.4789707e-01
   6.3925455e+02   6.2929229e-01
   6.3926251e+02   6.8549746e-01
   6.3927047e+02   6.8258900e-01
   6.3927842e+02   6.7969249e-01
   6.3928638e+02   7.0059318e-01
   6.3929434e+02   7.4923721e-01
   6.3930230e+02   7.9574290e-01
   6.3931025e+02   7.9969836e-01
   6.3931821e+02   7.7460383e-01
   6.3932617e+02   7.8746829e-01
   6.3933413e+02   8.3634701e-01
   6.3934209e+02   9.0061659e-01
   6.3935005e+02   9.5212371e-01
   6.3935800e+02   9.7016715e-01
   6.3936596e+02   1.0000000e+00
   6.3937392e+02   9.8435881e-01
   6.3938188e+02   7.7500922e-01
   6.3938983e+02   5.9766841e-01
   6.3939779e+02   3.7206065e-01
   6.3940575e+02   3.4022574e-01
   6.3941371e+02   3.7750317e-01
   6.3942167e+02   4.6459448e-01
   6.3942963e+02   5.0260578e-01
   6.3943758e+02   4.7139032e-01
   6.3944554e+02   3.8952389e-01
   6.3945350e+02   3.0386979e-01
   6.3946146e+02   2.8962828e-01
   6.3946941e+02   3.3265526e-01
   6.3947737e+02   3.9824271e-01
   6.3948533e+02   4.1524200e-01
   6.3949329e+02   3.8058766e-01
   6.3950125e+02   3.1449094e-01
   6.3950920e+02   3.2416142e-01
   6.3951716e+02   4.4659593e-01
   6.3952512e+02   6.6079720e-01
   6.3953308e+02   7.8744753e-01
   6.3954104e+02   8.3056775e-01
   6.3954899e+02   7.8982067e-01
   6.3955695e+02   7.5280402e-01
   6.3956491e+02   7.3423548e-01
   6.3957287e+02   7.5160351e-01
   6.3958083e+02   8.3973496e-01
   6.3958878e+02   9.0010966e-01
   6.3959674e+02   8.8195993e-01
   6.3960470e+02   8.0835530e-01
   6.3961266e+02   7.3748930e-01
   6.3962062e+02   6.9009544e-01
   6.3962857e+02   6.3396108e-01
   6.3963653e+02   5.8778166e-01
   6.3964449e+02   5.6541778e-01
   6.3965245e+02   5.0994448e-01
   6.3966041e+02   4.0056807e-01
   6.3966836e+02   3.4027459e-01
   6.3967632e+02   3.3111812e-01
   6.3968428e+02   3.0488523e-01
   6.3969224e+02   2.5839840e-01
   6.3970020e+02   1.4704263e-01
   6.3970815e+02   1.2781938e-01
   6.3971611e+02   1.5912929e-01
   6.3972407e+02   1.3088912e-01
   6.3973203e+02   8.6907447e-02
   6.3973998e+02   6.1689348e-02
   6.3974794e+02   4.7245844e-02
   6.3975590e+02   4.0319677e-02
   6.3976386e+02   3.3164273e-02
   6.3977182e+02   2.4089285e-02
   6.3977978e+02   1.9497429e-02
   6.3978773e+02   1.3369981e-02
   6.3979569e+02   8.0962558e-03
   6.3980365e+02   4.6498362e-03
   6.3981161e+02   3.0732019e-03
   6.3981956e+02   1.8999592e-03
   6.3982752e+02   9.7925931e-04
   6.3983548e+02   8.8726049e-04
   6.3984344e+02   6.9375253e-04
   6.3985140e+02   7.7688729e-04
   6.3985936e+02   7.1864010e-04
   6.3986732e+02   4.6629943e-04
   6.3987527e+02   1.4615656e-04
   6.3988323e+02   4.7094669e-04
   6.3989119e+02   6.1393895e-04
   6.3989914e+02   7.0190506e-04
   6.3990710e+02   7.4204767e-04
   6.3991506e+02   6.2457593e-04
   6.3992302e+02   1.4612976e-04
   6.3993098e+02   1.4618140e-04
   6.3993894e+02   2.9719777e-04
   6.3994690e+02   1.4594828e-04
   6.3995485e+02   1.4599985e-04
   6.3996281e+02   1.4605144e-04
   6.3997076e+02   1.4610297e-04
   6.3997872e+02   1.4615459e-04
   6.3998668e+02   1.4620624e-04
   6.3999464e+02   1.4592152e-04
   6.4000260e+02   1.4597308e-04
   6.4001056e+02   1.4602466e-04
   6.4001852e+02   1.4607626e-04
   6.4002648e+02   1.4612788e-04
   6.4003443e+02   1.4616527e-04
   6.4004239e+02   1.4620268e-04
   6.4005034e+02   1.4590369e-04
   6.4005830e+02   1.4594103e-04
   6.4006626e+02   1.4597838e-04
   6.4007422e+02   1.4601574e-04
   6.4008218e+02   1.4605311e-04
   6.4009014e+02   1.4609049e-04
   6.4009810e+02   1.4579179e-04
   6.4010606e+02   1.4582910e-04
   6.4011401e+02   1.9950571e-04
   6.4012196e+02   2.1382884e-04
   6.4012992e+02   2.8587582e-04
   6.4013788e+02   1.4597838e-04
   6.4014584e+02   1.4567992e-04
   6.4015380e+02   1.4571720e-04
   6.4016176e+02   1.4575449e-04
   6.4016972e+02   1.4579179e-04
   6.4017768e+02   1.4582910e-04
   6.4018564e+02   1.4586642e-04
   6.4019359e+02   1.4590376e-04
   6.4020154e+02   1.4594103e-04
   6.4020950e+02   1.4597838e-04
   6.4021746e+02   1.4567992e-04
   6.4022542e+02   1.4571720e-04
   6.4023338e+02   1.4575449e-04
   6.4024134e+02   1.4579179e-04
   6.4024930e+02   1.4582910e-04
   6.4025726e+02   1.4586642e-04
   6.4026522e+02   2.6550119e-04
   6.4027317e+02   2.2655706e-04
   6.4028112e+02   4.0859077e-04
   6.4028908e+02   1.4601574e-04
   6.4029704e+02   1.4605311e-04
   6.4030500e+02   1.4575449e-04
   6.4031296e+02   1.4579179e-04
   6.4032092e+02   1.4582910e-04
   6.4032888e+02   1.4586642e-04
   6.4033684e+02   1.4590376e-04
   6.4034480e+02   1.4594110e-04
   6.4035274e+02   1.4597838e-04
   6.4036070e+02   1.4601574e-04
   6.4036866e+02   1.4605311e-04
   6.4037662e+02   1.4609049e-04
   6.4038458e+02   1.4612788e-04
   6.4039254e+02   1.4583559e-04
   6.4040050e+02   1.4587940e-04
   6.4040846e+02   1.4592323e-04
   6.4041642e+02   1.4596707e-04
   6.4042438e+02   1.4601092e-04
   6.4043232e+02   1.4605472e-04
   6.4044028e+02   1.4609859e-04
   6.4044824e+02   1.4614249e-04
   6.4045620e+02   1.4618639e-04
   6.4046416e+02   1.4623031e-04
   6.4047212e+02   1.4627424e-04
   6.4048008e+02   1.4598166e-04
   6.4048804e+02   1.4602552e-04
   6.4049600e+02   1.4606939e-04
   6.4050396e+02   1.4611327e-04
   6.4051190e+02   1.4615710e-04
   6.4051986e+02   1.4620100e-04
   6.4052782e+02   1.4624493e-04
   6.4053578e+02   1.4628886e-04
   6.4054374e+02   1.4633281e-04
   6.4055170e+02   1.4637677e-04
   6.4055966e+02   1.4642075e-04
   6.4056762e+02   1.4612788e-04
   6.4057558e+02   1.4615592e-04
   6.4058352e+02   1.4618393e-04
   6.4059148e+02   1.4621199e-04
   6.4059944e+02   1.4624005e-04
   6.4060740e+02   1.4626812e-04
   6.4061536e+02   1.4629619e-04
   6.4062332e+02   1.4632427e-04
   6.4063128e+02   1.4635236e-04
   6.4063924e+02   1.4638045e-04
   6.4064720e+02   1.4607181e-04
   6.4065516e+02   1.7444148e-04
   6.4066310e+02   1.4612784e-04
   6.4067106e+02   1.4615589e-04
   6.4067902e+02   1.4618394e-04
   6.4068698e+02   1.4621200e-04
   6.4069494e+02   1.4624006e-04
   6.4070290e+02   1.4626813e-04
   6.4071086e+02   1.4629620e-04
   6.4071882e+02   1.4632428e-04
   6.4072678e+02   1.4635237e-04
   6.4073472e+02   1.4604375e-04
   6.4074268e+02   1.4607178e-04
   6.4075064e+02   1.4609981e-04
   6.4075860e+02   2.4139763e-04
   6.4076656e+02   1.4615590e-04
   6.4077452e+02   1.4618395e-04
   6.4078248e+02   1.4621201e-04
   6.4079044e+02   1.4624007e-04
   6.4079840e+02   1.4626814e-04
   6.4080636e+02   1.4629622e-04
   6.4081430e+02   1.4632425e-04
   6.4082226e+02   1.4601573e-04
   6.4083022e+02   1.4604376e-04
   6.4083818e+02   1.4607179e-04
   6.4084614e+02   3.2482519e-04
   6.4085410e+02   2.9904259e-04
   6.4086206e+02   1.4615591e-04
   6.4087002e+02   1.4618396e-04
   6.4087798e+02   2.0229404e-04
   6.4088594e+02   1.4624009e-04
   6.4089388e+02   1.4626811e-04
   6.4090184e+02   1.4629618e-04
   6.4090980e+02   1.4598772e-04
   6.4091776e+02   1.4601574e-04
   6.4092572e+02   1.5541146e-04
   6.4093368e+02   1.4607180e-04
   6.4094164e+02   1.4609984e-04
   6.4094960e+02   1.4612788e-04
   6.4095756e+02   1.4615714e-04
   6.4096550e+02   1.4618637e-04
   6.4097346e+02   1.4621565e-04
   6.4098142e+02   1.4624494e-04
   6.4098938e+02   1.4627423e-04
   6.4099734e+02   1.4596703e-04
   6.4100530e+02   1.4599627e-04
   6.4101326e+02   1.4602551e-04
   6.4102122e+02   1.4605476e-04
   6.4102918e+02   1.4608401e-04
   6.4103714e+02   1.4611327e-04
   6.4104509e+02   1.4614249e-04
   6.4105304e+02   1.4617176e-04
   6.4106100e+02   1.4620103e-04
   6.4106896e+02   1.4623032e-04
   6.4107692e+02   1.4625960e-04
   6.4108488e+02   1.4595244e-04
   6.4109284e+02   1.4598167e-04
   6.4110080e+02   1.4601091e-04
   6.4110876e+02   1.4604016e-04
   6.4111672e+02   1.4606941e-04
   6.4112467e+02   1.4609862e-04
   6.4113262e+02   1.4612788e-04
   6.4114058e+02   1.4615714e-04
   6.4114854e+02   1.4585019e-04
   6.4115650e+02   1.4587940e-04
   6.4116446e+02   1.4590862e-04
   6.4117242e+02   1.4593784e-04
   6.4118038e+02   1.4596707e-04
   6.4118834e+02   1.4599630e-04
   6.4119629e+02   1.4602549e-04
   6.4120425e+02   1.4605474e-04
   6.4121220e+02   1.4608399e-04
   6.4122016e+02   1.4611325e-04
   6.4122812e+02   1.4614251e-04
   6.4123608e+02   1.4583559e-04
   6.4124404e+02   1.4586480e-04
   6.4125200e+02   1.4589401e-04
   6.4125996e+02   1.4592323e-04
   6.4126792e+02   1.4595245e-04
   6.4127587e+02   1.4598164e-04
   6.4128383e+02   1.4601087e-04
   6.4129178e+02   1.4604012e-04
   6.4129974e+02   1.4606936e-04
   6.4130770e+02   1.4609862e-04
   6.4131566e+02   1.4612788e-04
   6.4132362e+02   1.4583559e-04
   6.4133158e+02   1.4587940e-04
   6.4133954e+02   1.4592323e-04
   6.4134749e+02   1.4596700e-04
   6.4135545e+02   1.4601085e-04
   6.4136341e+02   1.4605472e-04
   6.4137136e+02   1.4609859e-04
   6.4137932e+02   1.4614249e-04
   6.4138728e+02   1.4618639e-04
   6.4139524e+02   1.4623031e-04
   6.4140320e+02   1.4627424e-04
   6.4141116e+02   1.4598166e-04
   6.4141912e+02   1.4602552e-04
   6.4142707e+02   1.4606932e-04
   6.4143503e+02   1.4611320e-04
   6.4144299e+02   1.4615710e-04
   6.4145094e+02   1.4620100e-04
   6.4145890e+02   1.4624493e-04
   6.4146686e+02   1.4628886e-04
   6.4147482e+02   1.4633281e-04
   6.4148278e+02   1.4637677e-04
   6.4149074e+02   1.4642075e-04
   6.4149870e+02   1.4612788e-04
   6.4150665e+02   1.4615710e-04
   6.4151461e+02   1.4618637e-04
   6.4152257e+02   1.4621565e-04
   6.4153052e+02   1.4624494e-04
   6.4153848e+02   1.4627423e-04
   6.4154644e+02   1.4630352e-04
   6.4155440e+02   1.4633283e-04
   6.4156236e+02   1.4636213e-04
   6.4157032e+02   1.4639145e-04
   6.4157827e+02   1.4642072e-04
   6.4158623e+02   1.4611322e-04
   6.4159419e+02   1.4614249e-04
   6.4160215e+02   1.4617176e-04
   6.4161011e+02   1.4620103e-04
   6.4161806e+02   1.4623032e-04
   6.4162602e+02   1.4625960e-04
   6.4163398e+02   1.4628890e-04
   6.4164194e+02   1.4631820e-04
   6.4164990e+02   1.4634750e-04
   6.4165785e+02   1.4637677e-04
   6.4166581e+02   1.4606936e-04
   6.4167377e+02   1.4609862e-04
   6.4168173e+02   1.4612788e-04
   6.4168969e+02   1.4615673e-04
   6.4169764e+02   1.4618558e-04
   6.4170560e+02   1.4621444e-04
   6.4171356e+02   1.4624331e-04
   6.4172152e+02   1.4627218e-04
   6.4172948e+02   1.4630105e-04
   6.4173743e+02   1.4632989e-04
   6.4174539e+02   1.5538847e-04
   6.4175335e+02   1.8989106e-04
   6.4176131e+02   1.4607982e-04
   6.4176927e+02   2.5390776e-04
   6.4177722e+02   3.3710229e-04
   6.4178518e+02   1.4616636e-04
   6.4179314e+02   1.4619522e-04
   6.4180110e+02   1.4622408e-04
   6.4180905e+02   1.4625290e-04
   6.4181701e+02   1.4628177e-04
   6.4182497e+02   1.4597415e-04
   6.4183293e+02   1.4600296e-04
   6.4184089e+02   1.4603179e-04
   6.4184885e+02   1.4606062e-04
   6.4185680e+02   1.4608945e-04
   6.4186476e+02   1.4611829e-04
   6.4187272e+02   1.4614714e-04
   6.4188068e+02   1.4617599e-04
   6.4188863e+02   1.4620480e-04
   6.4189659e+02   1.4623367e-04
   6.4190455e+02   1.4592614e-04
   6.4191251e+02   1.4595495e-04
   6.4192047e+02   1.4598377e-04
   6.4192843e+02   1.4601259e-04
   6.4193638e+02   1.4604141e-04
   6.4194434e+02   1.4607024e-04
   6.4195230e+02   1.4609908e-04
   6.4196025e+02   1.4612788e-04
   6.4196821e+02   1.4616120e-04
   6.4197617e+02   1.4619453e-04
   6.4198413e+02   1.4622787e-04
   6.4199209e+02   1.4592482e-04
   6.4200005e+02   1.4595810e-04
   6.4200801e+02   1.4599139e-04
   6.4201596e+02   1.4602468e-04
   6.4202392e+02   1.7969057e-04
   6.4203188e+02   1.4710394e-04
   6.4203983e+02   1.4612455e-04
   6.4204779e+02   1.4615787e-04
   6.4205575e+02   1.4619120e-04
   6.4206371e+02   1.4622454e-04
   6.4207167e+02   1.4625788e-04
   6.4207963e+02   1.4595477e-04
   6.4208759e+02   1.4598806e-04
   6.4209554e+02   3.9574584e-04
   6.4210350e+02   2.0114784e-04
   6.4211146e+02   1.4608795e-04
   6.4211941e+02   1.4612121e-04
   6.4212737e+02   1.4615454e-04
   6.4213533e+02   1.4618786e-04
   6.4214329e+02   1.4622120e-04
   6.4215125e+02   1.4625455e-04
   6.4215921e+02   1.8976163e-04
   6.4216717e+02   1.4598473e-04
   6.4217512e+02   1.4601802e-04
   6.4218308e+02   1.4605132e-04
   6.4219103e+02   1.4608457e-04
   6.4219899e+02   1.4611788e-04
   6.4220695e+02   2.8893649e-04
   6.4221491e+02   2.8635279e-04
   6.4222287e+02   1.4621787e-04
   6.4223083e+02   1.4591484e-04
   6.4223879e+02   1.4594812e-04
   6.4224675e+02   1.4598140e-04
   6.4225471e+02   1.4601469e-04
   6.4226266e+02   1.4604799e-04
   6.4227061e+02   1.5797721e-04
   6.4227857e+02   2.0402974e-04
   6.4228653e+02   1.4614787e-04
   6.4229449e+02   1.4618120e-04
   6.4230245e+02   1.4621453e-04
   6.4231041e+02   1.6258840e-04
   6.4231837e+02   1.4594479e-04
   6.4232633e+02   1.4597807e-04
   6.4233429e+02   1.4601136e-04
   6.4234224e+02   1.4604466e-04
   6.4235019e+02   1.7361392e-04
   6.4235815e+02   1.4611122e-04
   6.4236611e+02   1.4614454e-04
   6.4237407e+02   1.4617787e-04
   6.4238203e+02   1.4621120e-04
   6.4238999e+02   1.4624454e-04
   6.4239795e+02   1.4627789e-04
   6.4240591e+02   1.4597474e-04
   6.4241387e+02   1.8296868e-04
   6.4242181e+02   1.4604127e-04
   6.4242977e+02   1.4607458e-04
   6.4243773e+02   1.4610789e-04
   6.4244569e+02   1.4614121e-04
   6.4245365e+02   1.4617453e-04
   6.4246161e+02   1.4620787e-04
   6.4246957e+02   1.4624121e-04
   6.4247753e+02   1.4627456e-04
   6.4248549e+02   1.4630791e-04
   6.4249345e+02   1.4600470e-04
   6.4250139e+02   1.4603794e-04
   6.4250935e+02   1.4607125e-04
   6.4251731e+02   1.4610456e-04
   6.4252527e+02   1.4613787e-04
   6.4253323e+02   1.4617120e-04
   6.4254119e+02   1.4620453e-04
   6.4254915e+02   1.4623787e-04
   6.4255711e+02   1.4627122e-04
   6.4256507e+02   1.4630458e-04
   6.4257301e+02   1.4600132e-04
   6.4258097e+02   1.4603461e-04
   6.4258893e+02   1.4606791e-04
   6.4259689e+02   1.4610122e-04
   6.4260485e+02   1.4613454e-04
   6.4261281e+02   1.4616787e-04
   6.4262077e+02   1.4620120e-04
   6.4262873e+02   1.4623454e-04
   6.4263669e+02   1.4626789e-04
   6.4264465e+02   1.4596476e-04
   6.4265259e+02   1.4599799e-04
   6.4266055e+02   1.4603128e-04
   6.4266851e+02   3.1156232e-04
   6.4267647e+02   4.4324511e-04
   6.4268443e+02   2.8297168e-04
   6.4269239e+02   1.4616453e-04
   6.4270035e+02   1.4619786e-04
   6.4270831e+02   1.4623120e-04
   6.4271627e+02   1.4626455e-04
   6.4272423e+02   1.4629791e-04
   6.4273217e+02   1.4599466e-04
   6.4274013e+02   1.4602795e-04
   6.4274809e+02   1.4606125e-04
   6.4275605e+02   1.4609456e-04
   6.4276401e+02   1.4612788e-04
