   6.4153654e+02   2.9109240e-37
   6.4153235e+02   1.1089239e-05
   6.4152817e+02   2.2265930e-05
   6.4152398e+02   1.1176951e-05
   6.4151979e+02   4.4772906e-36
   6.4151561e+02   1.1265713e-05
   6.4151142e+02   2.2620984e-05
   6.4150723e+02   1.1355540e-05
   6.4150305e+02   3.5131508e-36
   6.4149886e+02   1.1446452e-05
   6.4149468e+02   2.2984638e-05
   6.4149049e+02   1.1538464e-05
   6.4148630e+02   2.3632314e-35
   6.4148212e+02   1.1631595e-05
   6.4147793e+02   2.3357171e-05
   6.4147375e+02   1.1725863e-05
   6.4146956e+02   2.5205208e-35
   6.4146537e+02   1.1821287e-05
   6.4146119e+02   2.3738877e-05
   6.4145700e+02   1.1917886e-05
   6.4145282e+02   8.3067981e-37
   6.4144863e+02   1.2015680e-05
   6.4144445e+02   2.4130061e-05
   6.4144026e+02   1.2114687e-05
   6.4143608e+02   2.3511008e-34
   6.4143189e+02   1.2214929e-05
   6.4142770e+02   2.4531039e-05
   6.4142352e+02   1.2316426e-05
   6.4141933e+02   8.8456186e-35
   6.4141515e+02   1.2419200e-05
   6.4141096e+02   2.4942144e-05
   6.4140678e+02   1.2523271e-05
   6.4140259e+02   6.9753562e-36
   6.4139841e+02   1.2628662e-05
   6.4139422e+02   2.5363720e-05
   6.4139004e+02   1.2735396e-05
   6.4138585e+02   2.2013967e-36
   6.4138167e+02   1.2843495e-05
   6.4137749e+02   2.5796127e-05
   6.4137330e+02   1.2952982e-05
   6.4136912e+02   2.1014057e-38
   6.4136493e+02   1.3063883e-05
   6.4136075e+02   2.6239742e-05
   6.4135656e+02   1.3176221e-05
   6.4135238e+02   6.7478323e-36
   6.4134819e+02   1.3290022e-05
   6.4134401e+02   2.6694957e-05
   6.4133983e+02   1.3405310e-05
   6.4133564e+02   1.2971675e-35
   6.4133146e+02   1.3522113e-05
   6.4132727e+02   2.7162181e-05
   6.4132309e+02   1.3640457e-05
   6.4131891e+02   1.9583039e-36
   6.4131472e+02   1.3760369e-05
   6.4131054e+02   2.7641843e-05
   6.4130635e+02   1.3881877e-05
   6.4130217e+02   7.0701650e-35
   6.4129799e+02   1.4005010e-05
   6.4129380e+02   2.8134391e-05
   6.4128962e+02   1.4129798e-05
   6.4128544e+02   1.0862812e-35
   6.4128125e+02   1.4256269e-05
   6.4127707e+02   2.8640292e-05
   6.4127289e+02   1.4384455e-05
   6.4126870e+02   6.9660929e-36
   6.4126452e+02   1.4514387e-05
   6.4126034e+02   2.9160035e-05
   6.4125615e+02   1.4646097e-05
   6.4125197e+02   2.7276460e-36
   6.4124779e+02   1.4779617e-05
   6.4124361e+02   2.9694133e-05
   6.4123942e+02   1.4914982e-05
   6.4123524e+02   1.5312707e-35
   6.4123106e+02   1.5052224e-05
   6.4122687e+02   3.0243123e-05
   6.4122269e+02   1.5191381e-05
   6.4121851e+02   1.2924169e-35
   6.4121433e+02   1.5332487e-05
   6.4121014e+02   3.0807564e-05
   6.4120596e+02   1.5475579e-05
   6.4120178e+02   1.4341003e-35
   6.4119760e+02   1.5620695e-05
   6.4119341e+02   3.1388048e-05
   6.4118923e+02   1.5767873e-05
   6.4118505e+02   2.4553993e-38
   6.4118087e+02   1.5917153e-05
   6.4117669e+02   3.1985189e-05
   6.4117250e+02   1.6068576e-05
   6.4116832e+02   7.3544447e-35
   6.4116414e+02   1.6222182e-05
   6.4115996e+02   3.2599635e-05
   6.4115578e+02   1.6378015e-05
   6.4115160e+02   1.1821024e-35
   6.4114741e+02   1.6536117e-05
   6.4114323e+02   3.3232065e-05
   6.4113905e+02   1.6696533e-05
   6.4113487e+02   3.5137904e-36
   6.4113069e+02   1.6859309e-05
   6.4112651e+02   3.3883192e-05
   6.4112232e+02   1.7024491e-05
   6.4111814e+02   4.2618535e-36
   6.4111396e+02   1.7192128e-05
   6.4110978e+02   3.4553764e-05
   6.4110560e+02   1.7362269e-05
   6.4110142e+02   3.2904491e-36
   6.4109724e+02   1.7534963e-05
   6.4109306e+02   3.5244569e-05
   6.4108888e+02   1.7710264e-05
   6.4108470e+02   2.2007520e-35
   6.4108051e+02   1.7888223e-05
   6.4107633e+02   3.5956433e-05
   6.4107215e+02   1.8068895e-05
   6.4106797e+02   1.2266498e-36
   6.4106379e+02   1.8252336e-05
   6.4105961e+02   3.6690226e-05
   6.4105543e+02   1.8438604e-05
   6.4105125e+02   2.4443543e-36
   6.4104707e+02   1.8627756e-05
   6.4104289e+02   3.7446865e-05
   6.4103871e+02   1.8819853e-05
   6.4103453e+02   2.1415436e-35
   6.4103035e+02   1.9014957e-05
   6.4102617e+02   3.8227313e-05
   6.4102199e+02   1.9213132e-05
   6.4101781e+02   1.5863346e-35
   6.4101363e+02   1.9414442e-05
   6.4100945e+02   3.9032587e-05
   6.4100527e+02   1.9618954e-05
   6.4100109e+02   7.5123332e-36
   6.4099691e+02   1.9826738e-05
   6.4099273e+02   3.9863758e-05
   6.4098855e+02   2.0037864e-05
   6.4098437e+02   1.3806896e-36
   6.4098019e+02   2.0252405e-05
   6.4097601e+02   4.0721958e-05
   6.4097183e+02   2.0470434e-05
   6.4096765e+02   5.7967383e-36
   6.4096348e+02   2.0692029e-05
   6.4095930e+02   4.1608377e-05
   6.4095512e+02   2.0917269e-05
   6.4095094e+02   2.2978319e-35
   6.4094676e+02   2.1146234e-05
   6.4094258e+02   4.2524278e-05
   6.4093840e+02   2.1379007e-05
   6.4093422e+02   3.0964424e-36
   6.4093004e+02   2.1615674e-05
   6.4092586e+02   4.3470991e-05
   6.4092169e+02   2.1856323e-05
   6.4091751e+02   1.2915559e-36
   6.4091333e+02   2.2101045e-05
   6.4090915e+02   4.4449925e-05
   6.4090497e+02   2.2349933e-05
   6.4090079e+02   6.1152658e-35
   6.4089661e+02   2.2603082e-05
   6.4089244e+02   4.5462570e-05
   6.4088826e+02   2.2860591e-05
   6.4088408e+02   3.2011141e-35
   6.4087990e+02   2.3122562e-05
   6.4087572e+02   4.6510505e-05
   6.4087155e+02   2.3389099e-05
   6.4086737e+02   2.1679411e-35
   6.4086319e+02   2.3660309e-05
   6.4085901e+02   4.7595403e-05
   6.4085483e+02   2.3936304e-05
   6.4085066e+02   5.7114875e-36
   6.4084648e+02   2.4217198e-05
   6.4084230e+02   4.8719037e-05
   6.4083812e+02   2.4503108e-05
   6.4083395e+02   4.6883224e-36
   6.4082977e+02   2.4794155e-05
   6.4082559e+02   4.9883289e-05
   6.4082141e+02   2.5090465e-05
   6.4081724e+02   2.3262963e-35
   6.4081306e+02   2.5392166e-05
   6.4080888e+02   5.1090158e-05
   6.4080470e+02   2.5699390e-05
   6.4080053e+02   2.0516962e-35
   6.4079635e+02   2.6012276e-05
   6.4079217e+02   5.2341770e-05
   6.4078800e+02   2.6330963e-05
   6.4078382e+02   2.6889794e-37
   6.4077964e+02   2.6655598e-05
   6.4077547e+02   5.3640384e-05
   6.4077129e+02   2.6986330e-05
   6.4076711e+02   3.4866289e-35
   6.4076294e+02   2.7323316e-05
   6.4075876e+02   5.4988407e-05
   6.4075458e+02   2.7666715e-05
   6.4075041e+02   2.2262157e-35
   6.4074623e+02   2.8016692e-05
   6.4074205e+02   5.6388402e-05
   6.4073788e+02   2.8373419e-05
   6.4073370e+02   4.9562604e-36
   6.4072952e+02   2.8737071e-05
   6.4072535e+02   5.7843103e-05
   6.4072117e+02   2.9107832e-05
   6.4071700e+02   2.8517838e-36
   6.4071282e+02   2.9485888e-05
   6.4070864e+02   5.9355427e-05
   6.4070447e+02   2.9871436e-05
   6.4070029e+02   1.4745164e-35
   6.4069612e+02   3.0264676e-05
   6.4069194e+02   6.0928492e-05
   6.4068777e+02   3.0665817e-05
   6.4068359e+02   6.0568660e-35
   6.4067941e+02   3.1075074e-05
   6.4067524e+02   6.2565631e-05
   6.4067106e+02   3.1492670e-05
   6.4066689e+02   1.5603032e-35
   6.4066271e+02   3.1918835e-05
   6.4065854e+02   6.4270411e-05
   6.4065436e+02   3.2353808e-05
   6.4065019e+02   3.3335636e-36
   6.4064601e+02   3.2797837e-05
   6.4064184e+02   6.6046654e-05
   6.4063766e+02   3.3251177e-05
   6.4063349e+02   7.5605622e-35
   6.4062931e+02   3.3714094e-05
   6.4062514e+02   6.7898460e-05
   6.4062096e+02   3.4186863e-05
   6.4061679e+02   5.1962131e-35
   6.4061261e+02   3.4669769e-05
   6.4060844e+02   6.9830230e-05
   6.4060426e+02   3.5163107e-05
   6.4060009e+02   3.1586019e-36
   6.4059591e+02   3.5667183e-05
   6.4059174e+02   7.1846694e-05
   6.4058757e+02   3.6182316e-05
   6.4058339e+02   2.3814158e-36
   6.4057922e+02   3.6708836e-05
   6.4057504e+02   7.3952944e-05
   6.4057087e+02   3.7247084e-05
   6.4056669e+02   2.6350029e-35
   6.4056252e+02   3.7797418e-05
   6.4055835e+02   7.6154462e-05
   6.4055417e+02   3.8360205e-05
   6.4055000e+02   2.7242522e-36
   6.4054583e+02   3.8935831e-05
   6.4054165e+02   7.8457164e-05
   6.4053748e+02   3.9524693e-05
   6.4053330e+02   1.4881274e-35
   6.4052913e+02   4.0127208e-05
   6.4052496e+02   8.0867437e-05
   6.4052078e+02   4.0743805e-05
   6.4051661e+02   9.0247506e-38
   6.4051244e+02   4.1374935e-05
   6.4050826e+02   8.3392189e-05
   6.4050409e+02   4.2021064e-05
   6.4049992e+02   5.1722640e-35
   6.4049574e+02   4.2682678e-05
   6.4049157e+02   8.6038900e-05
   6.4048740e+02   4.3360285e-05
   6.4048322e+02   1.2824553e-35
   6.4047905e+02   4.4054411e-05
   6.4047488e+02   8.8815681e-05
   6.4047071e+02   4.4765607e-05
   6.4046653e+02   1.0017182e-37
   6.4046236e+02   4.5494447e-05
   6.4045819e+02   9.1731338e-05
   6.4045402e+02   4.6241528e-05
   6.4044984e+02   1.3293732e-36
   6.4044567e+02   4.7007475e-05
   6.4044150e+02   9.4795450e-05
   6.4043733e+02   4.7792939e-05
   6.4043315e+02   2.8962143e-37
   6.4042898e+02   4.8598600e-05
   6.4042481e+02   9.8018451e-05
   6.4042064e+02   4.9425170e-05
   6.4041646e+02   8.8640745e-36
   6.4041229e+02   5.0273391e-05
   6.4040812e+02   1.0141172e-04
   6.4040395e+02   5.1144040e-05
   6.4039978e+02   1.0629962e-35
   6.4039560e+02   5.2037930e-05
   6.4039143e+02   1.0498771e-04
   6.4038726e+02   5.2955911e-05
   6.4038309e+02   6.5702004e-37
   6.4037892e+02   5.3898874e-05
   6.4037475e+02   1.0876003e-04
   6.4037057e+02   5.4867751e-05
   6.4036640e+02   4.6667911e-34
   6.4036223e+02   5.5863520e-05
   6.4035806e+02   1.1274362e-04
   6.4035389e+02   5.6887206e-05
   6.4034972e+02   1.2595850e-34
   6.4034555e+02   5.7939885e-05
   6.4034138e+02   1.1695489e-04
   6.4033720e+02   5.9022684e-05
   6.4033303e+02   7.0848082e-36
   6.4032886e+02   6.0136790e-05
   6.4032469e+02   1.2141194e-04
   6.4032052e+02   6.1283447e-05
   6.4031635e+02   3.1905310e-36
   6.4031218e+02   6.2463966e-05
   6.4030801e+02   1.2613470e-04
   6.4030384e+02   6.3679723e-05
   6.4029967e+02   2.0676054e-35
   6.4029550e+02   6.4932168e-05
   6.4029133e+02   1.3114525e-04
   6.4028716e+02   6.6222829e-05
   6.4028299e+02   3.8367422e-37
   6.4027882e+02   6.7553313e-05
   6.4027464e+02   1.3646803e-04
   6.4027047e+02   6.8925318e-05
   6.4026630e+02   8.1174138e-35
   6.4026213e+02   7.0340632e-05
   6.4025796e+02   1.4213024e-04
   6.4025379e+02   7.1801148e-05
   6.4024962e+02   2.2099348e-36
   6.4024545e+02   7.3308860e-05
   6.4024128e+02   1.4816214e-04
   6.4023711e+02   7.4865880e-05
   6.4023295e+02   5.1293713e-34
   6.4022878e+02   7.6474442e-05
   6.4022461e+02   1.5459757e-04
   6.4022044e+02   7.8136911e-05
   6.4021627e+02   2.9402092e-35
   6.4021210e+02   7.9855792e-05
   6.4020793e+02   1.6147442e-04
   6.4020376e+02   8.1633743e-05
   6.4019959e+02   8.9049388e-36
   6.4019542e+02   8.3473583e-05
   6.4019125e+02   1.6883528e-04
   6.4018708e+02   8.5378308e-05
   6.4018291e+02   7.1488874e-38
   6.4017874e+02   8.7351103e-05
   6.4017457e+02   1.7672815e-04
   6.4017041e+02   8.9395353e-05
   6.4016624e+02   3.2226399e-35
   6.4016207e+02   9.1514667e-05
   6.4015790e+02   1.8520733e-04
   6.4015373e+02   9.3712890e-05
   6.4014956e+02   4.1936128e-35
   6.4014539e+02   9.5994125e-05
   6.4014122e+02   1.9433446e-04
   6.4013706e+02   9.8362751e-05
   6.4013289e+02   5.9376892e-34
   6.4012872e+02   1.0082345e-04
   6.4012455e+02   2.0417977e-04
   6.4012038e+02   1.0338125e-04
   6.4011621e+02   7.8889165e-36
   6.4011205e+02   1.0604149e-04
   6.4010788e+02   2.1482365e-04
   6.4010371e+02   1.0880996e-04
   6.4009954e+02   4.7885537e-34
   6.4009537e+02   1.1169283e-04
   6.4009121e+02   2.2635845e-04
   6.4008704e+02   1.1469675e-04
   6.4008287e+02   2.1346271e-35
   6.4007870e+02   1.1782888e-04
   6.4007454e+02   2.3889082e-04
   6.4007037e+02   1.2109693e-04
   6.4006620e+02   3.1323633e-36
   6.4006203e+02   1.2450923e-04
   6.4005787e+02   2.5254451e-04
   6.4005370e+02   1.2807477e-04
   6.4004953e+02   2.8697074e-36
   6.4004536e+02   1.3180330e-04
   6.4004120e+02   2.6746391e-04
   6.4003703e+02   1.3570538e-04
   6.4003286e+02   2.0907111e-35
   6.4002869e+02   1.3979246e-04
   6.4002453e+02   2.8381846e-04
   6.4002036e+02   1.4407701e-04
   6.4001619e+02   9.3544411e-35
   6.4001203e+02   1.4857262e-04
   6.4000786e+02   3.0180828e-04
   6.4000369e+02   1.5329409e-04
   6.3999953e+02   7.9471020e-35
   6.3999536e+02   1.5825764e-04
   6.3999119e+02   3.2167134e-04
   6.3998703e+02   1.6348101e-04
   6.3998286e+02   1.3799695e-36
   6.3997869e+02   1.6898368e-04
   6.3997453e+02   3.4369274e-04
   6.3997036e+02   1.7478709e-04
   6.3996620e+02   1.2446792e-34
   6.3996203e+02   1.8091486e-04
   6.3995786e+02   3.6821688e-04
   6.3995370e+02   1.8739311e-04
   6.3994953e+02   8.3102405e-35
   6.3994536e+02   1.9425076e-04
   6.3994120e+02   3.9566353e-04
   6.3993703e+02   2.0151994e-04
   6.3993287e+02   3.2756470e-35
   6.3992870e+02   2.0923642e-04
   6.3992454e+02   4.2654944e-04
   6.3992037e+02   2.1744018e-04
   6.3991620e+02   2.3556126e-36
   6.3991204e+02   2.2617599e-04
   6.3990787e+02   4.6151778e-04
   6.3990371e+02   2.3549415e-04
   6.3989954e+02   1.8306114e-35
   6.3989538e+02   2.4545142e-04
   6.3989121e+02   5.0137892e-04
   6.3988705e+02   2.5611201e-04
   6.3988288e+02   7.6310713e-34
   6.3987872e+02   2.6754889e-04
   6.3987455e+02   5.4716800e-04
   6.3987039e+02   2.7984529e-04
   6.3986622e+02   4.3412130e-35
   6.3986206e+02   2.9309656e-04
   6.3985789e+02   6.0022787e-04
   6.3985373e+02   3.0741245e-04
   6.3984956e+02   7.8315186e-37
   6.3984540e+02   3.2291989e-04
   6.3984123e+02   6.6233129e-04
   6.3983707e+02   3.3976648e-04
   6.3983290e+02   2.5868884e-32
   6.3982874e+02   3.5812481e-04
   6.3982458e+02   7.3586594e-04
   6.3982041e+02   3.7819795e-04
   6.3981625e+02   6.2283639e-33
   6.3981208e+02   4.0022639e-04
   6.3980792e+02   8.2412276e-04
   6.3980375e+02   4.2449698e-04
   6.3979959e+02   1.8147313e-33
   6.3979543e+02   4.5135450e-04
   6.3979126e+02   9.3176121e-04
   6.3978710e+02   4.8121691e-04
   6.3978293e+02   3.8922627e-36
   6.3977877e+02   5.1459551e-04
   6.3977461e+02   1.0655904e-03
   6.3977044e+02   5.5212213e-04
   6.3976628e+02   1.8712645e-33
   6.3976212e+02   5.9458626e-04
   6.3975795e+02   1.2359440e-03
   6.3975379e+02   6.4298657e-04
   6.3974962e+02   1.1325835e-32
   6.3974546e+02   6.9860365e-04
   6.3974130e+02   1.4592413e-03
   6.3973713e+02   7.6310483e-04
   6.3973297e+02   3.0468089e-32
   6.3972881e+02   8.3869855e-04
   6.3972465e+02   1.7630964e-03
   6.3972048e+02   9.2836729e-04
   6.3971632e+02   1.2583582e-35
   6.3971216e+02   1.0362292e-03
   6.3970799e+02   2.1974318e-03
   6.3970383e+02   1.1681176e-03
   6.3969967e+02   1.4128608e-31
   6.3969551e+02   1.3325444e-03
   6.3969134e+02   2.8614792e-03
   6.3968718e+02   1.5423701e-03
   6.3968302e+02   4.1020077e-32
   6.3967885e+02   1.8178443e-03
   6.3967469e+02   3.9797733e-03
   6.3967053e+02   2.1924531e-03
   6.3966637e+02   4.5258749e-22
   6.3966221e+02   2.7248240e-03
   6.3965804e+02   6.1621526e-03
   6.3965388e+02   3.5236657e-03
   6.3964972e+02   1.8401621e-10
   6.3964556e+02   4.7919036e-03
   6.3964139e+02   1.1335252e-02
   6.3963723e+02   6.5248692e-03
   6.3963307e+02   1.2574321e-03
   6.3962891e+02   2.4713532e-02
   6.3962475e+02   7.5973527e-02
   6.3962059e+02   1.0864197e-01
   6.3961642e+02   8.8779027e-02
   6.3961226e+02   4.9042152e-02
   6.3960810e+02   5.1792553e-02
   6.3960394e+02   1.0473343e-01
   6.3959978e+02   1.4779395e-01
   6.3959562e+02   1.2972154e-01
   6.3959145e+02   6.7662763e-02
   6.3958729e+02   1.6220063e-02
   6.3958313e+02   1.1648198e-03
   6.3957897e+02   5.4295970e-03
   6.3957481e+02   6.4986439e-03
   6.3957065e+02   2.1655286e-03
   6.3956649e+02   3.1085980e-08
   6.3956233e+02   1.0797630e-03
   6.3955817e+02   1.5423205e-03
   6.3955400e+02   5.5390287e-04
   6.3954984e+02   3.1538509e-13
   6.3954568e+02   2.8186997e-04
   6.3954152e+02   3.9369241e-04
   6.3953736e+02   1.3394487e-04
   6.3953320e+02   3.1894598e-18
   6.3952904e+02   5.4229211e-05
   6.3952488e+02   6.1549042e-05
   6.3952072e+02   1.5301505e-05
   6.3951656e+02   3.4029367e-24
   6.3951240e+02   2.6921299e-06
   6.3950824e+02   7.2133657e-06
   6.3950408e+02   8.4329915e-06
   6.3949992e+02   6.4711762e-30
   6.3949576e+02   2.8097377e-05
   6.3949160e+02   8.4722611e-05
   6.3948744e+02   5.9344609e-05
   6.3948328e+02   7.1190243e-31
   6.3947912e+02   1.0117578e-04
   6.3947496e+02   2.5203448e-04
   6.3947080e+02   1.5355510e-04
   6.3946664e+02   6.4071861e-32
   6.3946248e+02   2.1723862e-04
   6.3945832e+02   5.0752213e-04
   6.3945416e+02   2.9373786e-04
   6.3945000e+02   3.2982574e-34
   6.3944584e+02   3.8539057e-04
   6.3944168e+02   8.7579460e-04
   6.3943752e+02   4.9553907e-04
   6.3943336e+02   5.4264962e-31
   6.3942920e+02   6.2884149e-04
   6.3942504e+02   1.4122170e-03
   6.3942088e+02   7.9177139e-04
   6.3941673e+02   1.2535247e-30
   6.3941257e+02   9.9340837e-04
   6.3940841e+02   2.2251781e-03
   6.3940425e+02   1.2467040e-03
   6.3940009e+02   3.4889279e-28
   6.3939593e+02   1.5705610e-03
   6.3939177e+02   3.5346142e-03
   6.3938761e+02   1.9933687e-03
   6.3938345e+02   3.6526658e-24
   6.3937930e+02   2.5592808e-03
   6.3937514e+02   5.8334148e-03
   6.3937098e+02   3.3399642e-03
   6.3936682e+02   1.8501739e-18
   6.3936266e+02   4.4580691e-03
   6.3935850e+02   1.0414693e-02
   6.3935435e+02   6.1380964e-03
   6.3935019e+02   4.4903832e-13
   6.3934603e+02   8.8289710e-03
   6.3934187e+02   2.1655665e-02
   6.3933771e+02   1.3536808e-02
   6.3933355e+02   1.7790467e-07
   6.3932940e+02   2.3310858e-02
   6.3932524e+02   6.5618917e-02
   6.3932108e+02   5.2277801e-02
   6.3931692e+02   1.2047927e-03
   6.3931277e+02   8.7622836e-02
   6.3930861e+02   4.3354157e-01
   6.3930445e+02   8.5917330e-01
   6.3930029e+02   1.0000000e+00
   6.3929614e+02   7.2403832e-01
   6.3929198e+02   3.0882611e-01
   6.3928782e+02   1.1509931e-01
   6.3928366e+02   1.8161266e-01
   6.3927951e+02   2.6139712e-01
   6.3927535e+02   1.8934802e-01
   6.3927119e+02   5.3352773e-02
   6.3926703e+02   1.5404960e-04
   6.3926288e+02   2.7752194e-02
   6.3925872e+02   4.2065770e-02
   6.3925456e+02   1.6719463e-02
   6.3925041e+02   5.5647523e-11
   6.3924625e+02   1.1449666e-02
   6.3924209e+02   1.9491790e-02
   6.3923794e+02   8.4117635e-03
   6.3923378e+02   5.0014063e-22
   6.3922962e+02   6.4770479e-03
   6.3922547e+02   1.1520590e-02
   6.3922131e+02   5.1608342e-03
   6.3921715e+02   3.6931198e-32
   6.3921300e+02   4.2209750e-03
   6.3920884e+02   7.6961548e-03
   6.3920468e+02   3.5243808e-03
   6.3920053e+02   8.4055328e-33
   6.3919637e+02   2.9925387e-03
   6.3919221e+02   5.5446903e-03
   6.3918806e+02   2.5765197e-03
   6.3918390e+02   3.9678898e-35
   6.3917975e+02   2.2444587e-03
   6.3917559e+02   4.2058013e-03
   6.3917143e+02   1.9748375e-03
   6.3916728e+02   2.8128902e-31
   6.3916312e+02   1.7526760e-03
   6.3915897e+02   3.3118468e-03
   6.3915481e+02   1.5672721e-03
   6.3915066e+02   2.1411839e-32
   6.3914650e+02   1.4108059e-03
   6.3914234e+02   2.6830870e-03
   6.3913819e+02   1.2774514e-03
   6.3913403e+02   1.2102283e-34
   6.3912988e+02   1.1627921e-03
   6.3912572e+02   2.2227579e-03
   6.3912157e+02   1.0634282e-03
   6.3911741e+02   6.6984167e-36
   6.3911326e+02   9.7670702e-04
   6.3910910e+02   1.8748293e-03
   6.3910495e+02   9.0053254e-04
   6.3910079e+02   1.2562120e-32
   6.3909664e+02   8.3323030e-04
   6.3909248e+02   1.6049469e-03
   6.3908833e+02   7.7344890e-04
   6.3908417e+02   1.3488484e-33
   6.3908002e+02   7.2008748e-04
   6.3907586e+02   1.3910503e-03
   6.3907171e+02   6.7224166e-04
   6.3906755e+02   8.6605014e-34
   6.3906340e+02   6.2916259e-04
   6.3905925e+02   1.2184225e-03
   6.3905509e+02   5.9022574e-04
   6.3905094e+02   7.0644154e-36
   6.3904678e+02   5.5490674e-04
   6.3904263e+02   1.0769255e-03
   6.3903847e+02   5.2276257e-04
   6.3903432e+02   1.8467190e-33
   6.3903017e+02   4.9341680e-04
   6.3902601e+02   9.5938184e-04
   6.3902186e+02   4.6654777e-04
   6.3901770e+02   1.1499203e-33
   6.3901355e+02   4.4187932e-04
   6.3900940e+02   8.6058906e-04
   6.3900524e+02   4.1917313e-04
   6.3900109e+02   2.6666689e-36
   6.3899693e+02   3.9822271e-04
   6.3899278e+02   7.7669763e-04
   6.3898863e+02   3.7884831e-04
   6.3898447e+02   3.5538559e-37
   6.3898032e+02   3.6089290e-04
   6.3897617e+02   7.0480721e-04
   6.3897201e+02   3.4421875e-04
   6.3896786e+02   1.9365320e-34
   6.3896371e+02   3.2870464e-04
   6.3895955e+02   6.4269728e-04
   6.3895540e+02   3.1424351e-04
   6.3895125e+02   3.2208673e-35
   6.3894710e+02   3.0074053e-04
   6.3894294e+02   5.8864327e-04
   6.3893879e+02   2.8811143e-04
   6.3893464e+02   2.8575938e-35
   6.3893048e+02   2.7628111e-04
   6.3892633e+02   5.4128847e-04
   6.3892218e+02   2.6518246e-04
   6.3891803e+02   1.4896598e-36
   6.3891387e+02   2.5475536e-04
   6.3890972e+02   4.9955309e-04
   6.3890557e+02   2.4494580e-04
   6.3890142e+02   5.7242441e-34
   6.3889726e+02   2.3570517e-04
   6.3889311e+02   4.6256865e-04
   6.3888896e+02   2.2698960e-04
   6.3888481e+02   3.3126690e-34
   6.3888065e+02   2.1875940e-04
   6.3887650e+02   4.2962989e-04
   6.3887235e+02   2.1097862e-04
   6.3886820e+02   1.3323960e-37
   6.3886405e+02   2.0361463e-04
   6.3885989e+02   4.0015906e-04
   6.3885574e+02   1.9663770e-04
   6.3885159e+02   5.3073327e-36
   6.3884744e+02   1.9002076e-04
   6.3884329e+02   3.7367897e-04
   6.3883914e+02   1.8373910e-04
   6.3883498e+02   3.9772714e-35
   6.3883083e+02   1.7777011e-04
   6.3882668e+02   3.4979262e-04
   6.3882253e+02   1.7209305e-04
   6.3881838e+02   2.3261301e-35
   6.3881423e+02   1.6668893e-04
   6.3881008e+02   3.2816741e-04
   6.3880593e+02   1.6154027e-04
   6.3880177e+02   1.8305854e-34
   6.3879762e+02   1.5663099e-04
   6.3879347e+02   3.0852289e-04
   6.3878932e+02   1.5194628e-04
   6.3878517e+02   7.4872303e-36
   6.3878102e+02   1.4747244e-04
   6.3877687e+02   2.9062122e-04
   6.3877272e+02   1.4319684e-04
   6.3876857e+02   4.4970358e-34
   6.3876442e+02   1.3910777e-04
   6.3876027e+02   2.7425954e-04
   6.3875612e+02   1.3519440e-04
   6.3875197e+02   1.7572815e-34
   6.3874782e+02   1.3144667e-04
   6.3874366e+02   2.5926396e-04
   6.3873951e+02   1.2785525e-04
   6.3873536e+02   1.9133138e-35
   6.3873121e+02   1.2441144e-04
   6.3872706e+02   2.4548468e-04
   6.3872291e+02   1.2110716e-04
   6.3871876e+02   3.0325457e-36
   6.3871461e+02   1.1793488e-04
   6.3871046e+02   2.3279206e-04
   6.3870631e+02   1.1488758e-04
   6.3870216e+02   7.5984789e-36
   6.3869801e+02   1.1195870e-04
   6.3869386e+02   2.2107346e-04
   6.3868972e+02   1.0914210e-04
   6.3868557e+02   6.2222551e-36
   6.3868142e+02   1.0643205e-04
   6.3867727e+02   2.1023057e-04
   6.3867312e+02   1.0382318e-04
   6.3866897e+02   8.9976504e-35
   6.3866482e+02   1.0131045e-04
   6.3866067e+02   2.0017731e-04
   6.3865652e+02   9.8889148e-05
   6.3865237e+02   3.9512029e-36
   6.3864822e+02   9.6554839e-05
   6.3864407e+02   1.9083799e-04
   6.3863992e+02   9.4303357e-05
   6.3863577e+02   1.2367404e-34
   6.3863163e+02   9.2130787e-05
   6.3862748e+02   1.8214587e-04
   6.3862333e+02   9.0033443e-05
   6.3861918e+02   2.2078498e-35
   6.3861503e+02   8.8007855e-05
   6.3861088e+02   1.7404188e-04
   6.3860673e+02   8.6050751e-05
   6.3860258e+02   1.5142951e-35
   6.3859844e+02   8.4159046e-05
   6.3859429e+02   1.6647360e-04
   6.3859014e+02   8.2329828e-05
   6.3858599e+02   2.0807342e-36
   6.3858184e+02   8.0560347e-05
   6.3857769e+02   1.5939438e-04
   6.3857355e+02   7.8848004e-05
   6.3856940e+02   6.2554484e-35
   6.3856525e+02   7.7190340e-05
   6.3856110e+02   1.5276256e-04
   6.3855695e+02   7.5585028e-05
   6.3855281e+02   2.6340139e-35
   6.3854866e+02   7.4029866e-05
   6.3854451e+02   1.4654087e-04
   6.3854036e+02   7.2522767e-05
   6.3853622e+02   1.6122134e-35
   6.3853207e+02   7.1061750e-05
   6.3852792e+02   1.4069586e-04
   6.3852377e+02   6.9644939e-05
   6.3851963e+02   3.5208455e-38
   6.3851548e+02   6.8270551e-05
   6.3851133e+02   1.3519747e-04
   6.3850718e+02   6.6936894e-05
   6.3850304e+02   1.1853709e-35
   6.3849889e+02   6.5642360e-05
   6.3849474e+02   1.3001857e-04
   6.3849060e+02   6.4385419e-05
   6.3848645e+02   8.0825572e-35
   6.3848230e+02   6.3164617e-05
   6.3847815e+02   1.2513467e-04
   6.3847401e+02   6.1978571e-05
   6.3846986e+02   5.9157982e-36
   6.3846571e+02   6.0825960e-05
   6.3846157e+02   1.2052360e-04
   6.3845742e+02   5.9705530e-05
   6.3845327e+02   1.7666961e-36
   6.3844913e+02   5.8616084e-05
   6.3844498e+02   1.1616524e-04
   6.3844083e+02   5.7556480e-05
   6.3843669e+02   2.1391402e-36
   6.3843254e+02   5.6525629e-05
   6.3842840e+02   1.1204132e-04
   6.3842425e+02   5.5522492e-05
   6.3842010e+02   5.5019895e-36
   6.3841596e+02   5.4546076e-05
   6.3841181e+02   1.0813518e-04
   6.3840767e+02   5.3595433e-05
   6.3840352e+02   1.1648479e-35
   6.3839937e+02   5.2669656e-05
   6.3839523e+02   1.0443164e-04
   6.3839108e+02   5.1767879e-05
   6.3838694e+02   1.9622829e-36
   6.3838279e+02   5.0889274e-05
   6.3837864e+02   1.0091682e-04
   6.3837450e+02   5.0033046e-05
   6.3837035e+02   2.2742617e-34
   6.3836621e+02   4.9198438e-05
   6.3836206e+02   9.7578025e-05
   6.3835792e+02   4.8384721e-05
   6.3835377e+02   1.0068086e-34
   6.3834963e+02   4.7591199e-05
   6.3834548e+02   9.4403604e-05
   6.3834134e+02   4.6817205e-05
   6.3833719e+02   1.2854241e-35
   6.3833305e+02   4.6062098e-05
   6.3832890e+02   9.1382869e-05
   6.3832476e+02   4.5325265e-05
   6.3832061e+02   6.7130977e-37
   6.3831647e+02   4.4606115e-05
   6.3831232e+02   8.8505990e-05
   6.3830818e+02   4.3904085e-05
   6.3830403e+02   9.2014058e-37
   6.3829989e+02   4.3218631e-05
   6.3829574e+02   8.5763913e-05
   6.3829160e+02   4.2549232e-05
   6.3828746e+02   7.1668503e-36
   6.3828331e+02   4.1895387e-05
   6.3827917e+02   8.3148292e-05
   6.3827502e+02   4.1256615e-05
   6.3827088e+02   4.1524101e-35
   6.3826673e+02   4.0632452e-05
   6.3826259e+02   8.0651420e-05
   6.3825845e+02   4.0022454e-05
   6.3825430e+02   1.4124900e-36
   6.3825016e+02   3.9426193e-05
   6.3824601e+02   7.8266169e-05
   6.3824187e+02   3.8843257e-05
   6.3823773e+02   7.1283117e-34
   6.3823358e+02   3.8273248e-05
   6.3822944e+02   7.5985945e-05
   6.3822530e+02   3.7715786e-05
   6.3822115e+02   2.5892524e-35
   6.3821701e+02   3.7170502e-05
   6.3821286e+02   7.3804632e-05
   6.3820872e+02   3.6637043e-05
   6.3820458e+02   5.4871737e-36
   6.3820043e+02   3.6115065e-05
   6.3819629e+02   7.1716559e-05
   6.3819215e+02   3.5604242e-05
   6.3818801e+02   6.0432036e-36
   6.3818386e+02   3.5104254e-05
   6.3817972e+02   6.9716455e-05
   6.3817558e+02   3.4614796e-05
   6.3817143e+02   4.3574068e-36
   6.3816729e+02   3.4135573e-05
   6.3816315e+02   6.7799420e-05
   6.3815900e+02   3.3666300e-05
   6.3815486e+02   1.0248000e-35
   6.3815072e+02   3.3206700e-05
   6.3814658e+02   6.5960891e-05
   6.3814243e+02   3.2756510e-05
   6.3813829e+02   1.5844131e-35
   6.3813415e+02   3.2315472e-05
   6.3813001e+02   6.4196616e-05
   6.3812586e+02   3.1883339e-05
   6.3812172e+02   1.9362792e-37
   6.3811758e+02   3.1459871e-05
   6.3811344e+02   6.2502627e-05
   6.3810930e+02   3.1044836e-05
   6.3810515e+02   1.2057347e-34
   6.3810101e+02   3.0638012e-05
   6.3809687e+02   6.0875222e-05
   6.3809273e+02   3.0239182e-05
   6.3808859e+02   6.8497546e-36
   6.3808444e+02   2.9848136e-05
   6.3808030e+02   5.9310938e-05
   6.3807616e+02   2.9464672e-05
   6.3807202e+02   2.2125328e-36
   6.3806788e+02   2.9088596e-05
   6.3806374e+02   5.7806535e-05
   6.3805959e+02   2.8719716e-05
   6.3805545e+02   1.4066951e-36
   6.3805131e+02   2.8357850e-05
   6.3804717e+02   5.6358982e-05
   6.3804303e+02   2.8002819e-05
   6.3803889e+02   3.9116810e-35
   6.3803475e+02   2.7654454e-05
   6.3803061e+02   5.4965435e-05
   6.3802646e+02   2.7312585e-05
   6.3802232e+02   9.1402450e-35
   6.3801818e+02   2.6977053e-05
   6.3801404e+02   5.3623228e-05
   6.3800990e+02   2.6647701e-05
   6.3800576e+02   3.3399475e-35
   6.3800162e+02   2.6324377e-05
   6.3799748e+02   5.2329858e-05
   6.3799334e+02   2.6006934e-05
   6.3798920e+02   1.3343689e-36
   6.3798506e+02   2.5695230e-05
   6.3798092e+02   5.1082974e-05
   6.3797678e+02   2.5389127e-05
   6.3797264e+02   2.3368642e-34
   6.3796850e+02   2.5088491e-05
   6.3796436e+02   4.9880364e-05
   6.3796022e+02   2.4793191e-05
   6.3795608e+02   3.5820855e-35
   6.3795194e+02   2.4503102e-05
   6.3794780e+02   4.8719947e-05
   6.3794366e+02   2.4218102e-05
   6.3793952e+02   2.5595771e-36
   6.3793538e+02   2.3938070e-05
   6.3793124e+02   4.7599764e-05
   6.3792710e+02   2.3662893e-05
   6.3792296e+02   3.8468006e-36
   6.3791882e+02   2.3392458e-05
   6.3791468e+02   4.6517969e-05
   6.3791054e+02   2.3126656e-05
   6.3790640e+02   4.1884707e-36
   6.3790226e+02   2.2865381e-05
   6.3789812e+02   4.5472819e-05
   6.3789398e+02   2.2608531e-05
   6.3788984e+02   5.9703036e-36
   6.3788570e+02   2.2356006e-05
   6.3788156e+02   4.4462671e-05
   6.3787742e+02   2.2107710e-05
   6.3787328e+02   1.1596549e-35
   6.3786915e+02   2.1863547e-05
   6.3786501e+02   4.3485974e-05
   6.3786087e+02   2.1623426e-05
   6.3785673e+02   2.7526020e-36
   6.3785259e+02   2.1387259e-05
   6.3784845e+02   4.2541260e-05
   6.3784431e+02   2.1154957e-05
   6.3784017e+02   1.3369699e-34
   6.3783604e+02   2.0926438e-05
   6.3783190e+02   4.1627143e-05
   6.3782776e+02   2.0701620e-05
   6.3782362e+02   1.0088169e-35
   6.3781948e+02   2.0480421e-05
   6.3781534e+02   4.0742311e-05
   6.3781120e+02   2.0262766e-05
   6.3780707e+02   4.7273414e-37
   6.3780293e+02   2.0048577e-05
   6.3779879e+02   3.9885521e-05
   6.3779465e+02   1.9837783e-05
   6.3779051e+02   8.7655733e-36
   6.3778638e+02   1.9630310e-05
   6.3778224e+02   3.9055596e-05
   6.3777810e+02   1.9426090e-05
   6.3777396e+02   1.7140488e-36
   6.3776983e+02   1.9225055e-05
   6.3776569e+02   3.8251421e-05
   6.3776155e+02   1.9027138e-05
   6.3775741e+02   3.0536666e-36
   6.3775328e+02   1.8832275e-05
   6.3774914e+02   3.7471937e-05
   6.3774500e+02   1.8640403e-05
   6.3774086e+02   1.2730432e-35
   6.3773673e+02   1.8451461e-05
   6.3773259e+02   3.6716141e-05
   6.3772845e+02   1.8265390e-05
   6.3772431e+02   7.9876889e-39
   6.3772018e+02   1.8082132e-05
   6.3771604e+02   3.5983079e-05
   6.3771190e+02   1.7901629e-05
   6.3770777e+02   3.8572113e-35
   6.3770363e+02   1.7723827e-05
   6.3769949e+02   3.5271845e-05
   6.3769536e+02   1.7548672e-05
   6.3769122e+02   5.2022998e-36
   6.3768708e+02   1.7376112e-05
   6.3768295e+02   3.4581578e-05
   6.3767881e+02   1.7206095e-05
   6.3767467e+02   8.6177111e-36
   6.3767054e+02   1.7038571e-05
   6.3766640e+02   3.3911459e-05
   6.3766226e+02   1.6873493e-05
   6.3765813e+02   3.3159395e-36
   6.3765399e+02   1.6710811e-05
   6.3764986e+02   3.3260709e-05
   6.3764572e+02   1.6550480e-05
   6.3764158e+02   7.6098856e-36
   6.3763745e+02   1.6392455e-05
   6.3763331e+02   3.2628587e-05
   6.3762918e+02   1.6236691e-05
   6.3762504e+02   2.9106489e-36
   6.3762090e+02   1.6083146e-05
   6.3761677e+02   3.2014385e-05
   6.3761263e+02   1.5931778e-05
   6.3760850e+02   8.1565184e-36
   6.3760436e+02   1.5782544e-05
   6.3760023e+02   3.1417431e-05
   6.3759609e+02   1.5635406e-05
   6.3759195e+02   8.5452052e-37
   6.3758782e+02   1.5490324e-05
   6.3758368e+02   3.0837084e-05
   6.3757955e+02   1.5347260e-05
   6.3757541e+02   5.2565559e-35
   6.3757128e+02   1.5206176e-05
   6.3756714e+02   3.0272730e-05
   6.3756301e+02   1.5067036e-05
   6.3755887e+02   1.3275811e-35
   6.3755474e+02   1.4929804e-05
   6.3755060e+02   2.9723786e-05
   6.3754647e+02   1.4794446e-05
   6.3754233e+02   4.3537068e-36
   6.3753820e+02   1.4660927e-05
   6.3753406e+02   2.9189694e-05
   6.3752993e+02   1.4529214e-05
   6.3752580e+02   2.6868626e-36
   6.3752166e+02   1.4399275e-05
   6.3751753e+02   2.8669922e-05
   6.3751339e+02   1.4271078e-05
   6.3750926e+02   1.2870391e-35
   6.3750512e+02   1.4144592e-05
   6.3750099e+02   2.8163961e-05
   6.3749686e+02   1.4019785e-05
   6.3749272e+02   2.3789053e-35
   6.3748859e+02   1.3896630e-05
   6.3748445e+02   2.7671324e-05
   6.3748032e+02   1.3775096e-05
   6.3747619e+02   1.4824615e-34
   6.3747205e+02   1.3655155e-05
   6.3746792e+02   2.7191546e-05
   6.3746378e+02   1.3536779e-05
   6.3745965e+02   3.6969946e-36
   6.3745552e+02   1.3419942e-05
   6.3745138e+02   2.6724183e-05
   6.3744725e+02   1.3304616e-05
   6.3744312e+02   8.7499997e-36
   6.3743898e+02   1.3190776e-05
   6.3743485e+02   2.6268809e-05
   6.3743072e+02   1.3078395e-05
   6.3742658e+02   3.0180177e-35
   6.3742245e+02   1.2967450e-05
   6.3741832e+02   2.5825016e-05
   6.3741418e+02   1.2857915e-05
   6.3741005e+02   3.0491367e-36
   6.3740592e+02   1.2749768e-05
   6.3740178e+02   2.5392413e-05
   6.3739765e+02   1.2642983e-05
   6.3739352e+02   1.7563703e-36
   6.3738939e+02   1.2537540e-05
   6.3738525e+02   2.4970627e-05
   6.3738112e+02   1.2433414e-05
   6.3737699e+02   3.5039733e-36
