   6.3957001e+02   5.3028660e-04
   6.3956975e+02   6.1211311e-04
   6.3956949e+02   6.9701632e-04
   6.3956923e+02   7.8423444e-04
   6.3956897e+02   8.7297740e-04
   6.3956871e+02   9.6243420e-04
   6.3956845e+02   1.0517806e-03
   6.3956819e+02   1.1401869e-03
   6.3956793e+02   1.2268260e-03
   6.3956767e+02   1.3108811e-03
   6.3956741e+02   1.3915540e-03
   6.3956715e+02   1.4680728e-03
   6.3956689e+02   1.5396994e-03
   6.3956663e+02   1.6057372e-03
   6.3956637e+02   1.6655379e-03
   6.3956611e+02   1.7185080e-03
   6.3956585e+02   1.7641155e-03
   6.3956559e+02   1.8018951e-03
   6.3956533e+02   1.8314533e-03
   6.3956507e+02   1.8524728e-03
   6.3956481e+02   1.8647165e-03
   6.3956455e+02   1.8680298e-03
   6.3956429e+02   1.8623435e-03
   6.3956403e+02   1.8476746e-03
   6.3956377e+02   1.8241274e-03
   6.3956351e+02   1.7918926e-03
   6.3956325e+02   1.7512468e-03
   6.3956299e+02   1.7025503e-03
   6.3956273e+02   1.6462443e-03
   6.3956247e+02   1.5828473e-03
   6.3956221e+02   1.5129511e-03
   6.3956195e+02   1.4372153e-03
   6.3956168e+02   1.3563618e-03
   6.3956142e+02   1.2711684e-03
   6.3956116e+02   1.1824616e-03
   6.3956090e+02   1.0911093e-03
   6.3956064e+02   9.9801249e-04
   6.3956038e+02   9.0409733e-04
   6.3956012e+02   8.1030600e-04
   6.3955986e+02   7.1758805e-04
   6.3955960e+02   6.2689122e-04
   6.3955934e+02   5.3915230e-04
   6.3955908e+02   4.5528809e-04
   6.3955882e+02   3.7618634e-04
   6.3955856e+02   3.0269697e-04
   6.3955830e+02   2.3562357e-04
   6.3955804e+02   1.7571524e-04
   6.3955778e+02   1.2365894e-04
   6.3955752e+02   8.0072268e-05
   6.3955726e+02   4.5496970e-05
   6.3955700e+02   2.0393011e-05
   6.3955674e+02   5.1334346e-06
   6.3955648e+02   1.0110691e-35
   6.3955622e+02   5.1796530e-06
   6.3955596e+02   2.0761879e-05
   6.3955570e+02   4.6736968e-05
   6.3955544e+02   8.2995216e-05
   6.3955518e+02   1.2932708e-04
   6.3955492e+02   1.8542429e-04
   6.3955466e+02   2.5088192e-04
   6.3955440e+02   3.2520143e-04
   6.3955414e+02   4.0779458e-04
   6.3955388e+02   4.9798827e-04
   6.3955362e+02   5.9503029e-04
   6.3955336e+02   6.9809580e-04
   6.3955310e+02   8.0629457e-04
   6.3955284e+02   9.1867902e-04
   6.3955258e+02   1.0342528e-03
   6.3955232e+02   1.1519797e-03
   6.3955206e+02   1.2707937e-03
   6.3955180e+02   1.3896087e-03
   6.3955154e+02   1.5073285e-03
   6.3955128e+02   1.6228579e-03
   6.3955102e+02   1.7351125e-03
   6.3955076e+02   1.8430301e-03
   6.3955050e+02   1.9455802e-03
   6.3955024e+02   2.0417750e-03
   6.3954998e+02   2.1306789e-03
   6.3954972e+02   2.2114179e-03
   6.3954946e+02   2.2831892e-03
   6.3954920e+02   2.3452686e-03
   6.3954894e+02   2.3970194e-03
   6.3954868e+02   2.4378985e-03
   6.3954842e+02   2.4674627e-03
   6.3954816e+02   2.4853742e-03
   6.3954790e+02   2.4914047e-03
   6.3954764e+02   2.4854386e-03
   6.3954738e+02   2.4674753e-03
   6.3954712e+02   2.4376303e-03
   6.3954686e+02   2.3961351e-03
   6.3954660e+02   2.3433366e-03
   6.3954634e+02   2.2796940e-03
   6.3954608e+02   2.2057765e-03
   6.3954582e+02   2.1222582e-03
   6.3954556e+02   2.0299128e-03
   6.3954530e+02   1.9296076e-03
   6.3954504e+02   1.8222953e-03
   6.3954478e+02   1.7090065e-03
   6.3954452e+02   1.5908399e-03
   6.3954426e+02   1.4689529e-03
   6.3954400e+02   1.3445508e-03
   6.3954374e+02   1.2188758e-03
   6.3954348e+02   1.0931953e-03
   6.3954322e+02   9.6879036e-04
   6.3954296e+02   8.4694289e-04
   6.3954270e+02   7.2892392e-04
   6.3954244e+02   6.1598097e-04
   6.3954218e+02   5.0932591e-04
   6.3954192e+02   4.1012293e-04
   6.3954166e+02   3.1947688e-04
   6.3954140e+02   2.3842203e-04
   6.3954114e+02   1.6791141e-04
   6.3954088e+02   1.0880682e-04
   6.3954062e+02   6.1869601e-05
   6.3954036e+02   2.7752275e-05
   6.3954010e+02   6.9911598e-06
   6.3953984e+02   2.7870798e-35
   6.3953958e+02   7.0647131e-06
   6.3953932e+02   2.8339309e-05
   6.3953906e+02   6.3843028e-05
   6.3953880e+02   1.1345874e-04
   6.3953854e+02   1.7693265e-04
   6.3953828e+02   2.5387527e-04
   6.3953802e+02   3.4376374e-04
   6.3953776e+02   4.4594545e-04
   6.3953750e+02   5.5964292e-04
   6.3953724e+02   6.8395994e-04
   6.3953698e+02   8.1788891e-04
   6.3953672e+02   9.6031935e-04
   6.3953646e+02   1.1100475e-03
   6.3953620e+02   1.2657867e-03
   6.3953594e+02   1.4261791e-03
   6.3953568e+02   1.5898080e-03
   6.3953542e+02   1.7552103e-03
   6.3953516e+02   1.9208907e-03
   6.3953490e+02   2.0853354e-03
   6.3953464e+02   2.2470265e-03
   6.3953438e+02   2.4044564e-03
   6.3953412e+02   2.5561427e-03
   6.3953386e+02   2.7006425e-03
   6.3953360e+02   2.8365669e-03
   6.3953334e+02   2.9625946e-03
   6.3953308e+02   3.0774859e-03
   6.3953282e+02   3.1800949e-03
   6.3953256e+02   3.2693821e-03
   6.3953230e+02   3.3444253e-03
   6.3953204e+02   3.4044300e-03
   6.3953178e+02   3.4487383e-03
   6.3953152e+02   3.4768367e-03
   6.3953126e+02   3.4883630e-03
   6.3953100e+02   3.4831115e-03
   6.3953074e+02   3.4610362e-03
   6.3953048e+02   3.4222541e-03
   6.3953022e+02   3.3670448e-03
   6.3952996e+02   3.2958509e-03
   6.3952970e+02   3.2092745e-03
   6.3952944e+02   3.1080742e-03
   6.3952918e+02   2.9931593e-03
   6.3952892e+02   2.8655825e-03
   6.3952866e+02   2.7265324e-03
   6.3952840e+02   2.5773225e-03
   6.3952814e+02   2.4193812e-03
   6.3952788e+02   2.2542387e-03
   6.3952762e+02   2.0835139e-03
   6.3952736e+02   1.9088999e-03
   6.3952710e+02   1.7321484e-03
   6.3952684e+02   1.5550540e-03
   6.3952658e+02   1.3794371e-03
   6.3952632e+02   1.2071271e-03
   6.3952606e+02   1.0399447e-03
   6.3952580e+02   8.7968449e-04
   6.3952554e+02   7.2809731e-04
   6.3952528e+02   5.8687307e-04
   6.3952502e+02   4.5762370e-04
   6.3952476e+02   3.4186678e-04
   6.3952450e+02   2.4100980e-04
   6.3952424e+02   1.5633532e-04
   6.3952398e+02   8.8987162e-05
   6.3952372e+02   3.9957680e-05
   6.3952346e+02   1.0076394e-05
   6.3952320e+02   4.4071164e-34
   6.3952294e+02   1.0203916e-05
   6.3952268e+02   4.0975458e-05
   6.3952242e+02   9.2408717e-05
   6.3952216e+02   1.6440123e-04
   6.3952190e+02   2.5665248e-04
   6.3952164e+02   3.6866424e-04
   6.3952138e+02   4.9974290e-04
   6.3952112e+02   6.4900355e-04
   6.3952086e+02   8.1537606e-04
   6.3952060e+02   9.9761298e-04
   6.3952034e+02   1.1942992e-03
   6.3952008e+02   1.4038632e-03
   6.3951982e+02   1.6245906e-03
   6.3951956e+02   1.8546379e-03
   6.3951930e+02   2.0920494e-03
   6.3951904e+02   2.3347738e-03
   6.3951878e+02   2.5806828e-03
   6.3951852e+02   2.8275907e-03
   6.3951826e+02   3.0732745e-03
   6.3951800e+02   3.3154945e-03
   6.3951774e+02   3.5520158e-03
   6.3951748e+02   3.7806298e-03
   6.3951722e+02   3.9991756e-03
   6.3951696e+02   4.2055614e-03
   6.3951670e+02   4.3977856e-03
   6.3951644e+02   4.5739571e-03
   6.3951618e+02   4.7323151e-03
   6.3951592e+02   4.8712476e-03
   6.3951566e+02   4.9893091e-03
   6.3951540e+02   5.0852364e-03
   6.3951514e+02   5.1579639e-03
   6.3951488e+02   5.2066358e-03
   6.3951462e+02   5.2306179e-03
   6.3951436e+02   5.2295063e-03
   6.3951410e+02   5.2031350e-03
   6.3951384e+02   5.1515805e-03
   6.3951358e+02   5.0751647e-03
   6.3951332e+02   4.9744552e-03
   6.3951306e+02   4.8502636e-03
   6.3951280e+02   4.7036411e-03
   6.3951254e+02   4.5358720e-03
   6.3951228e+02   4.3484646e-03
   6.3951202e+02   4.1431404e-03
   6.3951176e+02   3.9218205e-03
   6.3951150e+02   3.6866100e-03
   6.3951124e+02   3.4397810e-03
   6.3951098e+02   3.1837532e-03
   6.3951072e+02   2.9210727e-03
   6.3951046e+02   2.6543898e-03
   6.3951020e+02   2.3864355e-03
   6.3950994e+02   2.1199958e-03
   6.3950968e+02   1.8578869e-03
   6.3950942e+02   1.6029281e-03
   6.3950916e+02   1.3579151e-03
   6.3950890e+02   1.1255932e-03
   6.3950864e+02   9.0862996e-04
   6.3950838e+02   7.0958881e-04
   6.3950812e+02   5.3090291e-04
   6.3950786e+02   3.7484997e-04
   6.3950760e+02   2.4352815e-04
   6.3950734e+02   1.3883322e-04
   6.3950708e+02   6.2437441e-05
   6.3950682e+02   1.5770069e-05
   6.3950656e+02   2.0012561e-31
   6.3950630e+02   1.6020543e-05
   6.3950604e+02   6.4436598e-05
   6.3950578e+02   1.4555436e-04
   6.3950552e+02   2.5937368e-04
   6.3950526e+02   4.0558327e-04
   6.3950500e+02   5.8355869e-04
   6.3950474e+02   7.9236335e-04
   6.3950448e+02   1.0307525e-03
   6.3950422e+02   1.2971799e-03
   6.3950396e+02   1.5898083e-03
   6.3950370e+02   1.9065216e-03
   6.3950344e+02   2.2449408e-03
   6.3950318e+02   2.6024427e-03
   6.3950292e+02   2.9761802e-03
   6.3950266e+02   3.3631068e-03
   6.3950240e+02   3.7600012e-03
   6.3950214e+02   4.1634963e-03
   6.3950188e+02   4.5701079e-03
   6.3950162e+02   4.9762668e-03
   6.3950136e+02   5.3783508e-03
   6.3950110e+02   5.7727189e-03
   6.3950084e+02   6.1557452e-03
   6.3950058e+02   6.5238543e-03
   6.3950032e+02   6.8735560e-03
   6.3950006e+02   7.2014799e-03
   6.3949980e+02   7.5044102e-03
   6.3949954e+02   7.7793185e-03
   6.3949928e+02   8.0233966e-03
   6.3949902e+02   8.2340864e-03
   6.3949876e+02   8.4091098e-03
   6.3949850e+02   8.5464943e-03
   6.3949824e+02   8.6445982e-03
   6.3949798e+02   8.7021319e-03
   6.3949772e+02   8.7181766e-03
   6.3949746e+02   8.6921998e-03
   6.3949720e+02   8.6240677e-03
   6.3949694e+02   8.5140538e-03
   6.3949668e+02   8.3628435e-03
   6.3949642e+02   8.1715361e-03
   6.3949616e+02   7.9416412e-03
   6.3949590e+02   7.6750730e-03
   6.3949564e+02   7.3741391e-03
   6.3949538e+02   7.0415265e-03
   6.3949512e+02   6.6802833e-03
   6.3949486e+02   6.2937966e-03
   6.3949460e+02   5.8857674e-03
   6.3949434e+02   5.4601810e-03
   6.3949408e+02   5.0212752e-03
   6.3949382e+02   4.5735052e-03
   6.3949356e+02   4.1215055e-03
   6.3949330e+02   3.6700496e-03
   6.3949304e+02   3.2240079e-03
   6.3949278e+02   2.7883035e-03
   6.3949252e+02   2.3678664e-03
   6.3949226e+02   1.9675880e-03
   6.3949200e+02   1.5922730e-03
   6.3949174e+02   1.2465934e-03
   6.3949148e+02   9.3504107e-04
   6.3949122e+02   6.6188215e-04
   6.3949096e+02   4.3111206e-04
   6.3949070e+02   2.4641243e-04
   6.3949044e+02   1.1110997e-04
   6.3949018e+02   2.8137851e-05
   6.3948992e+02   4.0466093e-36
   6.3948966e+02   2.8738625e-05
   6.3948940e+02   1.1590541e-04
   6.3948914e+02   2.6253666e-04
   6.3948888e+02   4.6913280e-04
   6.3948862e+02   7.3564233e-04
   6.3948836e+02   1.0614507e-03
   6.3948810e+02   1.4453742e-03
   6.3948784e+02   1.8856588e-03
   6.3948758e+02   2.3799845e-03
   6.3948732e+02   2.9254752e-03
   6.3948706e+02   3.5187134e-03
   6.3948680e+02   4.1557607e-03
   6.3948654e+02   4.8321837e-03
   6.3948628e+02   5.5430845e-03
   6.3948602e+02   6.2831367e-03
   6.3948576e+02   7.0466260e-03
   6.3948550e+02   7.8274954e-03
   6.3948524e+02   8.6193944e-03
   6.3948498e+02   9.4157320e-03
   6.3948472e+02   1.0209734e-02
   6.3948446e+02   1.0994501e-02
   6.3948420e+02   1.1763073e-02
   6.3948394e+02   1.2508491e-02
   6.3948368e+02   1.3223863e-02
   6.3948342e+02   1.3902435e-02
   6.3948316e+02   1.4537649e-02
   6.3948290e+02   1.5123218e-02
   6.3948264e+02   1.5653188e-02
   6.3948238e+02   1.6122003e-02
   6.3948212e+02   1.6524566e-02
   6.3948186e+02   1.6856300e-02
   6.3948160e+02   1.7113204e-02
   6.3948134e+02   1.7291906e-02
   6.3948108e+02   1.7389706e-02
   6.3948082e+02   1.7404628e-02
   6.3948056e+02   1.7335449e-02
   6.3948030e+02   1.7181735e-02
   6.3948004e+02   1.6943863e-02
   6.3947978e+02   1.6623043e-02
   6.3947952e+02   1.6221328e-02
   6.3947926e+02   1.5741616e-02
   6.3947900e+02   1.5187648e-02
   6.3947874e+02   1.4563998e-02
   6.3947848e+02   1.3876051e-02
   6.3947822e+02   1.3129979e-02
   6.3947796e+02   1.2332703e-02
   6.3947770e+02   1.1491854e-02
   6.3947744e+02   1.0615721e-02
   6.3947718e+02   9.7131943e-03
   6.3947692e+02   8.7937029e-03
   6.3947666e+02   7.8671414e-03
   6.3947640e+02   6.9437954e-03
   6.3947614e+02   6.0342584e-03
   6.3947588e+02   5.1493448e-03
   6.3947562e+02   4.2999985e-03
   6.3947536e+02   3.4971976e-03
   6.3947510e+02   2.7518562e-03
   6.3947484e+02   2.0747241e-03
   6.3947458e+02   1.4762851e-03
   6.3947432e+02   9.6665512e-04
   6.3947406e+02   5.5548000e-04
   6.3947380e+02   2.5183528e-04
   6.3947354e+02   6.4127716e-05
   6.3947328e+02   4.9091234e-16
   6.3947302e+02   6.6239466e-05
   6.3947276e+02   2.6869162e-04
   6.3947250e+02   6.1217945e-04
   6.3947224e+02   1.1004293e-03
   6.3947198e+02   1.7360042e-03
   6.3947172e+02   2.5202453e-03
   6.3947146e+02   3.4532223e-03
   6.3947120e+02   4.5336937e-03
   6.3947094e+02   5.7590765e-03
   6.3947068e+02   7.1254278e-03
   6.3947042e+02   8.6274365e-03
   6.3947016e+02   1.0258427e-02
   6.3946990e+02   1.2010377e-02
   6.3946964e+02   1.3873942e-02
   6.3946938e+02   1.5838498e-02
   6.3946912e+02   1.7892193e-02
   6.3946886e+02   2.0022013e-02
   6.3946860e+02   2.2213859e-02
   6.3946834e+02   2.4452633e-02
   6.3946808e+02   2.6722342e-02
   6.3946782e+02   2.9006208e-02
   6.3946756e+02   3.1286787e-02
   6.3946730e+02   3.3546108e-02
   6.3946704e+02   3.5765804e-02
   6.3946678e+02   3.7927268e-02
   6.3946652e+02   4.0011807e-02
   6.3946626e+02   4.2000806e-02
   6.3946600e+02   4.3875891e-02
   6.3946574e+02   4.5619107e-02
   6.3946548e+02   4.7213090e-02
   6.3946522e+02   4.8641242e-02
   6.3946496e+02   4.9887909e-02
   6.3946470e+02   5.0938560e-02
   6.3946444e+02   5.1779953e-02
   6.3946418e+02   5.2400311e-02
   6.3946392e+02   5.2789484e-02
   6.3946366e+02   5.2939107e-02
   6.3946340e+02   5.2842750e-02
   6.3946314e+02   5.2496060e-02
   6.3946288e+02   5.1896890e-02
   6.3946262e+02   5.1045418e-02
   6.3946236e+02   4.9944254e-02
   6.3946210e+02   4.8598529e-02
   6.3946184e+02   4.7015974e-02
   6.3946158e+02   4.5206979e-02
   6.3946132e+02   4.3184636e-02
   6.3946106e+02   4.0964766e-02
   6.3946080e+02   3.8565924e-02
   6.3946054e+02   3.6009387e-02
   6.3946028e+02   3.3319126e-02
   6.3946002e+02   3.0521750e-02
   6.3945976e+02   2.7646438e-02
   6.3945950e+02   2.4724847e-02
   6.3945924e+02   2.1791002e-02
   6.3945898e+02   1.8881162e-02
   6.3945872e+02   1.6033674e-02
   6.3945846e+02   1.3288803e-02
   6.3945820e+02   1.0688546e-02
   6.3945794e+02   8.2764274e-03
   6.3945768e+02   6.0972785e-03
   6.3945742e+02   4.1970033e-03
   6.3945716e+02   2.6223287e-03
   6.3945690e+02   1.4205425e-03
   6.3945664e+02   6.3921966e-04
   6.3945638e+02   3.2593940e-04
   6.3945612e+02   5.2799389e-04
   6.3945586e+02   1.2920904e-03
   6.3945560e+02   2.6640489e-03
   6.3945534e+02   4.6884970e-03
   6.3945508e+02   7.4085634e-03
   6.3945482e+02   1.0865573e-02
   6.3945456e+02   1.5098746e-02
   6.3945430e+02   2.0144896e-02
   6.3945404e+02   2.6038148e-02
   6.3945378e+02   3.2809650e-02
   6.3945352e+02   4.0487303e-02
   6.3945326e+02   4.9095508e-02
   6.3945300e+02   5.8654920e-02
   6.3945274e+02   6.9182220e-02
   6.3945248e+02   8.0689907e-02
   6.3945222e+02   9.3186113e-02
   6.3945196e+02   1.0667443e-01
   6.3945170e+02   1.2115377e-01
   6.3945144e+02   1.3661823e-01
   6.3945118e+02   1.5305702e-01
   6.3945092e+02   1.7045438e-01
   6.3945066e+02   1.8878953e-01
   6.3945040e+02   2.0803666e-01
   6.3945014e+02   2.2816495e-01
   6.3944988e+02   2.4913859e-01
   6.3944962e+02   2.7091690e-01
   6.3944936e+02   2.9345434e-01
   6.3944910e+02   3.1670074e-01
   6.3944884e+02   3.4060136e-01
   6.3944858e+02   3.6509714e-01
   6.3944832e+02   3.9012489e-01
   6.3944806e+02   4.1561749e-01
   6.3944780e+02   4.4150421e-01
   6.3944754e+02   4.6771095e-01
   6.3944728e+02   4.9416056e-01
   6.3944702e+02   5.2077315e-01
   6.3944676e+02   5.4746646e-01
   6.3944650e+02   5.7415622e-01
   6.3944624e+02   6.0075651e-01
   6.3944598e+02   6.2718016e-01
   6.3944572e+02   6.5333915e-01
   6.3944546e+02   6.7914503e-01
   6.3944520e+02   7.0450934e-01
   6.3944494e+02   7.2934399e-01
   6.3944468e+02   7.5356175e-01
   6.3944442e+02   7.7707662e-01
   6.3944416e+02   7.9980428e-01
   6.3944390e+02   8.2166249e-01
   6.3944364e+02   8.4257150e-01
   6.3944338e+02   8.6245445e-01
   6.3944312e+02   8.8123774e-01
   6.3944286e+02   8.9885144e-01
   6.3944260e+02   9.1522958e-01
   6.3944234e+02   9.3031054e-01
   6.3944208e+02   9.4403734e-01
   6.3944182e+02   9.5635791e-01
   6.3944156e+02   9.6722539e-01
   6.3944130e+02   9.7659835e-01
   6.3944104e+02   9.8444101e-01
   6.3944078e+02   9.9072342e-01
   6.3944052e+02   9.9542160e-01
   6.3944026e+02   9.9851769e-01
   6.3944000e+02   1.0000000e+00
   6.3943974e+02   9.9986312e-01
   6.3943948e+02   9.9810790e-01
   6.3943922e+02   9.9474147e-01
   6.3943896e+02   9.8977720e-01
   6.3943870e+02   9.8323461e-01
   6.3943844e+02   9.7513929e-01
   6.3943818e+02   9.6552275e-01
   6.3943792e+02   9.5442226e-01
   6.3943766e+02   9.4188068e-01
   6.3943740e+02   9.2794618e-01
   6.3943714e+02   9.1267205e-01
   6.3943688e+02   8.9611641e-01
   6.3943662e+02   8.7834188e-01
   6.3943636e+02   8.5941531e-01
   6.3943610e+02   8.3940741e-01
   6.3943584e+02   8.1839237e-01
   6.3943558e+02   7.9644756e-01
   6.3943532e+02   7.7365305e-01
   6.3943506e+02   7.5009130e-01
   6.3943480e+02   7.2584667e-01
   6.3943454e+02   7.0100507e-01
   6.3943428e+02   6.7565349e-01
   6.3943402e+02   6.4987963e-01
   6.3943376e+02   6.2377144e-01
   6.3943350e+02   5.9741671e-01
   6.3943324e+02   5.7090266e-01
   6.3943298e+02   5.4431556e-01
   6.3943272e+02   5.1774028e-01
   6.3943246e+02   4.9125995e-01
   6.3943220e+02   4.6495560e-01
   6.3943194e+02   4.3890576e-01
   6.3943168e+02   4.1318616e-01
   6.3943142e+02   3.8786941e-01
   6.3943116e+02   3.6302469e-01
   6.3943090e+02   3.3871750e-01
   6.3943064e+02   3.1500938e-01
   6.3943038e+02   2.9195775e-01
   6.3943012e+02   2.6961563e-01
   6.3942986e+02   2.4803153e-01
   6.3942960e+02   2.2724928e-01
   6.3942934e+02   2.0730795e-01
   6.3942908e+02   1.8824171e-01
   6.3942882e+02   1.7007982e-01
   6.3942856e+02   1.5284656e-01
   6.3942830e+02   1.3656129e-01
   6.3942804e+02   1.2123839e-01
   6.3942778e+02   1.0688739e-01
   6.3942752e+02   9.3513007e-02
   6.3942726e+02   8.1115266e-02
   6.3942700e+02   6.9689621e-02
   6.3942674e+02   5.9227109e-02
   6.3942648e+02   4.9714524e-02
   6.3942622e+02   4.1134612e-02
   6.3942596e+02   3.3466282e-02
   6.3942570e+02   2.6684833e-02
   6.3942544e+02   2.0762207e-02
   6.3942518e+02   1.5667237e-02
   6.3942492e+02   1.1365927e-02
   6.3942466e+02   7.8217239e-03
   6.3942440e+02   4.9958126e-03
   6.3942414e+02   2.8474051e-03
   6.3942388e+02   1.3340407e-03
   6.3942362e+02   4.1188539e-04
   6.3942336e+02   3.6032157e-05
   6.3942310e+02   1.6079944e-04
   6.3942284e+02   7.4002587e-04
   6.3942258e+02   1.7273598e-03
   6.3942232e+02   3.0765415e-03
   6.3942206e+02   4.7416770e-03
   6.3942180e+02   6.6775009e-03
   6.3942154e+02   8.8396287e-03
   6.3942128e+02   1.1184795e-02
   6.3942102e+02   1.3671076e-02
   6.3942076e+02   1.6258101e-02
   6.3942050e+02   1.8907245e-02
   6.3942024e+02   2.1581798e-02
   6.3941998e+02   2.4247131e-02
   6.3941972e+02   2.6870826e-02
   6.3941946e+02   2.9422801e-02
   6.3941920e+02   3.1875409e-02
   6.3941894e+02   3.4203517e-02
   6.3941868e+02   3.6384569e-02
   6.3941842e+02   3.8398627e-02
   6.3941816e+02   4.0228394e-02
   6.3941790e+02   4.1859217e-02
   6.3941764e+02   4.3279073e-02
   6.3941738e+02   4.4478537e-02
   6.3941712e+02   4.5450734e-02
   6.3941686e+02   4.6191270e-02
   6.3941660e+02   4.6698155e-02
   6.3941634e+02   4.6971706e-02
   6.3941608e+02   4.7014440e-02
   6.3941582e+02   4.6830953e-02
   6.3941556e+02   4.6427790e-02
   6.3941530e+02   4.5813303e-02
   6.3941504e+02   4.4997502e-02
   6.3941478e+02   4.3991903e-02
   6.3941452e+02   4.2809360e-02
   6.3941426e+02   4.1463904e-02
   6.3941400e+02   3.9970575e-02
   6.3941375e+02   3.8345247e-02
   6.3941349e+02   3.6604461e-02
   6.3941323e+02   3.4765253e-02
   6.3941297e+02   3.2844992e-02
   6.3941271e+02   3.0861207e-02
   6.3941245e+02   2.8831436e-02
   6.3941219e+02   2.6773067e-02
   6.3941193e+02   2.4703194e-02
   6.3941167e+02   2.2638476e-02
   6.3941141e+02   2.0595005e-02
   6.3941115e+02   1.8588187e-02
   6.3941089e+02   1.6632627e-02
   6.3941063e+02   1.4742028e-02
   6.3941037e+02   1.2929103e-02
   6.3941011e+02   1.1205492e-02
   6.3940985e+02   9.5816969e-03
   6.3940959e+02   8.0670248e-03
   6.3940933e+02   6.6695436e-03
   6.3940907e+02   5.3960507e-03
   6.3940881e+02   4.2520524e-03
   6.3940855e+02   3.2417555e-03
   6.3940829e+02   2.3680700e-03
   6.3940803e+02   1.6326228e-03
   6.3940777e+02   1.0357826e-03
   6.3940751e+02   5.7669357e-04
   6.3940725e+02   2.5331992e-04
   6.3940699e+02   6.2498544e-05
   6.3940673e+02   1.4868537e-17
   6.3940647e+02   6.0596991e-05
   6.3940621e+02   2.3813946e-04
   6.3940595e+02   5.2563553e-04
   6.3940569e+02   9.1533747e-04
   6.3940543e+02   1.3988317e-03
   6.3940517e+02   1.9671323e-03
   6.3940491e+02   2.6107766e-03
   6.3940465e+02   3.3199224e-03
   6.3940439e+02   4.0844460e-03
   6.3940413e+02   4.8940397e-03
   6.3940387e+02   5.7383086e-03
   6.3940361e+02   6.6068654e-03
   6.3940335e+02   7.4894222e-03
   6.3940309e+02   8.3758801e-03
   6.3940283e+02   9.2564135e-03
   6.3940257e+02   1.0121550e-02
   6.3940231e+02   1.0962248e-02
   6.3940205e+02   1.1769960e-02
   6.3940179e+02   1.2536704e-02
   6.3940153e+02   1.3255112e-02
   6.3940127e+02   1.3918487e-02
   6.3940101e+02   1.4520839e-02
   6.3940075e+02   1.5056923e-02
   6.3940049e+02   1.5522270e-02
   6.3940023e+02   1.5913199e-02
   6.3939997e+02   1.6226839e-02
   6.3939971e+02   1.6461125e-02
   6.3939945e+02   1.6614804e-02
   6.3939919e+02   1.6687420e-02
   6.3939893e+02   1.6679301e-02
   6.3939867e+02   1.6591532e-02
   6.3939841e+02   1.6425931e-02
   6.3939815e+02   1.6185012e-02
   6.3939789e+02   1.5871944e-02
   6.3939763e+02   1.5490506e-02
   6.3939737e+02   1.5045038e-02
   6.3939711e+02   1.4540388e-02
   6.3939685e+02   1.3981853e-02
   6.3939659e+02   1.3375121e-02
   6.3939633e+02   1.2726212e-02
   6.3939607e+02   1.2041410e-02
   6.3939581e+02   1.1327200e-02
   6.3939555e+02   1.0590208e-02
   6.3939529e+02   9.8371303e-03
   6.3939503e+02   9.0746744e-03
   6.3939477e+02   8.3094953e-03
   6.3939451e+02   7.5481353e-03
   6.3939425e+02   6.7969662e-03
   6.3939399e+02   6.0621344e-03
   6.3939373e+02   5.3495086e-03
   6.3939347e+02   4.6646319e-03
   6.3939321e+02   4.0126778e-03
   6.3939295e+02   3.3984099e-03
   6.3939269e+02   2.8261471e-03
   6.3939243e+02   2.2997325e-03
   6.3939217e+02   1.8225085e-03
   6.3939191e+02   1.3972962e-03
   6.3939165e+02   1.0263802e-03
   6.3939139e+02   7.1149831e-04
   6.3939113e+02   4.5383739e-04
   6.3939087e+02   2.5403313e-04
   6.3939061e+02   1.1217566e-04
   6.3939035e+02   2.7819808e-05
   6.3939009e+02   3.0225005e-34
   6.3938983e+02   2.7249690e-05
   6.3938957e+02   1.0762497e-04
   6.3938931e+02   2.3873206e-04
   6.3938905e+02   4.1775843e-04
   6.3938879e+02   6.4150710e-04
   6.3938853e+02   9.0643378e-04
   6.3938827e+02   1.2086865e-03
   6.3938801e+02   1.5441474e-03
   6.3938775e+02   1.9084759e-03
   6.3938749e+02   2.2971532e-03
   6.3938723e+02   2.7055277e-03
   6.3938697e+02   3.1288607e-03
   6.3938671e+02   3.5623718e-03
   6.3938645e+02   4.0012841e-03
   6.3938619e+02   4.4408688e-03
   6.3938593e+02   4.8764873e-03
   6.3938567e+02   5.3036334e-03
   6.3938541e+02   5.7179723e-03
   6.3938515e+02   6.1153773e-03
   6.3938489e+02   6.4919650e-03
   6.3938463e+02   6.8441259e-03
   6.3938437e+02   7.1685538e-03
   6.3938411e+02   7.4622702e-03
   6.3938385e+02   7.7226463e-03
   6.3938359e+02   7.9474209e-03
   6.3938333e+02   8.1347150e-03
   6.3938307e+02   8.2830419e-03
   6.3938281e+02   8.3913141e-03
   6.3938255e+02   8.4588464e-03
   6.3938229e+02   8.4853545e-03
   6.3938203e+02   8.4709512e-03
   6.3938177e+02   8.4161374e-03
   6.3938151e+02   8.3217913e-03
   6.3938125e+02   8.1891527e-03
   6.3938099e+02   8.0198056e-03
   6.3938073e+02   7.8156572e-03
   6.3938047e+02   7.5789141e-03
   6.3938021e+02   7.3120567e-03
   6.3937995e+02   7.0178112e-03
   6.3937969e+02   6.6991197e-03
   6.3937943e+02   6.3591088e-03
   6.3937917e+02   6.0010575e-03
   6.3937891e+02   5.6283635e-03
   6.3937866e+02   5.2445093e-03
   6.3937840e+02   4.8530284e-03
   6.3937814e+02   4.4574711e-03
   6.3937788e+02   4.0613705e-03
   6.3937762e+02   3.6682104e-03
   6.3937736e+02   3.2813927e-03
   6.3937710e+02   2.9042070e-03
   6.3937684e+02   2.5398016e-03
   6.3937658e+02   2.1911560e-03
   6.3937632e+02   1.8610558e-03
   6.3937606e+02   1.5520698e-03
   6.3937580e+02   1.2665287e-03
   6.3937554e+02   1.0065076e-03
   6.3937528e+02   7.7381017e-04
   6.3937502e+02   5.6995626e-04
   6.3937476e+02   3.9617175e-04
   6.3937450e+02   2.5338181e-04
   6.3937424e+02   1.4220679e-04
   6.3937398e+02   6.2961188e-05
   6.3937372e+02   1.5655333e-05
   6.3937346e+02   2.0037265e-31
   6.3937320e+02   1.5413701e-05
   6.3937294e+02   6.1032611e-05
   6.3937268e+02   1.3572298e-04
   6.3937242e+02   2.3809588e-04
   6.3937216e+02   3.6652410e-04
   6.3937190e+02   5.1916107e-04
   6.3937164e+02   6.9396147e-04
   6.3937138e+02   8.8870344e-04
   6.3937112e+02   1.1010122e-03
   6.3937086e+02   1.3283844e-03
   6.3937060e+02   1.5682139e-03
   6.3937034e+02   1.8178176e-03
   6.3937008e+02   2.0744619e-03
   6.3936982e+02   2.3353890e-03
   6.3936956e+02   2.5978436e-03
   6.3936930e+02   2.8590982e-03
   6.3936904e+02   3.1164788e-03
   6.3936878e+02   3.3673894e-03
   6.3936852e+02   3.6093349e-03
   6.3936826e+02   3.8399434e-03
   6.3936800e+02   4.0569866e-03
   6.3936774e+02   4.2583991e-03
   6.3936748e+02   4.4422952e-03
   6.3936722e+02   4.6069840e-03
   6.3936696e+02   4.7509829e-03
   6.3936670e+02   4.8730286e-03
   6.3936644e+02   4.9720856e-03
   6.3936618e+02   5.0473531e-03
   6.3936592e+02   5.0982690e-03
   6.3936566e+02   5.1245121e-03
   6.3936540e+02   5.1260015e-03
   6.3936514e+02   5.1028942e-03
   6.3936488e+02   5.0555805e-03
   6.3936462e+02   4.9846765e-03
   6.3936436e+02   4.8910159e-03
   6.3936410e+02   4.7756386e-03
   6.3936384e+02   4.6397783e-03
   6.3936358e+02   4.4848481e-03
   6.3936332e+02   4.3124247e-03
   6.3936306e+02   4.1242315e-03
   6.3936280e+02   3.9221199e-03
   6.3936254e+02   3.7080506e-03
   6.3936228e+02   3.4840730e-03
   6.3936202e+02   3.2523052e-03
   6.3936176e+02   3.0149126e-03
   6.3936150e+02   2.7740871e-03
   6.3936124e+02   2.5320256e-03
   6.3936098e+02   2.2909098e-03
   6.3936072e+02   2.0528850e-03
   6.3936046e+02   1.8200407e-03
   6.3936020e+02   1.5943914e-03
   6.3935994e+02   1.3778586e-03
   6.3935968e+02   1.1722538e-03
   6.3935942e+02   9.7926226e-04
   6.3935916e+02   8.0042953e-04
   6.3935890e+02   6.3714787e-04
   6.3935864e+02   4.9064526e-04
   6.3935838e+02   3.6197586e-04
   6.3935812e+02   2.5201214e-04
   6.3935786e+02   1.6143894e-04
   6.3935760e+02   9.0749283e-05
   6.3935734e+02   4.0242125e-05
   6.3935708e+02   1.0021913e-05
   6.3935682e+02   1.7522040e-35
   6.3935656e+02   9.8978677e-06
   6.3935630e+02   3.9252095e-05
   6.3935604e+02   8.7421015e-05
   6.3935578e+02   1.5359297e-04
   6.3935552e+02   2.3679606e-04
   6.3935526e+02   3.3590933e-04
   6.3935500e+02   4.4967514e-04
   6.3935474e+02   5.7671279e-04
   6.3935448e+02   7.1553305e-04
   6.3935422e+02   8.6455357e-04
   6.3935396e+02   1.0221150e-03
   6.3935370e+02   1.1864977e-03
   6.3935344e+02   1.3559385e-03
   6.3935318e+02   1.5286484e-03
   6.3935292e+02   1.7028293e-03
   6.3935266e+02   1.8766915e-03
   6.3935241e+02   2.0484705e-03
   6.3935215e+02   2.2164433e-03
   6.3935189e+02   2.3789443e-03
   6.3935163e+02   2.5343807e-03
   6.3935137e+02   2.6812463e-03
   6.3935111e+02   2.8181350e-03
   6.3935085e+02   2.9437530e-03
   6.3935059e+02   3.0569296e-03
   6.3935033e+02   3.1566272e-03
   6.3935007e+02   3.2419493e-03
   6.3934981e+02   3.3121474e-03
   6.3934955e+02   3.3666266e-03
   6.3934929e+02   3.4049494e-03
   6.3934903e+02   3.4268380e-03
   6.3934877e+02   3.4321749e-03
   6.3934851e+02   3.4210028e-03
   6.3934825e+02   3.3935218e-03
   6.3934799e+02   3.3500861e-03
   6.3934773e+02   3.2911984e-03
   6.3934747e+02   3.2175042e-03
   6.3934721e+02   3.1297833e-03
   6.3934695e+02   3.0289415e-03
   6.3934669e+02   2.9160002e-03
   6.3934643e+02   2.7920855e-03
   6.3934617e+02   2.6584166e-03
   6.3934591e+02   2.5162927e-03
   6.3934565e+02   2.3670802e-03
   6.3934539e+02   2.2121987e-03
   6.3934513e+02   2.0531072e-03
   6.3934487e+02   1.8912895e-03
   6.3934461e+02   1.7282400e-03
   6.3934435e+02   1.5654492e-03
   6.3934409e+02   1.4043899e-03
   6.3934383e+02   1.2465030e-03
   6.3934357e+02   1.0931844e-03
   6.3934331e+02   9.4577212e-04
   6.3934305e+02   8.0553422e-04
   6.3934279e+02   6.7365739e-04
   6.3934253e+02   5.5123662e-04
   6.3934227e+02   4.3926572e-04
   6.3934201e+02   3.3862893e-04
   6.3934175e+02   2.5009367e-04
   6.3934149e+02   1.7430446e-04
   6.3934123e+02   1.1177806e-04
   6.3934097e+02   6.2899920e-05
   6.3934071e+02   2.7921823e-05
   6.3934045e+02   6.9609231e-06
   6.3934019e+02   2.1190391e-35
   6.3933993e+02   6.8890101e-06
   6.3933967e+02   2.7347881e-05
   6.3933941e+02   6.0970507e-05
   6.3933915e+02   1.0722991e-04
   6.3933889e+02   1.6548446e-04
   6.3933863e+02   2.3498519e-04
   6.3933837e+02   3.1488397e-04
   6.3933811e+02   4.0424262e-04
   6.3933785e+02   5.0204268e-04
   6.3933759e+02   6.0719600e-04
   6.3933733e+02   7.1855573e-04
   6.3933707e+02   8.3492783e-04
   6.3933681e+02   9.5508293e-04
   6.3933655e+02   1.0777683e-03
   6.3933629e+02   1.2017203e-03
   6.3933603e+02   1.3256759e-03
   6.3933577e+02   1.4483853e-03
   6.3933551e+02   1.5686236e-03
   6.3933525e+02   1.6852019e-03
   6.3933499e+02   1.7969783e-03
   6.3933473e+02   1.9028688e-03
   6.3933447e+02   2.0018564e-03
   6.3933421e+02   2.0930005e-03
   6.3933395e+02   2.1754452e-03
   6.3933369e+02   2.2484263e-03
   6.3933343e+02   2.3112777e-03
   6.3933317e+02   2.3634371e-03
   6.3933291e+02   2.4044501e-03
   6.3933265e+02   2.4339736e-03
   6.3933239e+02   2.4517780e-03
   6.3933213e+02   2.4577479e-03
   6.3933187e+02   2.4518830e-03
   6.3933161e+02   2.4342958e-03
   6.3933135e+02   2.4052106e-03
   6.3933109e+02   2.3649595e-03
   6.3933083e+02   2.3139786e-03
   6.3933058e+02   2.2528026e-03
   6.3933032e+02   2.1820591e-03
   6.3933006e+02   2.1024615e-03
   6.3932980e+02   2.0148013e-03
   6.3932954e+02   1.9199402e-03
   6.3932928e+02   1.8188008e-03
   6.3932902e+02   1.7123575e-03
   6.3932876e+02   1.6016266e-03
   6.3932850e+02   1.4876565e-03
   6.3932824e+02   1.3715168e-03
   6.3932798e+02   1.2542886e-03
   6.3932772e+02   1.1370537e-03
   6.3932746e+02   1.0208842e-03
   6.3932720e+02   9.0683276e-04
   6.3932694e+02   7.9592229e-04
   6.3932668e+02   6.8913677e-04
   6.3932642e+02   5.8741208e-04
   6.3932616e+02   4.9162759e-04
   6.3932590e+02   4.0259822e-04
   6.3932564e+02   3.2106729e-04
   6.3932538e+02   2.4770007e-04
   6.3932512e+02   1.8307812e-04
   6.3932486e+02   1.2769454e-04
   6.3932460e+02   8.1949981e-05
   6.3932434e+02   4.6149736e-05
   6.3932408e+02   2.0501620e-05
   6.3932382e+02   5.1148741e-06
   6.3932356e+02   4.0549392e-36
   6.3932330e+02   5.0695297e-06
   6.3932304e+02   2.0139727e-05
   6.3932278e+02   4.4933188e-05
   6.3932252e+02   7.9082313e-05
   6.3932226e+02   1.2213360e-04
   6.3932200e+02   1.7355273e-04
   6.3932174e+02   2.3273035e-04
   6.3932148e+02   2.9898859e-04
   6.3932122e+02   3.7158805e-04
   6.3932096e+02   4.4973547e-04
   6.3932070e+02   5.3259168e-04
   6.3932044e+02   6.1928009e-04
   6.3932018e+02   7.0889529e-04
   6.3931992e+02   8.0051201e-04
   6.3931966e+02   8.9319407e-04
   6.3931940e+02   9.8600342e-04
   6.3931914e+02   1.0780091e-03
   6.3931888e+02   1.1682961e-03
   6.3931862e+02   1.2559739e-03
   6.3931836e+02   1.3401847e-03
   6.3931810e+02   1.4201116e-03
   6.3931784e+02   1.4949856e-03
   6.3931758e+02   1.5640930e-03
   6.3931732e+02   1.6267814e-03
   6.3931706e+02   1.6824657e-03
   6.3931680e+02   1.7306326e-03
   6.3931654e+02   1.7708457e-03
   6.3931628e+02   1.8027483e-03
   6.3931602e+02   1.8260663e-03
   6.3931576e+02   1.8406106e-03
   6.3931550e+02   1.8462774e-03
   6.3931524e+02   1.8430493e-03
   6.3931498e+02   1.8309940e-03
   6.3931472e+02   1.8102635e-03
   6.3931446e+02   1.7810918e-03
   6.3931420e+02   1.7437917e-03
   6.3931394e+02   1.6987516e-03
   6.3931368e+02   1.6464310e-03
   6.3931342e+02   1.5873553e-03
   6.3931316e+02   1.5221107e-03
   6.3931290e+02   1.4513376e-03
   6.3931264e+02   1.3757244e-03
   6.3931238e+02   1.2960004e-03
   6.3931212e+02   1.2129285e-03
   6.3931186e+02   1.1272979e-03
   6.3931160e+02   1.0399157e-03
   6.3931135e+02   9.5159972e-04
   6.3931109e+02   8.6317034e-04
   6.3931083e+02   7.7544255e-04
   6.3931057e+02   6.8921834e-04
   6.3931031e+02   6.0527910e-04
   6.3931005e+02   5.2437831e-04
