   6.4153654e+02   1.5526705e-36
   6.4153235e+02   8.4182304e-06
   6.4152817e+02   1.6899634e-05
   6.4152398e+02   8.4815819e-06
   6.4151979e+02   8.3246616e-36
   6.4151561e+02   8.5456523e-06
   6.4151142e+02   1.7155921e-05
   6.4150723e+02   8.6104526e-06
   6.4150305e+02   3.4603126e-38
   6.4149886e+02   8.6759940e-06
   6.4149468e+02   1.7418092e-05
   6.4149049e+02   8.7422878e-06
   6.4148630e+02   8.8785495e-35
   6.4148212e+02   8.8093456e-06
   6.4147793e+02   1.7686329e-05
   6.4147375e+02   8.8771792e-06
   6.4146956e+02   6.8458432e-35
   6.4146537e+02   8.9458005e-06
   6.4146119e+02   1.7960821e-05
   6.4145700e+02   9.0152219e-06
   6.4145282e+02   1.1669070e-36
   6.4144863e+02   9.0854559e-06
   6.4144445e+02   1.8241763e-05
   6.4144026e+02   9.1565152e-06
   6.4143608e+02   4.5207576e-35
   6.4143189e+02   9.2284127e-06
   6.4142770e+02   1.8529360e-05
   6.4142352e+02   9.3011618e-06
   6.4141933e+02   2.6896096e-35
   6.4141515e+02   9.3747759e-06
   6.4141096e+02   1.8823823e-05
   6.4140678e+02   9.4492688e-06
   6.4140259e+02   3.5049017e-36
   6.4139841e+02   9.5246546e-06
   6.4139422e+02   1.9125374e-05
   6.4139004e+02   9.6009477e-06
   6.4138585e+02   1.2888141e-35
   6.4138167e+02   9.6781626e-06
   6.4137749e+02   1.9434241e-05
   6.4137330e+02   9.7563143e-06
   6.4136912e+02   5.7696213e-36
   6.4136493e+02   9.8354180e-06
   6.4136075e+02   1.9750664e-05
   6.4135656e+02   9.9154893e-06
   6.4135238e+02   5.6236724e-36
   6.4134819e+02   9.9965440e-06
   6.4134401e+02   2.0074890e-05
   6.4133983e+02   1.0078598e-05
   6.4133564e+02   6.3628189e-36
   6.4133146e+02   1.0161669e-05
   6.4132727e+02   2.0407181e-05
   6.4132309e+02   1.0245772e-05
   6.4131891e+02   2.7602928e-36
   6.4131472e+02   1.0330926e-05
   6.4131054e+02   2.0747804e-05
   6.4130635e+02   1.0417147e-05
   6.4130217e+02   7.5179906e-36
   6.4129799e+02   1.0504454e-05
   6.4129380e+02   2.1097042e-05
   6.4128962e+02   1.0592866e-05
   6.4128544e+02   4.0568465e-35
   6.4128125e+02   1.0682400e-05
   6.4127707e+02   2.1455187e-05
   6.4127289e+02   1.0773075e-05
   6.4126870e+02   7.0534692e-36
   6.4126452e+02   1.0864913e-05
   6.4126034e+02   2.1822546e-05
   6.4125615e+02   1.0957931e-05
   6.4125197e+02   9.9715525e-36
   6.4124779e+02   1.1052152e-05
   6.4124361e+02   2.2199438e-05
   6.4123942e+02   1.1147595e-05
   6.4123524e+02   2.6950205e-36
   6.4123106e+02   1.1244281e-05
   6.4122687e+02   2.2586196e-05
   6.4122269e+02   1.1342234e-05
   6.4121851e+02   1.7290774e-34
   6.4121433e+02   1.1441474e-05
   6.4121014e+02   2.2983167e-05
   6.4120596e+02   1.1542024e-05
   6.4120178e+02   1.3820401e-34
   6.4119760e+02   1.1643908e-05
   6.4119341e+02   2.3390716e-05
   6.4118923e+02   1.1747150e-05
   6.4118505e+02   7.9972735e-37
   6.4118087e+02   1.1851773e-05
   6.4117669e+02   2.3809220e-05
   6.4117250e+02   1.1957802e-05
   6.4116832e+02   2.4285069e-35
   6.4116414e+02   1.2065264e-05
   6.4115996e+02   2.4239079e-05
   6.4115578e+02   1.2174183e-05
   6.4115160e+02   3.0830367e-34
   6.4114741e+02   1.2284586e-05
   6.4114323e+02   2.4680705e-05
   6.4113905e+02   1.2396501e-05
   6.4113487e+02   2.2151486e-36
   6.4113069e+02   1.2509954e-05
   6.4112651e+02   2.5134534e-05
   6.4112232e+02   1.2624975e-05
   6.4111814e+02   1.1744560e-36
   6.4111396e+02   1.2741593e-05
   6.4110978e+02   2.5601020e-05
   6.4110560e+02   1.2859837e-05
   6.4110142e+02   1.8799332e-36
   6.4109724e+02   1.2979738e-05
   6.4109306e+02   2.6080639e-05
   6.4108888e+02   1.3101327e-05
   6.4108470e+02   3.0206677e-35
   6.4108051e+02   1.3224635e-05
   6.4107633e+02   2.6573888e-05
   6.4107215e+02   1.3349696e-05
   6.4106797e+02   4.8292176e-35
   6.4106379e+02   1.3476542e-05
   6.4105961e+02   2.7081291e-05
   6.4105543e+02   1.3605208e-05
   6.4105125e+02   4.2545265e-36
   6.4104707e+02   1.3735730e-05
   6.4104289e+02   2.7603395e-05
   6.4103871e+02   1.3868142e-05
   6.4103453e+02   2.1783411e-35
   6.4103035e+02   1.4002482e-05
   6.4102617e+02   2.8140774e-05
   6.4102199e+02   1.4138788e-05
   6.4101781e+02   7.5482757e-35
   6.4101363e+02   1.4277097e-05
   6.4100945e+02   2.8694030e-05
   6.4100527e+02   1.4417450e-05
   6.4100109e+02   4.8946372e-36
   6.4099691e+02   1.4559886e-05
   6.4099273e+02   2.9263798e-05
   6.4098855e+02   1.4704449e-05
   6.4098437e+02   5.1025360e-36
   6.4098019e+02   1.4851179e-05
   6.4097601e+02   2.9850741e-05
   6.4097183e+02   1.5000121e-05
   6.4096765e+02   4.1378026e-37
   6.4096348e+02   1.5151320e-05
   6.4095930e+02   3.0455559e-05
   6.4095512e+02   1.5304821e-05
   6.4095094e+02   1.1754099e-35
   6.4094676e+02   1.5460671e-05
   6.4094258e+02   3.1078985e-05
   6.4093840e+02   1.5618919e-05
   6.4093422e+02   8.7913228e-36
   6.4093004e+02   1.5779615e-05
   6.4092586e+02   3.1721793e-05
   6.4092169e+02   1.5942809e-05
   6.4091751e+02   3.9499270e-36
   6.4091333e+02   1.6108553e-05
   6.4090915e+02   3.2384796e-05
   6.4090497e+02   1.6276901e-05
   6.4090079e+02   5.4120493e-35
   6.4089661e+02   1.6447907e-05
   6.4089244e+02   3.3068850e-05
   6.4088826e+02   1.6621629e-05
   6.4088408e+02   7.6296489e-34
   6.4087990e+02   1.6798124e-05
   6.4087572e+02   3.3774859e-05
   6.4087155e+02   1.6977451e-05
   6.4086737e+02   4.2452687e-36
   6.4086319e+02   1.7159672e-05
   6.4085901e+02   3.4503774e-05
   6.4085483e+02   1.7344849e-05
   6.4085066e+02   1.9360599e-36
   6.4084648e+02   1.7533047e-05
   6.4084230e+02   3.5256599e-05
   6.4083812e+02   1.7724332e-05
   6.4083395e+02   2.2308973e-37
   6.4082977e+02   1.7918772e-05
   6.4082559e+02   3.6034395e-05
   6.4082141e+02   1.8116437e-05
   6.4081724e+02   3.8388163e-36
   6.4081306e+02   1.8317399e-05
   6.4080888e+02   3.6838279e-05
   6.4080470e+02   1.8521732e-05
   6.4080053e+02   2.0624389e-35
   6.4079635e+02   1.8729511e-05
   6.4079217e+02   3.7669436e-05
   6.4078800e+02   1.8940816e-05
   6.4078382e+02   1.7086070e-36
   6.4077964e+02   1.9155725e-05
   6.4077547e+02   3.8529116e-05
   6.4077129e+02   1.9374323e-05
   6.4076711e+02   2.1001014e-35
   6.4076294e+02   1.9596694e-05
   6.4075876e+02   3.9418642e-05
   6.4075458e+02   1.9822925e-05
   6.4075041e+02   4.1065695e-35
   6.4074623e+02   2.0053107e-05
   6.4074205e+02   4.0339418e-05
   6.4073788e+02   2.0287333e-05
   6.4073370e+02   1.9410450e-36
   6.4072952e+02   2.0525698e-05
   6.4072535e+02   4.1292928e-05
   6.4072117e+02   2.0768301e-05
   6.4071700e+02   5.4864948e-36
   6.4071282e+02   2.1015243e-05
   6.4070864e+02   4.2280746e-05
   6.4070447e+02   2.1266628e-05
   6.4070029e+02   9.7636520e-36
   6.4069612e+02   2.1522563e-05
   6.4069194e+02   4.3304545e-05
   6.4068777e+02   2.1783161e-05
   6.4068359e+02   1.3126337e-34
   6.4067941e+02   2.2048535e-05
   6.4067524e+02   4.4366098e-05
   6.4067106e+02   2.2318802e-05
   6.4066689e+02   6.9745956e-35
   6.4066271e+02   2.2594085e-05
   6.4065854e+02   4.5467292e-05
   6.4065436e+02   2.2874508e-05
   6.4065019e+02   1.1960881e-36
   6.4064601e+02   2.3160201e-05
   6.4064184e+02   4.6610132e-05
   6.4063766e+02   2.3451298e-05
   6.4063349e+02   1.1779097e-34
   6.4062931e+02   2.3747935e-05
   6.4062514e+02   4.7796752e-05
   6.4062096e+02   2.4050255e-05
   6.4061679e+02   5.4995598e-34
   6.4061261e+02   2.4358405e-05
   6.4060844e+02   4.9029426e-05
   6.4060426e+02   2.4672536e-05
   6.4060009e+02   1.6024195e-37
   6.4059591e+02   2.4992804e-05
   6.4059174e+02   5.0310579e-05
   6.4058757e+02   2.5319371e-05
   6.4058339e+02   1.6739188e-36
   6.4057922e+02   2.5652403e-05
   6.4057504e+02   5.1642797e-05
   6.4057087e+02   2.5992075e-05
   6.4056669e+02   3.3962290e-36
   6.4056252e+02   2.6338563e-05
   6.4055835e+02   5.3028841e-05
   6.4055417e+02   2.6692052e-05
   6.4055000e+02   1.8455106e-34
   6.4054583e+02   2.7052733e-05
   6.4054165e+02   5.4471665e-05
   6.4053748e+02   2.7420804e-05
   6.4053330e+02   4.1267657e-36
   6.4052913e+02   2.7796468e-05
   6.4052496e+02   5.5974427e-05
   6.4052078e+02   2.8179937e-05
   6.4051661e+02   1.6398100e-36
   6.4051244e+02   2.8571429e-05
   6.4050826e+02   5.7540510e-05
   6.4050409e+02   2.8971172e-05
   6.4049992e+02   9.5618470e-35
   6.4049574e+02   2.9379400e-05
   6.4049157e+02   5.9173542e-05
   6.4048740e+02   2.9796356e-05
   6.4048322e+02   5.4630837e-35
   6.4047905e+02   3.0222291e-05
   6.4047488e+02   6.0877415e-05
   6.4047071e+02   3.0657468e-05
   6.4046653e+02   7.5132746e-37
   6.4046236e+02   3.1102156e-05
   6.4045819e+02   6.2656309e-05
   6.4045402e+02   3.1556637e-05
   6.4044984e+02   6.8922946e-37
   6.4044567e+02   3.2021203e-05
   6.4044150e+02   6.4514722e-05
   6.4043733e+02   3.2496154e-05
   6.4043315e+02   1.0666828e-35
   6.4042898e+02   3.2981807e-05
   6.4042481e+02   6.6457494e-05
   6.4042064e+02   3.3478485e-05
   6.4041646e+02   8.8706283e-36
   6.4041229e+02   3.3986529e-05
   6.4040812e+02   6.8489844e-05
   6.4040395e+02   3.4506289e-05
   6.4039978e+02   1.5592510e-35
   6.4039560e+02   3.5038132e-05
   6.4039143e+02   7.0617404e-05
   6.4038726e+02   3.5582437e-05
   6.4038309e+02   3.7925952e-36
   6.4037892e+02   3.6139600e-05
   6.4037475e+02   7.2846261e-05
   6.4037057e+02   3.6710031e-05
   6.4036640e+02   2.0469059e-34
   6.4036223e+02   3.7294160e-05
   6.4035806e+02   7.5183000e-05
   6.4035389e+02   3.7892432e-05
   6.4034972e+02   6.6814273e-35
   6.4034555e+02   3.8505310e-05
   6.4034138e+02   7.7634755e-05
   6.4033720e+02   3.9133279e-05
   6.4033303e+02   4.7176929e-35
   6.4032886e+02   3.9776842e-05
   6.4032469e+02   8.0209269e-05
   6.4032052e+02   4.0436524e-05
   6.4031635e+02   4.2337445e-36
   6.4031218e+02   4.1112874e-05
   6.4030801e+02   8.2914953e-05
   6.4030384e+02   4.1806463e-05
   6.4029967e+02   2.3523443e-36
   6.4029550e+02   4.2517887e-05
   6.4029133e+02   8.5760964e-05
   6.4028716e+02   4.3247771e-05
   6.4028299e+02   7.4394025e-37
   6.4027882e+02   4.3996765e-05
   6.4027464e+02   8.8757278e-05
   6.4027047e+02   4.4765549e-05
   6.4026630e+02   3.7986369e-35
   6.4026213e+02   4.5554834e-05
   6.4025796e+02   9.1914793e-05
   6.4025379e+02   4.6365366e-05
   6.4024962e+02   4.9388113e-36
   6.4024545e+02   4.7197922e-05
   6.4024128e+02   9.5245426e-05
   6.4023711e+02   4.8053319e-05
   6.4023295e+02   5.6732848e-34
   6.4022878e+02   4.8932409e-05
   6.4022461e+02   9.8762235e-05
   6.4022044e+02   4.9836089e-05
   6.4021627e+02   3.5860425e-34
   6.4021210e+02   5.0765296e-05
   6.4020793e+02   1.0247956e-04
   6.4020376e+02   5.1721016e-05
   6.4019959e+02   3.5799528e-36
   6.4019542e+02   5.2704283e-05
   6.4019125e+02   1.0641317e-04
   6.4018708e+02   5.3716181e-05
   6.4018291e+02   1.4744967e-36
   6.4017874e+02   5.4757852e-05
   6.4017457e+02   1.1058045e-04
   6.4017041e+02   5.5830495e-05
   6.4016624e+02   1.2281384e-35
   6.4016207e+02   5.6935372e-05
   6.4015790e+02   1.1500062e-04
   6.4015373e+02   5.8073812e-05
   6.4014956e+02   1.4372584e-34
   6.4014539e+02   5.9247215e-05
   6.4014122e+02   1.1969497e-04
   6.4013706e+02   6.0457055e-05
   6.4013289e+02   6.6117456e-34
   6.4012872e+02   6.1704889e-05
   6.4012455e+02   1.2468713e-04
   6.4012038e+02   6.2992360e-05
   6.4011621e+02   2.4849478e-36
   6.4011205e+02   6.4321202e-05
   6.4010788e+02   1.3000342e-04
   6.4010371e+02   6.5693252e-05
   6.4009954e+02   5.1245184e-34
   6.4009537e+02   6.7110448e-05
   6.4009121e+02   1.3567323e-04
   6.4008704e+02   6.8574848e-05
   6.4008287e+02   1.9357919e-36
   6.4007870e+02   7.0088628e-05
   6.4007454e+02   1.4172950e-04
   6.4007037e+02   7.1654098e-05
   6.4006620e+02   7.3591337e-37
   6.4006203e+02   7.3273712e-05
   6.4005787e+02   1.4820926e-04
   6.4005370e+02   7.4950077e-05
   6.4004953e+02   7.9406647e-37
   6.4004536e+02   7.6685964e-05
   6.4004120e+02   1.5515429e-04
   6.4003703e+02   7.8484326e-05
   6.4003286e+02   9.6930683e-36
   6.4002869e+02   8.0348312e-05
   6.4002453e+02   1.6261191e-04
   6.4002036e+02   8.2281282e-05
   6.4001619e+02   2.2224407e-34
   6.4001203e+02   8.4286826e-05
   6.4000786e+02   1.7063601e-04
   6.4000369e+02   8.6368786e-05
   6.3999953e+02   2.3771610e-34
   6.3999536e+02   8.8531279e-05
   6.3999119e+02   1.7928819e-04
   6.3998703e+02   9.0778724e-05
   6.3998286e+02   4.7008150e-37
   6.3997869e+02   9.3115867e-05
   6.3997453e+02   1.8863932e-04
   6.3997036e+02   9.5547820e-05
   6.3996620e+02   8.5071172e-35
   6.3996203e+02   9.8080096e-05
   6.3995786e+02   1.9877139e-04
   6.3995370e+02   1.0071865e-04
   6.3994953e+02   3.3223849e-36
   6.3994536e+02   1.0346992e-04
   6.3994120e+02   2.0977999e-04
   6.3993703e+02   1.0634091e-04
   6.3993287e+02   3.5717053e-35
   6.3992870e+02   1.0933923e-04
   6.3992454e+02   2.2177738e-04
   6.3992037e+02   1.1247315e-04
   6.3991620e+02   6.0804306e-37
   6.3991204e+02   1.1575175e-04
   6.3990787e+02   2.3489675e-04
   6.3990371e+02   1.1918496e-04
   6.3989954e+02   8.6049561e-35
   6.3989538e+02   1.2278371e-04
   6.3989121e+02   2.4929777e-04
   6.3988705e+02   1.2656006e-04
   6.3988288e+02   1.8662886e-33
   6.3987872e+02   1.3052737e-04
   6.3987455e+02   2.6517442e-04
   6.3987039e+02   1.3470050e-04
   6.3986622e+02   3.7375643e-35
   6.3986206e+02   1.3909608e-04
   6.3985789e+02   2.8276606e-04
   6.3985373e+02   1.4373277e-04
   6.3984956e+02   4.0991386e-36
   6.3984540e+02   1.4863168e-04
   6.3984123e+02   3.0237366e-04
   6.3983707e+02   1.5381678e-04
   6.3983290e+02   1.6742345e-33
   6.3982874e+02   1.5931555e-04
   6.3982458e+02   3.2438454e-04
   6.3982041e+02   1.6515967e-04
   6.3981625e+02   5.0364022e-32
   6.3981208e+02   1.7138603e-04
   6.3980792e+02   3.4931160e-04
   6.3980375e+02   1.7803798e-04
   6.3979959e+02   2.2723587e-33
   6.3979543e+02   1.8516703e-04
   6.3979126e+02   3.7785869e-04
   6.3978710e+02   1.9283513e-04
   6.3978293e+02   2.8998070e-35
   6.3977877e+02   2.0111777e-04
   6.3977461e+02   4.1103580e-04
   6.3977044e+02   2.1010841e-04
   6.3976628e+02   6.6206926e-34
   6.3976212e+02   2.1992470e-04
   6.3975795e+02   4.5037600e-04
   6.3975379e+02   2.3071759e-04
   6.3974962e+02   4.1388969e-32
   6.3974546e+02   2.4268498e-04
   6.3974130e+02   4.9837743e-04
   6.3973713e+02   2.5609261e-04
   6.3973297e+02   6.6883967e-32
   6.3972881e+02   2.7130714e-04
   6.3972465e+02   5.5949359e-04
   6.3972048e+02   2.8885013e-04
   6.3971632e+02   3.0755140e-36
   6.3971216e+02   3.0948970e-04
   6.3970799e+02   6.4263148e-04
   6.3970383e+02   3.3440291e-04
   6.3969967e+02   2.9956797e-32
   6.3969551e+02   3.6547800e-04
   6.3969134e+02   7.6849353e-04
   6.3968718e+02   4.0591067e-04
   6.3968302e+02   2.4080127e-31
   6.3967885e+02   4.6146422e-04
   6.3967469e+02   9.9611822e-04
   6.3967053e+02   5.4336217e-04
   6.3966637e+02   1.9066067e-22
   6.3966221e+02   6.7562768e-04
   6.3965804e+02   1.5523281e-03
   6.3965388e+02   9.1599728e-04
   6.3964972e+02   7.6261371e-11
   6.3964556e+02   1.4261588e-03
   6.3964139e+02   3.8083073e-03
   6.3963723e+02   2.6008312e-03
   6.3963307e+02   2.3722349e-04
   6.3962891e+02   1.3810319e-02
   6.3962475e+02   6.6561730e-02
   6.3962059e+02   1.6507622e-01
   6.3961642e+02   2.8184474e-01
   6.3961226e+02   3.6404938e-01
   6.3960810e+02   3.6833334e-01
   6.3960394e+02   2.9397001e-01
   6.3959978e+02   1.8301669e-01
   6.3959562e+02   8.6568099e-02
   6.3959145e+02   3.0133759e-02
   6.3958729e+02   8.1417451e-03
   6.3958313e+02   2.9084357e-03
   6.3957897e+02   2.0554452e-03
   6.3957481e+02   1.3537414e-03
   6.3957065e+02   4.3844950e-04
   6.3956649e+02   1.6282088e-07
   6.3956233e+02   3.9318449e-04
   6.3955817e+02   7.9456426e-04
   6.3955400e+02   4.1418772e-04
   6.3954984e+02   9.0039583e-14
   6.3954568e+02   4.6068879e-04
   6.3954152e+02   9.7322344e-04
   6.3953736e+02   5.1348107e-04
   6.3953320e+02   1.2277543e-18
   6.3952904e+02   5.6956947e-04
   6.3952488e+02   1.1976732e-03
   6.3952072e+02   6.2904279e-04
   6.3951656e+02   2.0436334e-24
   6.3951240e+02   6.9279609e-04
   6.3950824e+02   1.4532803e-03
   6.3950408e+02   7.6201243e-04
   6.3949992e+02   3.0263945e-29
   6.3949576e+02   8.3805893e-04
   6.3949160e+02   1.7582494e-03
   6.3948744e+02   9.2250594e-04
   6.3948328e+02   1.9487075e-30
   6.3947912e+02   1.0171934e-03
   6.3947496e+02   2.1380980e-03
   6.3947080e+02   1.1243269e-03
   6.3946664e+02   1.2975655e-31
   6.3946248e+02   1.2466059e-03
   6.3945832e+02   2.6288888e-03
   6.3945416e+02   1.3873946e-03
   6.3945000e+02   1.4840679e-35
   6.3944584e+02   1.5509571e-03
   6.3944168e+02   3.2858700e-03
   6.3943752e+02   1.7427846e-03
   6.3943336e+02   1.6628677e-31
   6.3942920e+02   1.9700654e-03
   6.3942504e+02   4.1997487e-03
   6.3942088e+02   2.2423733e-03
   6.3941673e+02   6.6256906e-30
   6.3941257e+02   2.5727003e-03
   6.3940841e+02   5.5299821e-03
   6.3940425e+02   2.9790505e-03
   6.3940009e+02   7.5036855e-29
   6.3939593e+02   3.4869721e-03
   6.3939177e+02   7.5800839e-03
   6.3938761e+02   4.1337220e-03
   6.3938345e+02   2.5307748e-25
   6.3937930e+02   4.9753937e-03
   6.3937514e+02   1.0989917e-02
   6.3937098e+02   6.0997039e-03
   6.3936682e+02   4.8732195e-20
   6.3936266e+02   7.6502631e-03
   6.3935850e+02   1.7313487e-02
   6.3935435e+02   9.8759300e-03
   6.3935019e+02   2.4428667e-13
   6.3934603e+02   1.3240620e-02
   6.3934187e+02   3.1227559e-02
   6.3933771e+02   1.8699438e-02
   6.3933355e+02   4.9909568e-08
   6.3932940e+02   2.8373734e-02
   6.3932524e+02   7.2726903e-02
   6.3932108e+02   4.7892892e-02
   6.3931692e+02   8.5195101e-04
   6.3931277e+02   1.2274260e-01
   6.3930861e+02   4.5173564e-01
   6.3930445e+02   6.9050043e-01
   6.3930029e+02   5.3430386e-01
   6.3929614e+02   1.4272718e-01
   6.3929198e+02   3.3017739e-02
   6.3928782e+02   4.2859000e-01
   6.3928366e+02   9.3164897e-01
   6.3927951e+02   1.0000000e+00
   6.3927535e+02   5.9434866e-01
   6.3927119e+02   1.5053984e-01
   6.3926703e+02   1.1895340e-04
   6.3926288e+02   5.7661197e-02
   6.3925872e+02   8.5550996e-02
   6.3925456e+02   3.2842475e-02
   6.3925041e+02   1.0271931e-10
   6.3924625e+02   2.1140496e-02
   6.3924209e+02   3.5053916e-02
   6.3923794e+02   1.4775618e-02
   6.3923378e+02   8.7773330e-22
   6.3922962e+02   1.0925282e-02
   6.3922547e+02   1.9092328e-02
   6.3922131e+02   8.4146662e-03
   6.3921715e+02   5.8301443e-32
   6.3921300e+02   6.6847170e-03
   6.3920884e+02   1.2029243e-02
   6.3920468e+02   5.4411074e-03
   6.3920053e+02   3.0244582e-32
   6.3919637e+02   4.5165903e-03
   6.3919221e+02   8.2815892e-03
   6.3918806e+02   3.8102803e-03
   6.3918390e+02   1.0007283e-34
   6.3917975e+02   3.2583260e-03
   6.3917559e+02   6.0530016e-03
   6.3917143e+02   2.8186861e-03
   6.3916728e+02   8.8050937e-32
   6.3916312e+02   2.4627472e-03
   6.3915897e+02   4.6193190e-03
   6.3915481e+02   2.1704788e-03
   6.3915066e+02   1.1289723e-31
   6.3914650e+02   1.9275143e-03
   6.3914234e+02   3.6422347e-03
   6.3913819e+02   1.7233295e-03
   6.3913403e+02   3.5523617e-34
   6.3912988e+02   1.5500706e-03
   6.3912572e+02   2.9462355e-03
   6.3912157e+02   1.4017789e-03
   6.3911741e+02   6.4041594e-36
   6.3911326e+02   1.2738673e-03
   6.3910910e+02   2.4328076e-03
   6.3910495e+02   1.1627572e-03
   6.3910079e+02   7.3023007e-33
   6.3909664e+02   1.0656237e-03
   6.3909248e+02   2.0431505e-03
   6.3908833e+02   9.8021230e-04
   6.3908417e+02   1.0682693e-32
   6.3908002e+02   9.0470619e-04
   6.3907586e+02   1.7403895e-03
   6.3907171e+02   8.3762781e-04
   6.3906755e+02   9.5219861e-34
   6.3906340e+02   7.7776557e-04
   6.3905925e+02   1.5004413e-03
   6.3905509e+02   7.2411833e-04
   6.3905094e+02   2.9700828e-35
   6.3904678e+02   6.7585295e-04
   6.3904263e+02   1.3070316e-03
   6.3903847e+02   6.3227155e-04
   6.3903432e+02   1.5798184e-33
   6.3903017e+02   5.9278596e-04
   6.3902601e+02   1.1488405e-03
   6.3902186e+02   5.5689763e-04
   6.3901770e+02   6.8961334e-33
   6.3901355e+02   5.2418171e-04
   6.3900940e+02   1.0177952e-03
   6.3900524e+02   4.9427434e-04
   6.3900109e+02   2.0861568e-35
   6.3899693e+02   4.6686245e-04
   6.3899278e+02   9.0801256e-04
   6.3898863e+02   4.4167545e-04
   6.3898447e+02   5.2921492e-36
   6.3898032e+02   4.1847849e-04
   6.3897617e+02   8.1512258e-04
   6.3897201e+02   3.9706697e-04
   6.3896786e+02   1.8376167e-34
   6.3896371e+02   3.7726193e-04
   6.3895955e+02   7.3582401e-04
   6.3895540e+02   3.5890633e-04
   6.3895125e+02   2.1132389e-35
   6.3894710e+02   3.4186186e-04
   6.3894294e+02   6.6758513e-04
   6.3893879e+02   3.2600637e-04
   6.3893464e+02   4.1001237e-37
   6.3893048e+02   3.1123160e-04
   6.3892633e+02   6.0843799e-04
   6.3892218e+02   2.9744136e-04
   6.3891803e+02   2.9003710e-36
   6.3891387e+02   2.8454994e-04
   6.3890972e+02   5.5683407e-04
   6.3890557e+02   2.7248078e-04
   6.3890142e+02   4.1000323e-35
   6.3889726e+02   2.6116529e-04
   6.3889311e+02   5.1154137e-04
   6.3888896e+02   2.5054191e-04
   6.3888481e+02   2.5767264e-33
   6.3888065e+02   2.4055524e-04
   6.3887650e+02   4.7156972e-04
   6.3887235e+02   2.3115531e-04
   6.3886820e+02   1.5978829e-36
   6.3886405e+02   2.2229699e-04
   6.3885989e+02   4.3611599e-04
   6.3885574e+02   2.1393938e-04
   6.3885159e+02   2.2644145e-36
   6.3884744e+02   2.0604539e-04
   6.3884329e+02   4.0452319e-04
   6.3883914e+02   1.9858131e-04
   6.3883498e+02   6.6601363e-36
   6.3883083e+02   1.9151642e-04
   6.3882668e+02   3.7624967e-04
   6.3882253e+02   1.8482274e-04
   6.3881838e+02   2.6703970e-34
   6.3881423e+02   1.7847465e-04
   6.3881008e+02   3.5084561e-04
   6.3880593e+02   1.7244874e-04
   6.3880177e+02   1.6907492e-34
   6.3879762e+02   1.6672354e-04
   6.3879347e+02   3.2793496e-04
   6.3878932e+02   1.6127934e-04
   6.3878517e+02   9.4296830e-37
   6.3878102e+02   1.5609803e-04
   6.3877687e+02   3.0720138e-04
   6.3877272e+02   1.5116292e-04
   6.3876857e+02   8.8809400e-34
   6.3876442e+02   1.4645865e-04
   6.3876027e+02   2.8837718e-04
   6.3875612e+02   1.4197101e-04
   6.3875197e+02   2.2238340e-33
   6.3874782e+02   1.3768689e-04
   6.3874366e+02   2.7123464e-04
   6.3873951e+02   1.3359415e-04
   6.3873536e+02   3.4927077e-35
   6.3873121e+02   1.2968154e-04
   6.3872706e+02   2.5557900e-04
   6.3872291e+02   1.2593864e-04
   6.3871876e+02   1.6116690e-37
   6.3871461e+02   1.2235575e-04
   6.3871046e+02   2.4124296e-04
   6.3870631e+02   1.1892388e-04
   6.3870216e+02   1.3239067e-35
   6.3869801e+02   1.1563464e-04
   6.3869386e+02   2.2808210e-04
   6.3868972e+02   1.1248023e-04
   6.3868557e+02   2.3948618e-34
   6.3868142e+02   1.0945337e-04
   6.3867727e+02   2.1597125e-04
   6.3867312e+02   1.0654726e-04
   6.3866897e+02   6.2994412e-35
   6.3866482e+02   1.0375557e-04
   6.3866067e+02   2.0480151e-04
   6.3865652e+02   1.0107235e-04
   6.3865237e+02   3.0664515e-36
   6.3864822e+02   9.8492048e-05
   6.3864407e+02   1.9447771e-04
   6.3863992e+02   9.6009466e-05
   6.3863577e+02   1.8898885e-35
   6.3863163e+02   9.3619725e-05
   6.3862748e+02   1.8491645e-04
   6.3862333e+02   9.1318246e-05
   6.3861918e+02   9.0214659e-37
   6.3861503e+02   8.9100731e-05
   6.3861088e+02   1.7604438e-04
   6.3860673e+02   8.6963140e-05
   6.3860258e+02   6.6618848e-37
   6.3859844e+02   8.4901675e-05
   6.3859429e+02   1.6779673e-04
   6.3859014e+02   8.2912759e-05
   6.3858599e+02   4.5301620e-36
   6.3858184e+02   8.0993023e-05
   6.3857769e+02   1.6011620e-04
   6.3857355e+02   7.9139293e-05
   6.3856940e+02   2.9430393e-35
   6.3856525e+02   7.7348574e-05
   6.3856110e+02   1.5295191e-04
   6.3855695e+02   7.5618040e-05
   6.3855281e+02   9.7643374e-35
   6.3854866e+02   7.3945020e-05
   6.3854451e+02   1.4625857e-04
   6.3854036e+02   7.2326991e-05
   6.3853622e+02   6.0006233e-35
   6.3853207e+02   7.0761567e-05
   6.3852792e+02   1.3999574e-04
   6.3852377e+02   6.9246490e-05
   6.3851963e+02   3.2625642e-36
   6.3851548e+02   6.7779622e-05
   6.3851133e+02   1.3412726e-04
   6.3850718e+02   6.6358937e-05
   6.3850304e+02   5.1149641e-35
   6.3849889e+02   6.4982514e-05
   6.3849474e+02   1.2862066e-04
   6.3849060e+02   6.3648532e-05
   6.3848645e+02   2.6835289e-34
   6.3848230e+02   6.2355262e-05
   6.3847815e+02   1.2344676e-04
   6.3847401e+02   6.1101063e-05
   6.3846986e+02   4.1859472e-37
   6.3846571e+02   5.9884375e-05
   6.3846157e+02   1.1857926e-04
   6.3845742e+02   5.8703716e-05
   6.3845327e+02   1.4499973e-36
   6.3844913e+02   5.7557676e-05
   6.3844498e+02   1.1399443e-04
   6.3844083e+02   5.6444913e-05
   6.3843669e+02   1.3754822e-35
   6.3843254e+02   5.5364151e-05
   6.3842840e+02   1.0967077e-04
   6.3842425e+02   5.4314172e-05
   6.3842010e+02   4.8013939e-35
   6.3841596e+02   5.3293818e-05
   6.3841181e+02   1.0558881e-04
   6.3840767e+02   5.2301983e-05
   6.3840352e+02   2.4926286e-36
   6.3839937e+02   5.1337614e-05
   6.3839523e+02   1.0173083e-04
   6.3839108e+02   5.0399706e-05
   6.3838694e+02   5.2932239e-36
   6.3838279e+02   4.9487297e-05
   6.3837864e+02   9.8080734e-05
   6.3837450e+02   4.8599471e-05
   6.3837035e+02   2.2293858e-34
   6.3836621e+02   4.7735353e-05
   6.3836206e+02   9.4623842e-05
   6.3835792e+02   4.6894105e-05
   6.3835377e+02   1.4291988e-33
   6.3834963e+02   4.6074925e-05
   6.3834548e+02   9.1346742e-05
   6.3834134e+02   4.5277049e-05
   6.3833719e+02   1.6801392e-36
   6.3833305e+02   4.4499744e-05
   6.3832890e+02   8.8237170e-05
   6.3832476e+02   4.3742308e-05
   6.3832061e+02   2.5961744e-36
   6.3831647e+02   4.3004068e-05
   6.3831232e+02   8.5283890e-05
   6.3830818e+02   4.2284382e-05
   6.3830403e+02   1.7577950e-35
   6.3829989e+02   4.1582631e-05
   6.3829574e+02   8.2476592e-05
   6.3829160e+02   4.0898225e-05
   6.3828746e+02   6.2610629e-35
   6.3828331e+02   4.0230597e-05
   6.3827917e+02   7.9805806e-05
   6.3827502e+02   3.9579201e-05
   6.3827088e+02   4.1677175e-36
   6.3826673e+02   3.8943516e-05
   6.3826259e+02   7.7262815e-05
   6.3825845e+02   3.8323040e-05
   6.3825430e+02   3.4941701e-36
   6.3825016e+02   3.7717291e-05
   6.3824601e+02   7.4839588e-05
   6.3824187e+02   3.7125807e-05
   6.3823773e+02   3.9479041e-34
   6.3823358e+02   3.6548142e-05
   6.3822944e+02   7.2528716e-05
   6.3822530e+02   3.5983870e-05
   6.3822115e+02   6.1967241e-35
   6.3821701e+02   3.5432579e-05
   6.3821286e+02   7.0323354e-05
   6.3820872e+02   3.4893874e-05
   6.3820458e+02   3.9484036e-36
   6.3820043e+02   3.4367374e-05
   6.3819629e+02   6.8217172e-05
   6.3819215e+02   3.3852713e-05
   6.3818801e+02   1.1175652e-36
   6.3818386e+02   3.3349539e-05
   6.3817972e+02   6.6204306e-05
   6.3817558e+02   3.2857512e-05
   6.3817143e+02   9.9487959e-36
   6.3816729e+02   3.2376305e-05
   6.3816315e+02   6.4279320e-05
   6.3815900e+02   3.1905603e-05
   6.3815486e+02   3.7799326e-36
   6.3815072e+02   3.1445102e-05
   6.3814658e+02   6.2437169e-05
   6.3814243e+02   3.0994509e-05
   6.3813829e+02   2.4358029e-36
   6.3813415e+02   3.0553542e-05
   6.3813001e+02   6.0673165e-05
   6.3812586e+02   3.0121928e-05
   6.3812172e+02   3.9292690e-36
   6.3811758e+02   2.9699405e-05
   6.3811344e+02   5.8982946e-05
   6.3810930e+02   2.9285719e-05
   6.3810515e+02   3.6531172e-35
   6.3810101e+02   2.8880625e-05
   6.3809687e+02   5.7362452e-05
   6.3809273e+02   2.8483887e-05
   6.3808859e+02   3.5225799e-36
   6.3808444e+02   2.8095276e-05
   6.3808030e+02   5.5807898e-05
   6.3807616e+02   2.7714571e-05
   6.3807202e+02   2.3383839e-36
   6.3806788e+02   2.7341560e-05
   6.3806374e+02   5.4315751e-05
   6.3805959e+02   2.6976037e-05
   6.3805545e+02   1.8961812e-36
   6.3805131e+02   2.6617802e-05
   6.3804717e+02   5.2882713e-05
   6.3804303e+02   2.6266662e-05
   6.3803889e+02   5.4088323e-36
   6.3803475e+02   2.5922432e-05
   6.3803061e+02   5.1505702e-05
   6.3802646e+02   2.5584931e-05
   6.3802232e+02   2.1614345e-34
   6.3801818e+02   2.5253984e-05
   6.3801404e+02   5.0181833e-05
   6.3800990e+02   2.4929424e-05
   6.3800576e+02   1.2258995e-34
   6.3800162e+02   2.4611087e-05
   6.3799748e+02   4.8908404e-05
   6.3799334e+02   2.4298814e-05
   6.3798920e+02   2.6133111e-36
   6.3798506e+02   2.3992453e-05
   6.3798092e+02   4.7682884e-05
   6.3797678e+02   2.3691854e-05
   6.3797264e+02   3.7463077e-35
   6.3796850e+02   2.3396875e-05
   6.3796436e+02   4.6502899e-05
   6.3796022e+02   2.3107377e-05
   6.3795608e+02   4.5969267e-35
   6.3795194e+02   2.2823223e-05
   6.3794780e+02   4.5366219e-05
   6.3794366e+02   2.2544283e-05
   6.3793952e+02   1.1483168e-36
   6.3793538e+02   2.2270431e-05
   6.3793124e+02   4.4270748e-05
   6.3792710e+02   2.2001543e-05
   6.3792296e+02   7.6018306e-36
   6.3791882e+02   2.1737501e-05
   6.3791468e+02   4.3214520e-05
   6.3791054e+02   2.1478187e-05
   6.3790640e+02   7.1033609e-37
   6.3790226e+02   2.1223491e-05
   6.3789812e+02   4.2195679e-05
   6.3789398e+02   2.0973302e-05
   6.3788984e+02   2.3083276e-35
   6.3788570e+02   2.0727515e-05
   6.3788156e+02   4.1212481e-05
   6.3787742e+02   2.0486028e-05
   6.3787328e+02   1.0509593e-35
   6.3786915e+02   2.0248741e-05
   6.3786501e+02   4.0263283e-05
   6.3786087e+02   2.0015556e-05
   6.3785673e+02   3.5828536e-37
   6.3785259e+02   1.9786380e-05
   6.3784845e+02   3.9346533e-05
   6.3784431e+02   1.9561121e-05
   6.3784017e+02   5.8183185e-35
   6.3783604e+02   1.9339691e-05
   6.3783190e+02   3.8460768e-05
   6.3782776e+02   1.9122003e-05
   6.3782362e+02   4.7341171e-35
   6.3781948e+02   1.8907973e-05
   6.3781534e+02   3.7604608e-05
   6.3781120e+02   1.8697520e-05
   6.3780707e+02   2.1701003e-36
   6.3780293e+02   1.8490564e-05
   6.3779879e+02   3.6776747e-05
   6.3779465e+02   1.8287028e-05
   6.3779051e+02   1.6944367e-35
   6.3778638e+02   1.8086838e-05
   6.3778224e+02   3.5975950e-05
   6.3777810e+02   1.7889921e-05
   6.3777396e+02   7.6810841e-36
   6.3776983e+02   1.7696204e-05
   6.3776569e+02   3.5201050e-05
   6.3776155e+02   1.7505620e-05
   6.3775741e+02   2.9478270e-35
   6.3775328e+02   1.7318102e-05
   6.3774914e+02   3.4450942e-05
   6.3774500e+02   1.7133583e-05
   6.3774086e+02   5.4670416e-38
   6.3773673e+02   1.6952000e-05
   6.3773259e+02   3.3724580e-05
   6.3772845e+02   1.6773291e-05
   6.3772431e+02   6.0392679e-38
   6.3772018e+02   1.6597396e-05
   6.3771604e+02   3.3020970e-05
   6.3771190e+02   1.6424256e-05
   6.3770777e+02   1.9107540e-35
   6.3770363e+02   1.6253813e-05
   6.3769949e+02   3.2339172e-05
   6.3769536e+02   1.6086013e-05
   6.3769122e+02   1.3227741e-34
   6.3768708e+02   1.5920800e-05
   6.3768295e+02   3.1678294e-05
   6.3767881e+02   1.5758121e-05
   6.3767467e+02   9.2629826e-36
   6.3767054e+02   1.5597926e-05
   6.3766640e+02   3.1037487e-05
   6.3766226e+02   1.5440163e-05
   6.3765813e+02   6.3095771e-37
   6.3765399e+02   1.5284784e-05
   6.3764986e+02   3.0415947e-05
   6.3764572e+02   1.5131741e-05
   6.3764158e+02   6.8976707e-36
   6.3763745e+02   1.4980987e-05
   6.3763331e+02   2.9812909e-05
   6.3762918e+02   1.4832477e-05
   6.3762504e+02   2.5287688e-36
   6.3762090e+02   1.4686167e-05
   6.3761677e+02   2.9227646e-05
   6.3761263e+02   1.4542013e-05
   6.3760850e+02   1.1540908e-35
   6.3760436e+02   1.4399973e-05
   6.3760023e+02   2.8659465e-05
   6.3759609e+02   1.4260005e-05
   6.3759195e+02   1.0650666e-36
   6.3758782e+02   1.4122071e-05
   6.3758368e+02   2.8107707e-05
   6.3757955e+02   1.3986130e-05
   6.3757541e+02   4.7305462e-35
   6.3757128e+02   1.3852145e-05
   6.3756714e+02   2.7571747e-05
   6.3756301e+02   1.3720077e-05
   6.3755887e+02   3.0039529e-35
   6.3755474e+02   1.3589891e-05
   6.3755060e+02   2.7050985e-05
   6.3754647e+02   1.3461551e-05
   6.3754233e+02   4.7983740e-36
   6.3753820e+02   1.3335022e-05
   6.3753406e+02   2.6544853e-05
   6.3752993e+02   1.3210271e-05
   6.3752580e+02   3.3910623e-36
   6.3752166e+02   1.3087264e-05
   6.3751753e+02   2.6052807e-05
   6.3751339e+02   1.2965968e-05
   6.3750926e+02   7.9561827e-36
   6.3750512e+02   1.2846352e-05
   6.3750099e+02   2.5574330e-05
   6.3749686e+02   1.2728386e-05
   6.3749272e+02   2.2873154e-36
   6.3748859e+02   1.2612039e-05
   6.3748445e+02   2.5108927e-05
   6.3748032e+02   1.2497282e-05
   6.3747619e+02   3.7136313e-35
   6.3747205e+02   1.2384085e-05
   6.3746792e+02   2.4656125e-05
   6.3746378e+02   1.2272420e-05
   6.3745965e+02   3.1127043e-36
   6.3745552e+02   1.2162261e-05
   6.3745138e+02   2.4215474e-05
   6.3744725e+02   1.2053580e-05
   6.3744312e+02   1.0759816e-34
   6.3743898e+02   1.1946350e-05
   6.3743485e+02   2.3786543e-05
   6.3743072e+02   1.1840546e-05
   6.3742658e+02   4.1417470e-34
   6.3742245e+02   1.1736143e-05
   6.3741832e+02   2.3368919e-05
   6.3741418e+02   1.1633117e-05
   6.3741005e+02   6.4621775e-37
   6.3740592e+02   1.1531442e-05
   6.3740178e+02   2.2962209e-05
   6.3739765e+02   1.1431096e-05
   6.3739352e+02   4.2029443e-36
   6.3738939e+02   1.1332055e-05
   6.3738525e+02   2.2566035e-05
   6.3738112e+02   1.1234297e-05
   6.3737699e+02   3.7619313e-36
