   6.4153654e+02   4.0418139e-02
   6.4153235e+02   4.0581662e-02
   6.4152817e+02   4.0746180e-02
   6.4152398e+02   4.0911701e-02
   6.4151979e+02   4.1078232e-02
   6.4151561e+02   4.1245783e-02
   6.4151142e+02   4.1414360e-02
   6.4150723e+02   4.1583974e-02
   6.4150305e+02   4.1754632e-02
   6.4149886e+02   4.1926342e-02
   6.4149468e+02   4.2099115e-02
   6.4149049e+02   4.2272957e-02
   6.4148630e+02   4.2447878e-02
   6.4148212e+02   4.2623888e-02
   6.4147793e+02   4.2800994e-02
   6.4147375e+02   4.2979207e-02
   6.4146956e+02   4.3158535e-02
   6.4146537e+02   4.3338988e-02
   6.4146119e+02   4.3520575e-02
   6.4145700e+02   4.3703305e-02
   6.4145282e+02   4.3887189e-02
   6.4144863e+02   4.4072235e-02
   6.4144445e+02   4.4258455e-02
   6.4144026e+02   4.4445856e-02
   6.4143608e+02   4.4634451e-02
   6.4143189e+02   4.4824248e-02
   6.4142770e+02   4.5015258e-02
   6.4142352e+02   4.5207492e-02
   6.4141933e+02   4.5400959e-02
   6.4141515e+02   4.5595670e-02
   6.4141096e+02   4.5791637e-02
   6.4140678e+02   4.5988869e-02
   6.4140259e+02   4.6187378e-02
   6.4139841e+02   4.6387174e-02
   6.4139422e+02   4.6588270e-02
   6.4139004e+02   4.6790675e-02
   6.4138585e+02   4.6994402e-02
   6.4138167e+02   4.7199461e-02
   6.4137749e+02   4.7405866e-02
   6.4137330e+02   4.7613626e-02
   6.4136912e+02   4.7822755e-02
   6.4136493e+02   4.8033263e-02
   6.4136075e+02   4.8245165e-02
   6.4135656e+02   4.8458470e-02
   6.4135238e+02   4.8673193e-02
   6.4134819e+02   4.8889345e-02
   6.4134401e+02   4.9106939e-02
   6.4133983e+02   4.9325989e-02
   6.4133564e+02   4.9546506e-02
   6.4133146e+02   4.9768505e-02
   6.4132727e+02   4.9991997e-02
   6.4132309e+02   5.0216998e-02
   6.4131891e+02   5.0443519e-02
   6.4131472e+02   5.0671576e-02
   6.4131054e+02   5.0901182e-02
   6.4130635e+02   5.1132350e-02
   6.4130217e+02   5.1365095e-02
   6.4129799e+02   5.1599432e-02
   6.4129380e+02   5.1835374e-02
   6.4128962e+02   5.2072937e-02
   6.4128544e+02   5.2312136e-02
   6.4128125e+02   5.2552984e-02
   6.4127707e+02   5.2795498e-02
   6.4127289e+02   5.3039693e-02
   6.4126870e+02   5.3285584e-02
   6.4126452e+02   5.3533186e-02
   6.4126034e+02   5.3782517e-02
   6.4125615e+02   5.4033591e-02
   6.4125197e+02   5.4286426e-02
   6.4124779e+02   5.4541037e-02
   6.4124361e+02   5.4797441e-02
   6.4123942e+02   5.5055655e-02
   6.4123524e+02   5.5315696e-02
   6.4123106e+02   5.5577582e-02
   6.4122687e+02   5.5841328e-02
   6.4122269e+02   5.6106954e-02
   6.4121851e+02   5.6374477e-02
   6.4121433e+02   5.6643915e-02
   6.4121014e+02   5.6915285e-02
   6.4120596e+02   5.7188608e-02
   6.4120178e+02   5.7463901e-02
   6.4119760e+02   5.7741183e-02
   6.4119341e+02   5.8020473e-02
   6.4118923e+02   5.8301791e-02
   6.4118505e+02   5.8585156e-02
   6.4118087e+02   5.8870588e-02
   6.4117669e+02   5.9158108e-02
   6.4117250e+02   5.9447734e-02
   6.4116832e+02   5.9739489e-02
   6.4116414e+02   6.0033392e-02
   6.4115996e+02   6.0329465e-02
   6.4115578e+02   6.0627729e-02
   6.4115160e+02   6.0928205e-02
   6.4114741e+02   6.1230916e-02
   6.4114323e+02   6.1535883e-02
   6.4113905e+02   6.1843129e-02
   6.4113487e+02   6.2152677e-02
   6.4113069e+02   6.2464548e-02
   6.4112651e+02   6.2778768e-02
   6.4112232e+02   6.3095358e-02
   6.4111814e+02   6.3414343e-02
   6.4111396e+02   6.3735746e-02
   6.4110978e+02   6.4059593e-02
   6.4110560e+02   6.4385907e-02
   6.4110142e+02   6.4714715e-02
   6.4109724e+02   6.5046040e-02
   6.4109306e+02   6.5379909e-02
   6.4108888e+02   6.5716348e-02
   6.4108470e+02   6.6055382e-02
   6.4108051e+02   6.6397039e-02
   6.4107633e+02   6.6741345e-02
   6.4107215e+02   6.7088327e-02
   6.4106797e+02   6.7438014e-02
   6.4106379e+02   6.7790433e-02
   6.4105961e+02   6.8145612e-02
   6.4105543e+02   6.8503580e-02
   6.4105125e+02   6.8864367e-02
   6.4104707e+02   6.9228001e-02
   6.4104289e+02   6.9594512e-02
   6.4103871e+02   6.9963932e-02
   6.4103453e+02   7.0336289e-02
   6.4103035e+02   7.0711615e-02
   6.4102617e+02   7.1089942e-02
   6.4102199e+02   7.1471301e-02
   6.4101781e+02   7.1855725e-02
   6.4101363e+02   7.2243246e-02
   6.4100945e+02   7.2633897e-02
   6.4100527e+02   7.3027712e-02
   6.4100109e+02   7.3424724e-02
   6.4099691e+02   7.3824968e-02
   6.4099273e+02   7.4228480e-02
   6.4098855e+02   7.4635293e-02
   6.4098437e+02   7.5045444e-02
   6.4098019e+02   7.5458970e-02
   6.4097601e+02   7.5875906e-02
   6.4097183e+02   7.6296291e-02
   6.4096765e+02   7.6720161e-02
   6.4096348e+02   7.7147556e-02
   6.4095930e+02   7.7578514e-02
   6.4095512e+02   7.8013073e-02
   6.4095094e+02   7.8451275e-02
   6.4094676e+02   7.8893159e-02
   6.4094258e+02   7.9338767e-02
   6.4093840e+02   7.9788139e-02
   6.4093422e+02   8.0241318e-02
   6.4093004e+02   8.0698347e-02
   6.4092586e+02   8.1159268e-02
   6.4092169e+02   8.1624125e-02
   6.4091751e+02   8.2092964e-02
   6.4091333e+02   8.2565828e-02
   6.4090915e+02   8.3042764e-02
   6.4090497e+02   8.3523817e-02
   6.4090079e+02   8.4009036e-02
   6.4089661e+02   8.4498466e-02
   6.4089244e+02   8.4992157e-02
   6.4088826e+02   8.5490158e-02
   6.4088408e+02   8.5992518e-02
   6.4087990e+02   8.6499288e-02
   6.4087572e+02   8.7010518e-02
   6.4087155e+02   8.7526260e-02
   6.4086737e+02   8.8046567e-02
   6.4086319e+02   8.8571492e-02
   6.4085901e+02   8.9101089e-02
   6.4085483e+02   8.9635413e-02
   6.4085066e+02   9.0174519e-02
   6.4084648e+02   9.0718465e-02
   6.4084230e+02   9.1267306e-02
   6.4083812e+02   9.1821101e-02
   6.4083395e+02   9.2379909e-02
   6.4082977e+02   9.2943790e-02
   6.4082559e+02   9.3512803e-02
   6.4082141e+02   9.4087012e-02
   6.4081724e+02   9.4666477e-02
   6.4081306e+02   9.5251262e-02
   6.4080888e+02   9.5841432e-02
   6.4080470e+02   9.6437052e-02
   6.4080053e+02   9.7038187e-02
   6.4079635e+02   9.7644905e-02
   6.4079217e+02   9.8257274e-02
   6.4078800e+02   9.8875363e-02
   6.4078382e+02   9.9499242e-02
   6.4077964e+02   1.0012898e-01
   6.4077547e+02   1.0076466e-01
   6.4077129e+02   1.0140634e-01
   6.4076711e+02   1.0205410e-01
   6.4076294e+02   1.0270802e-01
   6.4075876e+02   1.0336817e-01
   6.4075458e+02   1.0403463e-01
   6.4075041e+02   1.0470749e-01
   6.4074623e+02   1.0538681e-01
   6.4074205e+02   1.0607269e-01
   6.4073788e+02   1.0676520e-01
   6.4073370e+02   1.0746443e-01
   6.4072952e+02   1.0817046e-01
   6.4072535e+02   1.0888339e-01
   6.4072117e+02   1.0960329e-01
   6.4071700e+02   1.1033026e-01
   6.4071282e+02   1.1106439e-01
   6.4070864e+02   1.1180577e-01
   6.4070447e+02   1.1255449e-01
   6.4070029e+02   1.1331065e-01
   6.4069612e+02   1.1407435e-01
   6.4069194e+02   1.1484568e-01
   6.4068777e+02   1.1562474e-01
   6.4068359e+02   1.1641163e-01
   6.4067941e+02   1.1720646e-01
   6.4067524e+02   1.1800933e-01
   6.4067106e+02   1.1882035e-01
   6.4066689e+02   1.1963962e-01
   6.4066271e+02   1.2046725e-01
   6.4065854e+02   1.2130336e-01
   6.4065436e+02   1.2214805e-01
   6.4065019e+02   1.2300144e-01
   6.4064601e+02   1.2386365e-01
   6.4064184e+02   1.2473479e-01
   6.4063766e+02   1.2561499e-01
   6.4063349e+02   1.2650437e-01
   6.4062931e+02   1.2740305e-01
   6.4062514e+02   1.2831116e-01
   6.4062096e+02   1.2922882e-01
   6.4061679e+02   1.3015616e-01
   6.4061261e+02   1.3109333e-01
   6.4060844e+02   1.3204044e-01
   6.4060426e+02   1.3299765e-01
   6.4060009e+02   1.3396508e-01
   6.4059591e+02   1.3494288e-01
   6.4059174e+02   1.3593119e-01
   6.4058757e+02   1.3693015e-01
   6.4058339e+02   1.3793992e-01
   6.4057922e+02   1.3896065e-01
   6.4057504e+02   1.3999249e-01
   6.4057087e+02   1.4103559e-01
   6.4056669e+02   1.4209011e-01
   6.4056252e+02   1.4315621e-01
   6.4055835e+02   1.4423406e-01
   6.4055417e+02   1.4532382e-01
   6.4055000e+02   1.4642567e-01
   6.4054583e+02   1.4753976e-01
   6.4054165e+02   1.4866628e-01
   6.4053748e+02   1.4980540e-01
   6.4053330e+02   1.5095731e-01
   6.4052913e+02   1.5212218e-01
   6.4052496e+02   1.5330021e-01
   6.4052078e+02   1.5449158e-01
   6.4051661e+02   1.5569649e-01
   6.4051244e+02   1.5691512e-01
   6.4050826e+02   1.5814769e-01
   6.4050409e+02   1.5939439e-01
   6.4049992e+02   1.6065543e-01
   6.4049574e+02   1.6193101e-01
   6.4049157e+02   1.6322135e-01
   6.4048740e+02   1.6452667e-01
   6.4048322e+02   1.6584719e-01
   6.4047905e+02   1.6718313e-01
   6.4047488e+02   1.6853471e-01
   6.4047071e+02   1.6990218e-01
   6.4046653e+02   1.7128576e-01
   6.4046236e+02   1.7268569e-01
   6.4045819e+02   1.7410221e-01
   6.4045402e+02   1.7553558e-01
   6.4044984e+02   1.7698605e-01
   6.4044567e+02   1.7845386e-01
   6.4044150e+02   1.7993928e-01
   6.4043733e+02   1.8144258e-01
   6.4043315e+02   1.8296402e-01
   6.4042898e+02   1.8450388e-01
   6.4042481e+02   1.8606243e-01
   6.4042064e+02   1.8763996e-01
   6.4041646e+02   1.8923675e-01
   6.4041229e+02   1.9085309e-01
   6.4040812e+02   1.9248929e-01
   6.4040395e+02   1.9414564e-01
   6.4039978e+02   1.9582246e-01
   6.4039560e+02   1.9752004e-01
   6.4039143e+02   1.9923871e-01
   6.4038726e+02   2.0097880e-01
   6.4038309e+02   2.0274062e-01
   6.4037892e+02   2.0452452e-01
   6.4037475e+02   2.0633083e-01
   6.4037057e+02   2.0815989e-01
   6.4036640e+02   2.1001205e-01
   6.4036223e+02   2.1188768e-01
   6.4035806e+02   2.1378712e-01
   6.4035389e+02   2.1571076e-01
   6.4034972e+02   2.1765895e-01
   6.4034555e+02   2.1963208e-01
   6.4034138e+02   2.2163053e-01
   6.4033720e+02   2.2365470e-01
   6.4033303e+02   2.2570498e-01
   6.4032886e+02   2.2778178e-01
   6.4032469e+02   2.2988549e-01
   6.4032052e+02   2.3201655e-01
   6.4031635e+02   2.3417537e-01
   6.4031218e+02   2.3636238e-01
   6.4030801e+02   2.3857802e-01
   6.4030384e+02   2.4082272e-01
   6.4029967e+02   2.4309694e-01
   6.4029550e+02   2.4540113e-01
   6.4029133e+02   2.4773576e-01
   6.4028716e+02   2.5010129e-01
   6.4028299e+02   2.5249819e-01
   6.4027882e+02   2.5492695e-01
   6.4027464e+02   2.5738805e-01
   6.4027047e+02   2.5988200e-01
   6.4026630e+02   2.6240930e-01
   6.4026213e+02   2.6497044e-01
   6.4025796e+02   2.6756596e-01
   6.4025379e+02   2.7019636e-01
   6.4024962e+02   2.7286218e-01
   6.4024545e+02   2.7556396e-01
   6.4024128e+02   2.7830224e-01
   6.4023711e+02   2.8107756e-01
   6.4023295e+02   2.8389049e-01
   6.4022878e+02   2.8674157e-01
   6.4022461e+02   2.8963138e-01
   6.4022044e+02   2.9256050e-01
   6.4021627e+02   2.9552950e-01
   6.4021210e+02   2.9853897e-01
   6.4020793e+02   3.0158950e-01
   6.4020376e+02   3.0468168e-01
   6.4019959e+02   3.0781612e-01
   6.4019542e+02   3.1099342e-01
   6.4019125e+02   3.1421420e-01
   6.4018708e+02   3.1747907e-01
   6.4018291e+02   3.2078865e-01
   6.4017874e+02   3.2414356e-01
   6.4017457e+02   3.2754443e-01
   6.4017041e+02   3.3099190e-01
   6.4016624e+02   3.3448659e-01
   6.4016207e+02   3.3802915e-01
   6.4015790e+02   3.4162020e-01
   6.4015373e+02   3.4526038e-01
   6.4014956e+02   3.4895034e-01
   6.4014539e+02   3.5269072e-01
   6.4014122e+02   3.5648214e-01
   6.4013706e+02   3.6032526e-01
   6.4013289e+02   3.6422069e-01
   6.4012872e+02   3.6816909e-01
   6.4012455e+02   3.7217106e-01
   6.4012038e+02   3.7622725e-01
   6.4011621e+02   3.8033826e-01
   6.4011205e+02   3.8450471e-01
   6.4010788e+02   3.8872720e-01
   6.4010371e+02   3.9300634e-01
   6.4009954e+02   3.9734270e-01
   6.4009537e+02   4.0173686e-01
   6.4009121e+02   4.0618939e-01
   6.4008704e+02   4.1070083e-01
   6.4008287e+02   4.1527171e-01
   6.4007870e+02   4.1990257e-01
   6.4007454e+02   4.2459388e-01
   6.4007037e+02   4.2934614e-01
   6.4006620e+02   4.3415979e-01
   6.4006203e+02   4.3903528e-01
   6.4005787e+02   4.4397301e-01
   6.4005370e+02   4.4897335e-01
   6.4004953e+02   4.5403667e-01
   6.4004536e+02   4.5916327e-01
   6.4004120e+02   4.6435343e-01
   6.4003703e+02   4.6960742e-01
   6.4003286e+02   4.7492542e-01
   6.4002869e+02   4.8030760e-01
   6.4002453e+02   4.8575410e-01
   6.4002036e+02   4.9126496e-01
   6.4001619e+02   4.9684022e-01
   6.4001203e+02   5.0247985e-01
   6.4000786e+02   5.0818375e-01
   6.4000369e+02   5.1395177e-01
   6.3999953e+02   5.1978371e-01
   6.3999536e+02   5.2567928e-01
   6.3999119e+02   5.3163813e-01
   6.3998703e+02   5.3765983e-01
   6.3998286e+02   5.4374389e-01
   6.3997869e+02   5.4988973e-01
   6.3997453e+02   5.5609667e-01
   6.3997036e+02   5.6236396e-01
   6.3996620e+02   5.6869075e-01
   6.3996203e+02   5.7507609e-01
   6.3995786e+02   5.8151895e-01
   6.3995370e+02   5.8801816e-01
   6.3994953e+02   5.9457248e-01
   6.3994536e+02   6.0118052e-01
   6.3994120e+02   6.0784081e-01
   6.3993703e+02   6.1455174e-01
   6.3993287e+02   6.2131157e-01
   6.3992870e+02   6.2811846e-01
   6.3992454e+02   6.3497041e-01
   6.3992037e+02   6.4186531e-01
   6.3991620e+02   6.4880090e-01
   6.3991204e+02   6.5577479e-01
   6.3990787e+02   6.6278443e-01
   6.3990371e+02   6.6982715e-01
   6.3989954e+02   6.7690012e-01
   6.3989538e+02   6.8400036e-01
   6.3989121e+02   6.9112474e-01
   6.3988705e+02   6.9827000e-01
   6.3988288e+02   7.0543271e-01
   6.3987872e+02   7.1260928e-01
   6.3987455e+02   7.1979601e-01
   6.3987039e+02   7.2698900e-01
   6.3986622e+02   7.3418425e-01
   6.3986206e+02   7.4137758e-01
   6.3985789e+02   7.4856469e-01
   6.3985373e+02   7.5574115e-01
   6.3984956e+02   7.6290236e-01
   6.3984540e+02   7.7004363e-01
   6.3984123e+02   7.7716013e-01
   6.3983707e+02   7.8424693e-01
   6.3983290e+02   7.9129897e-01
   6.3982874e+02   7.9831112e-01
   6.3982458e+02   8.0527814e-01
   6.3982041e+02   8.1219471e-01
   6.3981625e+02   8.1905546e-01
   6.3981208e+02   8.2585495e-01
   6.3980792e+02   8.3258770e-01
   6.3980375e+02   8.3924821e-01
   6.3979959e+02   8.4583096e-01
   6.3979543e+02   8.5233041e-01
   6.3979126e+02   8.5874107e-01
   6.3978710e+02   8.6505746e-01
   6.3978293e+02   8.7127416e-01
   6.3977877e+02   8.7738579e-01
   6.3977461e+02   8.8338710e-01
   6.3977044e+02   8.8927290e-01
   6.3976628e+02   8.9503814e-01
   6.3976212e+02   9.0067791e-01
   6.3975795e+02   9.0618746e-01
   6.3975379e+02   9.1156219e-01
   6.3974962e+02   9.1679772e-01
   6.3974546e+02   9.2188989e-01
   6.3974130e+02   9.2683473e-01
   6.3973713e+02   9.3162856e-01
   6.3973297e+02   9.3626794e-01
   6.3972881e+02   9.4074971e-01
   6.3972465e+02   9.4507100e-01
   6.3972048e+02   9.4922926e-01
   6.3971632e+02   9.5322224e-01
   6.3971216e+02   9.5704803e-01
   6.3970799e+02   9.6070507e-01
   6.3970383e+02   9.6419213e-01
   6.3969967e+02   9.6750835e-01
   6.3969551e+02   9.7065323e-01
   6.3969134e+02   9.7362662e-01
   6.3968718e+02   9.7642876e-01
   6.3968302e+02   9.7906024e-01
   6.3967885e+02   9.8152204e-01
   6.3967469e+02   9.8381549e-01
   6.3967053e+02   9.8594227e-01
   6.3966637e+02   9.8790445e-01
   6.3966221e+02   9.8970442e-01
   6.3965804e+02   9.9134492e-01
   6.3965388e+02   9.9282903e-01
   6.3964972e+02   9.9416013e-01
   6.3964556e+02   9.9534191e-01
   6.3964139e+02   9.9637837e-01
   6.3963723e+02   9.9727376e-01
   6.3963307e+02   9.9803261e-01
   6.3962891e+02   9.9865968e-01
   6.3962475e+02   9.9915997e-01
   6.3962059e+02   9.9953868e-01
   6.3961642e+02   9.9980119e-01
   6.3961226e+02   9.9995306e-01
   6.3960810e+02   1.0000000e+00
   6.3960394e+02   9.9994783e-01
   6.3959978e+02   9.9980251e-01
   6.3959562e+02   9.9957005e-01
   6.3959145e+02   9.9925656e-01
   6.3958729e+02   9.9886818e-01
   6.3958313e+02   9.9841110e-01
   6.3957897e+02   9.9789149e-01
   6.3957481e+02   9.9731554e-01
   6.3957065e+02   9.9668939e-01
   6.3956649e+02   9.9601915e-01
   6.3956233e+02   9.9531086e-01
   6.3955817e+02   9.9457049e-01
   6.3955400e+02   9.9380390e-01
   6.3954984e+02   9.9301685e-01
   6.3954568e+02   9.9221498e-01
   6.3954152e+02   9.9140378e-01
   6.3953736e+02   9.9058861e-01
   6.3953320e+02   9.8977465e-01
   6.3952904e+02   9.8896690e-01
   6.3952488e+02   9.8817020e-01
   6.3952072e+02   9.8738918e-01
   6.3951656e+02   9.8662826e-01
   6.3951240e+02   9.8589166e-01
   6.3950824e+02   9.8518338e-01
   6.3950408e+02   9.8450718e-01
   6.3949992e+02   9.8386659e-01
   6.3949576e+02   9.8326492e-01
   6.3949160e+02   9.8270521e-01
   6.3948744e+02   9.8219027e-01
   6.3948328e+02   9.8172262e-01
   6.3947912e+02   9.8130457e-01
   6.3947496e+02   9.8093814e-01
   6.3947080e+02   9.8062509e-01
   6.3946664e+02   9.8036692e-01
   6.3946248e+02   9.8016484e-01
   6.3945832e+02   9.8001981e-01
   6.3945416e+02   9.7993253e-01
   6.3945000e+02   9.7990338e-01
   6.3944584e+02   9.7993253e-01
   6.3944168e+02   9.8001981e-01
   6.3943752e+02   9.8016484e-01
   6.3943336e+02   9.8036692e-01
   6.3942920e+02   9.8062509e-01
   6.3942504e+02   9.8093814e-01
   6.3942088e+02   9.8130457e-01
   6.3941673e+02   9.8172262e-01
   6.3941257e+02   9.8219027e-01
   6.3940841e+02   9.8270521e-01
   6.3940425e+02   9.8326492e-01
   6.3940009e+02   9.8386659e-01
   6.3939593e+02   9.8450718e-01
   6.3939177e+02   9.8518338e-01
   6.3938761e+02   9.8589166e-01
   6.3938345e+02   9.8662826e-01
   6.3937930e+02   9.8738918e-01
   6.3937514e+02   9.8817020e-01
   6.3937098e+02   9.8896690e-01
   6.3936682e+02   9.8977465e-01
   6.3936266e+02   9.9058861e-01
   6.3935850e+02   9.9140378e-01
   6.3935435e+02   9.9221498e-01
   6.3935019e+02   9.9301685e-01
   6.3934603e+02   9.9380390e-01
   6.3934187e+02   9.9457049e-01
   6.3933771e+02   9.9531086e-01
   6.3933355e+02   9.9601915e-01
   6.3932940e+02   9.9668939e-01
   6.3932524e+02   9.9731554e-01
   6.3932108e+02   9.9789149e-01
   6.3931692e+02   9.9841110e-01
   6.3931277e+02   9.9886818e-01
   6.3930861e+02   9.9925656e-01
   6.3930445e+02   9.9957005e-01
   6.3930029e+02   9.9980251e-01
   6.3929614e+02   9.9994783e-01
   6.3929198e+02   1.0000000e+00
   6.3928782e+02   9.9995306e-01
   6.3928366e+02   9.9980119e-01
   6.3927951e+02   9.9953868e-01
   6.3927535e+02   9.9915997e-01
   6.3927119e+02   9.9865968e-01
   6.3926703e+02   9.9803261e-01
   6.3926288e+02   9.9727376e-01
   6.3925872e+02   9.9637837e-01
   6.3925456e+02   9.9534191e-01
   6.3925041e+02   9.9416013e-01
   6.3924625e+02   9.9282903e-01
   6.3924209e+02   9.9134492e-01
   6.3923794e+02   9.8970442e-01
   6.3923378e+02   9.8790445e-01
   6.3922962e+02   9.8594227e-01
   6.3922547e+02   9.8381549e-01
   6.3922131e+02   9.8152204e-01
   6.3921715e+02   9.7906024e-01
   6.3921300e+02   9.7642876e-01
   6.3920884e+02   9.7362662e-01
   6.3920468e+02   9.7065323e-01
   6.3920053e+02   9.6750835e-01
   6.3919637e+02   9.6419213e-01
   6.3919221e+02   9.6070507e-01
   6.3918806e+02   9.5704803e-01
   6.3918390e+02   9.5322224e-01
   6.3917975e+02   9.4922926e-01
   6.3917559e+02   9.4507100e-01
   6.3917143e+02   9.4074971e-01
   6.3916728e+02   9.3626794e-01
   6.3916312e+02   9.3162856e-01
   6.3915897e+02   9.2683473e-01
   6.3915481e+02   9.2188989e-01
   6.3915066e+02   9.1679772e-01
   6.3914650e+02   9.1156219e-01
   6.3914234e+02   9.0618746e-01
   6.3913819e+02   9.0067791e-01
   6.3913403e+02   8.9503814e-01
   6.3912988e+02   8.8927290e-01
   6.3912572e+02   8.8338710e-01
   6.3912157e+02   8.7738579e-01
   6.3911741e+02   8.7127416e-01
   6.3911326e+02   8.6505746e-01
   6.3910910e+02   8.5874107e-01
   6.3910495e+02   8.5233041e-01
   6.3910079e+02   8.4583096e-01
   6.3909664e+02   8.3924821e-01
   6.3909248e+02   8.3258770e-01
   6.3908833e+02   8.2585495e-01
   6.3908417e+02   8.1905546e-01
   6.3908002e+02   8.1219471e-01
   6.3907586e+02   8.0527814e-01
   6.3907171e+02   7.9831112e-01
   6.3906755e+02   7.9129897e-01
   6.3906340e+02   7.8424693e-01
   6.3905925e+02   7.7716013e-01
   6.3905509e+02   7.7004363e-01
   6.3905094e+02   7.6290236e-01
   6.3904678e+02   7.5574115e-01
   6.3904263e+02   7.4856469e-01
   6.3903847e+02   7.4137758e-01
   6.3903432e+02   7.3418425e-01
   6.3903017e+02   7.2698900e-01
   6.3902601e+02   7.1979601e-01
   6.3902186e+02   7.1260928e-01
   6.3901770e+02   7.0543271e-01
   6.3901355e+02   6.9827000e-01
   6.3900940e+02   6.9112474e-01
   6.3900524e+02   6.8400036e-01
   6.3900109e+02   6.7690012e-01
   6.3899693e+02   6.6982715e-01
   6.3899278e+02   6.6278443e-01
   6.3898863e+02   6.5577479e-01
   6.3898447e+02   6.4880090e-01
   6.3898032e+02   6.4186531e-01
   6.3897617e+02   6.3497041e-01
   6.3897201e+02   6.2811846e-01
   6.3896786e+02   6.2131157e-01
   6.3896371e+02   6.1455174e-01
   6.3895955e+02   6.0784081e-01
   6.3895540e+02   6.0118052e-01
   6.3895125e+02   5.9457248e-01
   6.3894710e+02   5.8801816e-01
   6.3894294e+02   5.8151895e-01
   6.3893879e+02   5.7507609e-01
   6.3893464e+02   5.6869075e-01
   6.3893048e+02   5.6236396e-01
   6.3892633e+02   5.5609667e-01
   6.3892218e+02   5.4988973e-01
   6.3891803e+02   5.4374389e-01
   6.3891387e+02   5.3765983e-01
   6.3890972e+02   5.3163813e-01
   6.3890557e+02   5.2567928e-01
   6.3890142e+02   5.1978371e-01
   6.3889726e+02   5.1395177e-01
   6.3889311e+02   5.0818375e-01
   6.3888896e+02   5.0247985e-01
   6.3888481e+02   4.9684022e-01
   6.3888065e+02   4.9126496e-01
   6.3887650e+02   4.8575410e-01
   6.3887235e+02   4.8030760e-01
   6.3886820e+02   4.7492542e-01
   6.3886405e+02   4.6960742e-01
   6.3885989e+02   4.6435343e-01
   6.3885574e+02   4.5916327e-01
   6.3885159e+02   4.5403667e-01
   6.3884744e+02   4.4897335e-01
   6.3884329e+02   4.4397301e-01
   6.3883914e+02   4.3903528e-01
   6.3883498e+02   4.3415979e-01
   6.3883083e+02   4.2934614e-01
   6.3882668e+02   4.2459388e-01
   6.3882253e+02   4.1990257e-01
   6.3881838e+02   4.1527171e-01
   6.3881423e+02   4.1070083e-01
   6.3881008e+02   4.0618939e-01
   6.3880593e+02   4.0173686e-01
   6.3880177e+02   3.9734270e-01
   6.3879762e+02   3.9300634e-01
   6.3879347e+02   3.8872720e-01
   6.3878932e+02   3.8450471e-01
   6.3878517e+02   3.8033826e-01
   6.3878102e+02   3.7622725e-01
   6.3877687e+02   3.7217106e-01
   6.3877272e+02   3.6816909e-01
   6.3876857e+02   3.6422069e-01
   6.3876442e+02   3.6032526e-01
   6.3876027e+02   3.5648214e-01
   6.3875612e+02   3.5269072e-01
   6.3875197e+02   3.4895034e-01
   6.3874782e+02   3.4526038e-01
   6.3874366e+02   3.4162020e-01
   6.3873951e+02   3.3802915e-01
   6.3873536e+02   3.3448659e-01
   6.3873121e+02   3.3099190e-01
   6.3872706e+02   3.2754443e-01
   6.3872291e+02   3.2414356e-01
   6.3871876e+02   3.2078865e-01
   6.3871461e+02   3.1747907e-01
   6.3871046e+02   3.1421420e-01
   6.3870631e+02   3.1099342e-01
   6.3870216e+02   3.0781612e-01
   6.3869801e+02   3.0468168e-01
   6.3869386e+02   3.0158950e-01
   6.3868972e+02   2.9853897e-01
   6.3868557e+02   2.9552950e-01
   6.3868142e+02   2.9256050e-01
   6.3867727e+02   2.8963138e-01
   6.3867312e+02   2.8674157e-01
   6.3866897e+02   2.8389049e-01
   6.3866482e+02   2.8107756e-01
   6.3866067e+02   2.7830224e-01
   6.3865652e+02   2.7556396e-01
   6.3865237e+02   2.7286218e-01
   6.3864822e+02   2.7019636e-01
   6.3864407e+02   2.6756596e-01
   6.3863992e+02   2.6497044e-01
   6.3863577e+02   2.6240930e-01
   6.3863163e+02   2.5988200e-01
   6.3862748e+02   2.5738805e-01
   6.3862333e+02   2.5492695e-01
   6.3861918e+02   2.5249819e-01
   6.3861503e+02   2.5010129e-01
   6.3861088e+02   2.4773576e-01
   6.3860673e+02   2.4540113e-01
   6.3860258e+02   2.4309694e-01
   6.3859844e+02   2.4082272e-01
   6.3859429e+02   2.3857802e-01
   6.3859014e+02   2.3636238e-01
   6.3858599e+02   2.3417537e-01
   6.3858184e+02   2.3201655e-01
   6.3857769e+02   2.2988549e-01
   6.3857355e+02   2.2778178e-01
   6.3856940e+02   2.2570498e-01
   6.3856525e+02   2.2365470e-01
   6.3856110e+02   2.2163053e-01
   6.3855695e+02   2.1963208e-01
   6.3855281e+02   2.1765895e-01
   6.3854866e+02   2.1571076e-01
   6.3854451e+02   2.1378712e-01
   6.3854036e+02   2.1188768e-01
   6.3853622e+02   2.1001205e-01
   6.3853207e+02   2.0815989e-01
   6.3852792e+02   2.0633083e-01
   6.3852377e+02   2.0452452e-01
   6.3851963e+02   2.0274062e-01
   6.3851548e+02   2.0097880e-01
   6.3851133e+02   1.9923871e-01
   6.3850718e+02   1.9752004e-01
   6.3850304e+02   1.9582246e-01
   6.3849889e+02   1.9414564e-01
   6.3849474e+02   1.9248929e-01
   6.3849060e+02   1.9085309e-01
   6.3848645e+02   1.8923675e-01
   6.3848230e+02   1.8763996e-01
   6.3847815e+02   1.8606243e-01
   6.3847401e+02   1.8450388e-01
   6.3846986e+02   1.8296402e-01
   6.3846571e+02   1.8144258e-01
   6.3846157e+02   1.7993928e-01
   6.3845742e+02   1.7845386e-01
   6.3845327e+02   1.7698605e-01
   6.3844913e+02   1.7553558e-01
   6.3844498e+02   1.7410221e-01
   6.3844083e+02   1.7268569e-01
   6.3843669e+02   1.7128576e-01
   6.3843254e+02   1.6990218e-01
   6.3842840e+02   1.6853471e-01
   6.3842425e+02   1.6718313e-01
   6.3842010e+02   1.6584719e-01
   6.3841596e+02   1.6452667e-01
   6.3841181e+02   1.6322135e-01
   6.3840767e+02   1.6193101e-01
   6.3840352e+02   1.6065543e-01
   6.3839937e+02   1.5939439e-01
   6.3839523e+02   1.5814769e-01
   6.3839108e+02   1.5691512e-01
   6.3838694e+02   1.5569649e-01
   6.3838279e+02   1.5449158e-01
   6.3837864e+02   1.5330021e-01
   6.3837450e+02   1.5212218e-01
   6.3837035e+02   1.5095731e-01
   6.3836621e+02   1.4980540e-01
   6.3836206e+02   1.4866628e-01
   6.3835792e+02   1.4753976e-01
   6.3835377e+02   1.4642567e-01
   6.3834963e+02   1.4532382e-01
   6.3834548e+02   1.4423406e-01
   6.3834134e+02   1.4315621e-01
   6.3833719e+02   1.4209011e-01
   6.3833305e+02   1.4103559e-01
   6.3832890e+02   1.3999249e-01
   6.3832476e+02   1.3896065e-01
   6.3832061e+02   1.3793992e-01
   6.3831647e+02   1.3693015e-01
   6.3831232e+02   1.3593119e-01
   6.3830818e+02   1.3494288e-01
   6.3830403e+02   1.3396508e-01
   6.3829989e+02   1.3299765e-01
   6.3829574e+02   1.3204044e-01
   6.3829160e+02   1.3109333e-01
   6.3828746e+02   1.3015616e-01
   6.3828331e+02   1.2922882e-01
   6.3827917e+02   1.2831116e-01
   6.3827502e+02   1.2740305e-01
   6.3827088e+02   1.2650437e-01
   6.3826673e+02   1.2561499e-01
   6.3826259e+02   1.2473479e-01
   6.3825845e+02   1.2386365e-01
   6.3825430e+02   1.2300144e-01
   6.3825016e+02   1.2214805e-01
   6.3824601e+02   1.2130336e-01
   6.3824187e+02   1.2046725e-01
   6.3823773e+02   1.1963962e-01
   6.3823358e+02   1.1882035e-01
   6.3822944e+02   1.1800933e-01
   6.3822530e+02   1.1720646e-01
   6.3822115e+02   1.1641163e-01
   6.3821701e+02   1.1562474e-01
   6.3821286e+02   1.1484568e-01
   6.3820872e+02   1.1407435e-01
   6.3820458e+02   1.1331065e-01
   6.3820043e+02   1.1255449e-01
   6.3819629e+02   1.1180577e-01
   6.3819215e+02   1.1106439e-01
   6.3818801e+02   1.1033026e-01
   6.3818386e+02   1.0960329e-01
   6.3817972e+02   1.0888339e-01
   6.3817558e+02   1.0817046e-01
   6.3817143e+02   1.0746443e-01
   6.3816729e+02   1.0676520e-01
   6.3816315e+02   1.0607269e-01
   6.3815900e+02   1.0538681e-01
   6.3815486e+02   1.0470749e-01
   6.3815072e+02   1.0403463e-01
   6.3814658e+02   1.0336817e-01
   6.3814243e+02   1.0270802e-01
   6.3813829e+02   1.0205410e-01
   6.3813415e+02   1.0140634e-01
   6.3813001e+02   1.0076466e-01
   6.3812586e+02   1.0012898e-01
   6.3812172e+02   9.9499242e-02
   6.3811758e+02   9.8875363e-02
   6.3811344e+02   9.8257274e-02
   6.3810930e+02   9.7644905e-02
   6.3810515e+02   9.7038187e-02
   6.3810101e+02   9.6437052e-02
   6.3809687e+02   9.5841432e-02
   6.3809273e+02   9.5251262e-02
   6.3808859e+02   9.4666477e-02
   6.3808444e+02   9.4087012e-02
   6.3808030e+02   9.3512803e-02
   6.3807616e+02   9.2943790e-02
   6.3807202e+02   9.2379909e-02
   6.3806788e+02   9.1821101e-02
   6.3806374e+02   9.1267306e-02
   6.3805959e+02   9.0718465e-02
   6.3805545e+02   9.0174519e-02
   6.3805131e+02   8.9635413e-02
   6.3804717e+02   8.9101089e-02
   6.3804303e+02   8.8571492e-02
   6.3803889e+02   8.8046567e-02
   6.3803475e+02   8.7526260e-02
   6.3803061e+02   8.7010518e-02
   6.3802646e+02   8.6499288e-02
   6.3802232e+02   8.5992518e-02
   6.3801818e+02   8.5490158e-02
   6.3801404e+02   8.4992157e-02
   6.3800990e+02   8.4498466e-02
   6.3800576e+02   8.4009036e-02
   6.3800162e+02   8.3523817e-02
   6.3799748e+02   8.3042764e-02
   6.3799334e+02   8.2565828e-02
   6.3798920e+02   8.2092964e-02
   6.3798506e+02   8.1624125e-02
   6.3798092e+02   8.1159268e-02
   6.3797678e+02   8.0698347e-02
   6.3797264e+02   8.0241318e-02
   6.3796850e+02   7.9788139e-02
   6.3796436e+02   7.9338767e-02
   6.3796022e+02   7.8893159e-02
   6.3795608e+02   7.8451275e-02
   6.3795194e+02   7.8013073e-02
   6.3794780e+02   7.7578514e-02
   6.3794366e+02   7.7147556e-02
   6.3793952e+02   7.6720161e-02
   6.3793538e+02   7.6296291e-02
   6.3793124e+02   7.5875906e-02
   6.3792710e+02   7.5458970e-02
   6.3792296e+02   7.5045444e-02
   6.3791882e+02   7.4635293e-02
   6.3791468e+02   7.4228480e-02
   6.3791054e+02   7.3824968e-02
   6.3790640e+02   7.3424724e-02
   6.3790226e+02   7.3027712e-02
   6.3789812e+02   7.2633897e-02
   6.3789398e+02   7.2243246e-02
   6.3788984e+02   7.1855725e-02
   6.3788570e+02   7.1471301e-02
   6.3788156e+02   7.1089942e-02
   6.3787742e+02   7.0711615e-02
   6.3787328e+02   7.0336289e-02
   6.3786915e+02   6.9963932e-02
   6.3786501e+02   6.9594512e-02
   6.3786087e+02   6.9228001e-02
   6.3785673e+02   6.8864367e-02
   6.3785259e+02   6.8503580e-02
   6.3784845e+02   6.8145612e-02
   6.3784431e+02   6.7790433e-02
   6.3784017e+02   6.7438014e-02
   6.3783604e+02   6.7088327e-02
   6.3783190e+02   6.6741345e-02
   6.3782776e+02   6.6397039e-02
   6.3782362e+02   6.6055382e-02
   6.3781948e+02   6.5716348e-02
   6.3781534e+02   6.5379909e-02
   6.3781120e+02   6.5046040e-02
   6.3780707e+02   6.4714715e-02
   6.3780293e+02   6.4385907e-02
   6.3779879e+02   6.4059593e-02
   6.3779465e+02   6.3735746e-02
   6.3779051e+02   6.3414343e-02
   6.3778638e+02   6.3095358e-02
   6.3778224e+02   6.2778768e-02
   6.3777810e+02   6.2464548e-02
   6.3777396e+02   6.2152677e-02
   6.3776983e+02   6.1843129e-02
   6.3776569e+02   6.1535883e-02
   6.3776155e+02   6.1230916e-02
   6.3775741e+02   6.0928205e-02
   6.3775328e+02   6.0627729e-02
   6.3774914e+02   6.0329465e-02
   6.3774500e+02   6.0033392e-02
   6.3774086e+02   5.9739489e-02
   6.3773673e+02   5.9447734e-02
   6.3773259e+02   5.9158108e-02
   6.3772845e+02   5.8870588e-02
   6.3772431e+02   5.8585156e-02
   6.3772018e+02   5.8301791e-02
   6.3771604e+02   5.8020473e-02
   6.3771190e+02   5.7741183e-02
   6.3770777e+02   5.7463901e-02
   6.3770363e+02   5.7188608e-02
   6.3769949e+02   5.6915285e-02
   6.3769536e+02   5.6643915e-02
   6.3769122e+02   5.6374477e-02
   6.3768708e+02   5.6106954e-02
   6.3768295e+02   5.5841328e-02
   6.3767881e+02   5.5577582e-02
   6.3767467e+02   5.5315696e-02
   6.3767054e+02   5.5055655e-02
   6.3766640e+02   5.4797441e-02
   6.3766226e+02   5.4541037e-02
   6.3765813e+02   5.4286426e-02
   6.3765399e+02   5.4033591e-02
   6.3764986e+02   5.3782517e-02
   6.3764572e+02   5.3533186e-02
   6.3764158e+02   5.3285584e-02
   6.3763745e+02   5.3039693e-02
   6.3763331e+02   5.2795498e-02
   6.3762918e+02   5.2552984e-02
   6.3762504e+02   5.2312136e-02
   6.3762090e+02   5.2072937e-02
   6.3761677e+02   5.1835374e-02
   6.3761263e+02   5.1599432e-02
   6.3760850e+02   5.1365095e-02
   6.3760436e+02   5.1132350e-02
   6.3760023e+02   5.0901182e-02
   6.3759609e+02   5.0671576e-02
   6.3759195e+02   5.0443519e-02
   6.3758782e+02   5.0216998e-02
   6.3758368e+02   4.9991997e-02
   6.3757955e+02   4.9768505e-02
   6.3757541e+02   4.9546506e-02
   6.3757128e+02   4.9325989e-02
   6.3756714e+02   4.9106939e-02
   6.3756301e+02   4.8889345e-02
   6.3755887e+02   4.8673193e-02
   6.3755474e+02   4.8458470e-02
   6.3755060e+02   4.8245165e-02
   6.3754647e+02   4.8033263e-02
   6.3754233e+02   4.7822755e-02
   6.3753820e+02   4.7613626e-02
   6.3753406e+02   4.7405866e-02
   6.3752993e+02   4.7199461e-02
   6.3752580e+02   4.6994402e-02
   6.3752166e+02   4.6790675e-02
   6.3751753e+02   4.6588270e-02
   6.3751339e+02   4.6387174e-02
   6.3750926e+02   4.6187378e-02
   6.3750512e+02   4.5988869e-02
   6.3750099e+02   4.5791637e-02
   6.3749686e+02   4.5595670e-02
   6.3749272e+02   4.5400959e-02
   6.3748859e+02   4.5207492e-02
   6.3748445e+02   4.5015258e-02
   6.3748032e+02   4.4824248e-02
   6.3747619e+02   4.4634451e-02
   6.3747205e+02   4.4445856e-02
   6.3746792e+02   4.4258455e-02
   6.3746378e+02   4.4072235e-02
   6.3745965e+02   4.3887189e-02
   6.3745552e+02   4.3703305e-02
   6.3745138e+02   4.3520575e-02
   6.3744725e+02   4.3338988e-02
   6.3744312e+02   4.3158535e-02
   6.3743898e+02   4.2979207e-02
   6.3743485e+02   4.2800994e-02
   6.3743072e+02   4.2623888e-02
   6.3742658e+02   4.2447878e-02
   6.3742245e+02   4.2272957e-02
   6.3741832e+02   4.2099115e-02
   6.3741418e+02   4.1926342e-02
   6.3741005e+02   4.1754632e-02
   6.3740592e+02   4.1583974e-02
   6.3740178e+02   4.1414360e-02
   6.3739765e+02   4.1245783e-02
   6.3739352e+02   4.1078232e-02
   6.3738939e+02   4.0911701e-02
   6.3738525e+02   4.0746180e-02
   6.3738112e+02   4.0581662e-02
   6.3737699e+02   4.0418139e-02
