   6.4153654e+02   7.9736153e-36
   6.4153235e+02   3.0761555e-34
   6.4152817e+02   2.3142439e-35
   6.4152398e+02   3.5263633e-34
   6.4151979e+02   3.0915446e-35
   6.4151561e+02   1.2794511e-34
   6.4151142e+02   3.1327125e-35
   6.4150723e+02   2.1878842e-36
   6.4150305e+02   7.9579621e-35
   6.4149886e+02   5.5225402e-35
   6.4149468e+02   6.7340486e-35
   6.4149049e+02   5.6510657e-34
   6.4148630e+02   1.0501792e-34
   6.4148212e+02   2.0049176e-34
   6.4147793e+02   3.8558959e-35
   6.4147375e+02   3.1793708e-35
   6.4146956e+02   1.2493966e-35
   6.4146537e+02   5.6072060e-34
   6.4146119e+02   1.2734912e-34
   6.4145700e+02   6.6961840e-34
   6.4145282e+02   6.1445846e-35
   6.4144863e+02   7.7969961e-35
   6.4144445e+02   9.4967231e-35
   6.4144026e+02   9.4965895e-35
   6.4143608e+02   1.0127295e-34
   6.4143189e+02   3.0758998e-34
   6.4142770e+02   2.1791273e-34
   6.4142352e+02   4.3818773e-34
   6.4141933e+02   2.0277251e-35
   6.4141515e+02   2.5575218e-34
   6.4141096e+02   1.8847121e-35
   6.4140678e+02   7.9673372e-34
   6.4140259e+02   4.0196826e-35
   6.4139841e+02   8.9721559e-35
   6.4139422e+02   6.4542867e-35
   6.4139004e+02   7.2046356e-34
   6.4138585e+02   5.2258847e-34
   6.4138167e+02   3.8366634e-35
   6.4137749e+02   7.5628216e-34
   6.4137330e+02   2.0767035e-34
   6.4136912e+02   8.6584444e-36
   6.4136493e+02   9.6759026e-35
   6.4136075e+02   2.5369425e-34
   6.4135656e+02   7.7981912e-35
   6.4135238e+02   7.4270669e-35
   6.4134819e+02   2.1374852e-34
   6.4134401e+02   3.1410496e-35
   6.4133983e+02   5.1862335e-35
   6.4133564e+02   8.7994797e-35
   6.4133146e+02   2.0050745e-34
   6.4132727e+02   4.3468512e-35
   6.4132309e+02   4.5316009e-34
   6.4131891e+02   5.6306880e-36
   6.4131472e+02   9.4399198e-35
   6.4131054e+02   1.3861081e-34
   6.4130635e+02   2.1849718e-34
   6.4130217e+02   5.8920145e-35
   6.4129799e+02   2.6850074e-34
   6.4129380e+02   3.6615921e-34
   6.4128962e+02   4.2878517e-35
   6.4128544e+02   1.3437312e-34
   6.4128125e+02   3.7459159e-35
   6.4127707e+02   4.9302529e-36
   6.4127289e+02   1.6397346e-34
   6.4126870e+02   7.3641186e-36
   6.4126452e+02   1.1162854e-34
   6.4126034e+02   2.2705072e-34
   6.4125615e+02   3.2283060e-34
   6.4125197e+02   1.0392890e-34
   6.4124779e+02   3.5970993e-35
   6.4124361e+02   7.1645912e-35
   6.4123942e+02   6.7413517e-35
   6.4123524e+02   4.2852119e-35
   6.4123106e+02   6.6798509e-35
   6.4122687e+02   1.5265948e-33
   6.4122269e+02   3.2086230e-34
   6.4121851e+02   2.7694800e-34
   6.4121433e+02   1.7249682e-33
   6.4121014e+02   7.1951329e-35
   6.4120596e+02   4.0713950e-34
   6.4120178e+02   3.9445303e-34
   6.4119760e+02   4.6957022e-34
   6.4119341e+02   8.9122538e-34
   6.4118923e+02   1.8208174e-33
   6.4118505e+02   1.9150481e-34
   6.4118087e+02   2.7896013e-34
   6.4117669e+02   5.6725889e-35
   6.4117250e+02   1.8564018e-34
   6.4116832e+02   8.0504185e-35
   6.4116414e+02   8.0428921e-35
   6.4115996e+02   5.8351296e-34
   6.4115578e+02   2.7889376e-35
   6.4115160e+02   2.0790797e-35
   6.4114741e+02   3.5763110e-35
   6.4114323e+02   9.4508846e-36
   6.4113905e+02   3.3671103e-36
   6.4113487e+02   5.7263035e-35
   6.4113069e+02   1.5033543e-34
   6.4112651e+02   2.0685462e-34
   6.4112232e+02   6.4354356e-34
   6.4111814e+02   6.1674309e-34
   6.4111396e+02   2.4512525e-34
   6.4110978e+02   4.2667627e-34
   6.4110560e+02   1.5722597e-34
   6.4110142e+02   1.0033397e-35
   6.4109724e+02   3.8318338e-35
   6.4109306e+02   6.6041717e-34
   6.4108888e+02   2.7964726e-34
   6.4108470e+02   5.7358935e-34
   6.4108051e+02   4.1560261e-34
   6.4107633e+02   1.2384022e-33
   6.4107215e+02   1.0868374e-33
   6.4106797e+02   7.9731547e-35
   6.4106379e+02   5.5003393e-34
   6.4105961e+02   3.3115588e-35
   6.4105543e+02   4.6281995e-34
   6.4105125e+02   1.2753990e-35
   6.4104707e+02   1.3776475e-34
   6.4104289e+02   2.7417694e-34
   6.4103871e+02   6.2381974e-35
   6.4103453e+02   3.4394381e-35
   6.4103035e+02   5.7151610e-34
   6.4102617e+02   2.5606560e-34
   6.4102199e+02   7.5871060e-35
   6.4101781e+02   2.3641426e-34
   6.4101363e+02   4.7898341e-35
   6.4100945e+02   7.4522890e-35
   6.4100527e+02   1.0639640e-34
   6.4100109e+02   5.1046648e-35
   6.4099691e+02   1.3020058e-34
   6.4099273e+02   2.0217698e-34
   6.4098855e+02   7.5072417e-35
   6.4098437e+02   3.0474297e-34
   6.4098019e+02   4.4515451e-34
   6.4097601e+02   3.6979342e-35
   6.4097183e+02   9.6849116e-35
   6.4096765e+02   1.2160685e-34
   6.4096348e+02   3.0060559e-35
   6.4095930e+02   5.4538293e-34
   6.4095512e+02   5.8653592e-34
   6.4095094e+02   2.1223351e-34
   6.4094676e+02   2.3015663e-34
   6.4094258e+02   7.8164788e-34
   6.4093840e+02   2.0940334e-34
   6.4093422e+02   5.0438251e-34
   6.4093004e+02   1.1986775e-34
   6.4092586e+02   3.6547562e-34
   6.4092169e+02   6.3267651e-34
   6.4091751e+02   6.6380116e-35
   6.4091333e+02   1.3966489e-34
   6.4090915e+02   6.2722179e-35
   6.4090497e+02   4.8701257e-34
   6.4090079e+02   2.9555153e-34
   6.4089661e+02   8.5802121e-35
   6.4089244e+02   2.8296792e-34
   6.4088826e+02   6.9549578e-35
   6.4088408e+02   6.4256608e-35
   6.4087990e+02   5.4504686e-35
   6.4087572e+02   1.2034379e-34
   6.4087155e+02   1.2133800e-34
   6.4086737e+02   5.5100050e-35
   6.4086319e+02   1.8788427e-35
   6.4085901e+02   2.2671536e-34
   6.4085483e+02   1.0942767e-35
   6.4085066e+02   6.3011318e-35
   6.4084648e+02   2.8447900e-34
   6.4084230e+02   2.9767863e-34
   6.4083812e+02   1.1681378e-34
   6.4083395e+02   1.0243807e-34
   6.4082977e+02   2.5345098e-34
   6.4082559e+02   1.4110789e-34
   6.4082141e+02   1.7696235e-34
   6.4081724e+02   2.2058351e-34
   6.4081306e+02   2.2918021e-34
   6.4080888e+02   3.6713564e-34
   6.4080470e+02   4.4993321e-34
   6.4080053e+02   3.0750517e-34
   6.4079635e+02   3.3324356e-34
   6.4079217e+02   2.1759131e-34
   6.4078800e+02   3.0948148e-34
   6.4078382e+02   1.2135623e-35
   6.4077964e+02   2.2809688e-35
   6.4077547e+02   1.4928385e-34
   6.4077129e+02   2.0162329e-35
   6.4076711e+02   3.9945156e-34
   6.4076294e+02   7.3777366e-35
   6.4075876e+02   1.4656293e-34
   6.4075458e+02   2.9709665e-34
   6.4075041e+02   5.4326160e-35
   6.4074623e+02   1.8023267e-34
   6.4074205e+02   1.2614254e-34
   6.4073788e+02   3.2788924e-36
   6.4073370e+02   1.2302791e-33
   6.4072952e+02   5.0193930e-35
   6.4072535e+02   3.6616527e-35
   6.4072117e+02   4.0912777e-34
   6.4071700e+02   5.5846824e-34
   6.4071282e+02   1.2693260e-34
   6.4070864e+02   1.5132668e-34
   6.4070447e+02   2.4186686e-34
   6.4070029e+02   6.6291163e-34
   6.4069612e+02   1.0392511e-34
   6.4069194e+02   4.5588658e-36
   6.4068777e+02   2.5665464e-35
   6.4068359e+02   5.5691019e-35
   6.4067941e+02   1.3637828e-34
   6.4067524e+02   1.3552323e-34
   6.4067106e+02   1.1955179e-34
   6.4066689e+02   1.3311394e-34
   6.4066271e+02   9.5416430e-35
   6.4065854e+02   1.0641793e-34
   6.4065436e+02   1.1726746e-34
   6.4065019e+02   4.2339486e-34
   6.4064601e+02   3.5681980e-34
   6.4064184e+02   6.2768333e-34
   6.4063766e+02   1.5868127e-33
   6.4063349e+02   1.5083589e-36
   6.4062931e+02   6.4873263e-34
   6.4062514e+02   5.7352015e-35
   6.4062096e+02   2.3877805e-35
   6.4061679e+02   5.2491043e-34
   6.4061261e+02   1.2798004e-35
   6.4060844e+02   3.5005488e-34
   6.4060426e+02   1.7580433e-34
   6.4060009e+02   1.8282940e-34
   6.4059591e+02   9.0944002e-34
   6.4059174e+02   2.6924545e-34
   6.4058757e+02   5.5869609e-35
   6.4058339e+02   9.9661505e-35
   6.4057922e+02   1.0438753e-34
   6.4057504e+02   1.0865022e-34
   6.4057087e+02   5.5338964e-34
   6.4056669e+02   4.2839174e-34
   6.4056252e+02   1.2401133e-34
   6.4055835e+02   8.3833835e-35
   6.4055417e+02   6.6902680e-34
   6.4055000e+02   2.1075381e-34
   6.4054583e+02   4.4376408e-36
   6.4054165e+02   1.9148344e-34
   6.4053748e+02   1.2965235e-33
   6.4053330e+02   5.5943319e-35
   6.4052913e+02   3.5718289e-34
   6.4052496e+02   3.0272845e-34
   6.4052078e+02   1.5173398e-34
   6.4051661e+02   1.4748908e-35
   6.4051244e+02   7.8434925e-34
   6.4050826e+02   8.3801955e-35
   6.4050409e+02   4.3826839e-34
   6.4049992e+02   4.0682107e-34
   6.4049574e+02   2.9228526e-34
   6.4049157e+02   4.5635744e-34
   6.4048740e+02   2.9653902e-35
   6.4048322e+02   5.2911971e-34
   6.4047905e+02   3.9412821e-34
   6.4047488e+02   3.3967517e-35
   6.4047071e+02   2.2177416e-34
   6.4046653e+02   1.1907353e-34
   6.4046236e+02   1.7741622e-34
   6.4045819e+02   8.2105451e-34
   6.4045402e+02   4.0384012e-35
   6.4044984e+02   3.6615624e-35
   6.4044567e+02   2.5206620e-34
   6.4044150e+02   1.3791184e-34
   6.4043733e+02   7.3007463e-35
   6.4043315e+02   6.1295012e-34
   6.4042898e+02   2.5980182e-34
   6.4042481e+02   1.5492597e-35
   6.4042064e+02   1.0887671e-33
   6.4041646e+02   3.0406127e-34
   6.4041229e+02   2.4794274e-34
   6.4040812e+02   5.0361592e-35
   6.4040395e+02   1.0130338e-34
   6.4039978e+02   1.5146104e-34
   6.4039560e+02   5.9637429e-34
   6.4039143e+02   1.1297662e-34
   6.4038726e+02   5.7724632e-34
   6.4038309e+02   4.6298014e-34
   6.4037892e+02   1.2865743e-33
   6.4037475e+02   1.3630460e-33
   6.4037057e+02   2.3323893e-33
   6.4036640e+02   9.8986660e-34
   6.4036223e+02   1.8566883e-33
   6.4035806e+02   4.7061463e-34
   6.4035389e+02   1.8299553e-34
   6.4034972e+02   7.3143644e-34
   6.4034555e+02   4.4494799e-34
   6.4034138e+02   1.7543805e-33
   6.4033720e+02   3.2531920e-34
   6.4033303e+02   5.5540934e-34
   6.4032886e+02   4.5217744e-34
   6.4032469e+02   9.2069178e-34
   6.4032052e+02   1.7269058e-34
   6.4031635e+02   1.0388540e-34
   6.4031218e+02   1.9153954e-35
   6.4030801e+02   5.8478966e-34
   6.4030384e+02   6.4046268e-34
   6.4029967e+02   1.4507541e-33
   6.4029550e+02   9.0712293e-34
   6.4029133e+02   5.5330211e-34
   6.4028716e+02   2.4775765e-33
   6.4028299e+02   1.8919549e-34
   6.4027882e+02   1.1524551e-34
   6.4027464e+02   8.6997463e-35
   6.4027047e+02   1.7584358e-33
   6.4026630e+02   3.0993623e-34
   6.4026213e+02   1.1306054e-33
   6.4025796e+02   3.2104927e-34
   6.4025379e+02   1.2774466e-34
   6.4024962e+02   8.4731841e-35
   6.4024545e+02   6.8876923e-34
   6.4024128e+02   3.9820025e-34
   6.4023711e+02   5.4657853e-34
   6.4023295e+02   5.2357710e-34
   6.4022878e+02   2.1818178e-35
   6.4022461e+02   1.1151786e-34
   6.4022044e+02   5.1966157e-35
   6.4021627e+02   5.4304293e-34
   6.4021210e+02   8.4250368e-35
   6.4020793e+02   8.2249194e-35
   6.4020376e+02   9.3938660e-35
   6.4019959e+02   1.5053569e-33
   6.4019542e+02   3.5584519e-34
   6.4019125e+02   1.0438234e-34
   6.4018708e+02   4.8276916e-34
   6.4018291e+02   2.7701154e-34
   6.4017874e+02   3.4228252e-34
   6.4017457e+02   1.3758540e-35
   6.4017041e+02   8.6654255e-34
   6.4016624e+02   3.0033080e-33
   6.4016207e+02   1.0299088e-34
   6.4015790e+02   1.0682660e-33
   6.4015373e+02   2.3618207e-34
   6.4014956e+02   2.6539023e-34
   6.4014539e+02   9.6185664e-34
   6.4014122e+02   2.9951296e-35
   6.4013706e+02   1.7742377e-36
   6.4013289e+02   2.9759905e-33
   6.4012872e+02   1.6139626e-33
   6.4012455e+02   1.0325198e-33
   6.4012038e+02   4.2843234e-33
   6.4011621e+02   5.2340510e-33
   6.4011205e+02   2.4004113e-32
   6.4010788e+02   8.4429582e-32
   6.4010371e+02   2.7998863e-31
   6.4009954e+02   8.1903718e-31
   6.4009537e+02   2.4318689e-30
   6.4009121e+02   7.3296514e-30
   6.4008704e+02   2.1622711e-29
   6.4008287e+02   6.3300091e-29
   6.4007870e+02   1.8465148e-28
   6.4007454e+02   5.3385995e-28
   6.4007037e+02   1.5256891e-27
   6.4006620e+02   4.3361800e-27
   6.4006203e+02   1.2236124e-26
   6.4005787e+02   3.4282167e-26
   6.4005370e+02   9.5380224e-26
   6.4004953e+02   2.6347442e-25
   6.4004536e+02   7.2252362e-25
   6.4004120e+02   1.9670165e-24
   6.4003703e+02   5.3159138e-24
   6.4003286e+02   1.4260420e-23
   6.4002869e+02   3.7970187e-23
   6.4002453e+02   1.0034401e-22
   6.4002036e+02   2.6317556e-22
   6.4001619e+02   6.8498791e-22
   6.4001203e+02   1.7691985e-21
   6.4000786e+02   4.5342004e-21
   6.4000369e+02   1.1529955e-20
   6.3999953e+02   2.9089142e-20
   6.3999536e+02   7.2808748e-20
   6.3999119e+02   1.8078343e-19
   6.3998703e+02   4.4527568e-19
   6.3998286e+02   1.0878460e-18
   6.3997869e+02   2.6360075e-18
   6.3997453e+02   6.3348922e-18
   6.3997036e+02   1.5097942e-17
   6.3996620e+02   3.5682454e-17
   6.3996203e+02   8.3622391e-17
   6.3995786e+02   1.9430939e-16
   6.3995370e+02   4.4765227e-16
   6.3994953e+02   1.0224357e-15
   6.3994536e+02   2.3150048e-15
   6.3994120e+02   5.1959020e-15
   6.3993703e+02   1.1559411e-14
   6.3993287e+02   2.5488768e-14
   6.3992870e+02   5.5702284e-14
   6.3992454e+02   1.2063714e-13
   6.3992037e+02   2.5890825e-13
   6.3991620e+02   5.5060567e-13
   6.3991204e+02   1.1602155e-12
   6.3990787e+02   2.4222185e-12
   6.3990371e+02   5.0100071e-12
   6.3989954e+02   1.0265679e-11
   6.3989538e+02   2.0837016e-11
   6.3989121e+02   4.1894440e-11
   6.3988705e+02   8.3430550e-11
   6.3988288e+02   1.6455719e-10
   6.3987872e+02   3.2144540e-10
   6.3987455e+02   6.2183070e-10
   6.3987039e+02   1.1912094e-09
   6.3986622e+02   2.2596020e-09
   6.3986206e+02   4.2440559e-09
   6.3985789e+02   7.8924802e-09
   6.3985373e+02   1.4531407e-08
   6.3984956e+02   2.6487609e-08
   6.3984540e+02   4.7796768e-08
   6.3984123e+02   8.5379864e-08
   6.3983707e+02   1.5097142e-07
   6.3983290e+02   2.6423983e-07
   6.3982874e+02   4.5777162e-07
   6.3982458e+02   7.8492844e-07
   6.3982041e+02   1.3320678e-06
   6.3981625e+02   2.2372940e-06
   6.3981208e+02   3.7188321e-06
   6.3980792e+02   6.1173625e-06
   6.3980375e+02   9.9582809e-06
   6.3979959e+02   1.6041926e-05
   6.3979543e+02   2.5572382e-05
   6.3979126e+02   4.0338543e-05
   6.3978710e+02   6.2964611e-05
   6.3978293e+02   9.7251063e-05
   6.3977877e+02   1.4863094e-04
   6.3977461e+02   2.2476983e-04
   6.3977044e+02   3.3634031e-04
   6.3976628e+02   4.9800263e-04
   6.3976212e+02   7.2962091e-04
   6.3975795e+02   1.0577389e-03
   6.3975379e+02   1.5173277e-03
   6.3974962e+02   2.1538020e-03
   6.3974546e+02   3.0252763e-03
   6.3974130e+02   4.2050023e-03
   6.3973713e+02   5.7838911e-03
   6.3973297e+02   7.8729797e-03
   6.3972881e+02   1.0605657e-02
   6.3972465e+02   1.4139418e-02
   6.3972048e+02   1.8656876e-02
   6.3971632e+02   2.4365738e-02
   6.3971216e+02   3.1497435e-02
   6.3970799e+02   4.0304121e-02
   6.3970383e+02   5.1053794e-02
   6.3969967e+02   6.4023375e-02
   6.3969551e+02   7.9489691e-02
   6.3969134e+02   9.7718442e-02
   6.3968718e+02   1.1895142e-01
   6.3968302e+02   1.4339242e-01
   6.3967885e+02   1.7119234e-01
   6.3967469e+02   2.0243449e-01
   6.3967053e+02   2.3712062e-01
   6.3966637e+02   2.7515897e-01
   6.3966221e+02   3.1635503e-01
   6.3965804e+02   3.6040602e-01
   6.3965388e+02   4.0689974e-01
   6.3964972e+02   4.5531836e-01
   6.3964556e+02   5.0504721e-01
   6.3964139e+02   5.5538875e-01
   6.3963723e+02   6.0558095e-01
   6.3963307e+02   6.5481963e-01
   6.3962891e+02   7.0228357e-01
   6.3962475e+02   7.4716131e-01
   6.3962059e+02   7.8867810e-01
   6.3961642e+02   8.2612183e-01
   6.3961226e+02   8.5886651e-01
   6.3960810e+02   8.8639217e-01
   6.3960394e+02   9.0830027e-01
   6.3959978e+02   9.2432395e-01
   6.3959562e+02   9.3433284e-01
   6.3959145e+02   9.3833245e-01
   6.3958729e+02   9.3645835e-01
   6.3958313e+02   9.2896583e-01
   6.3957897e+02   9.1621578e-01
   6.3957481e+02   8.9865766e-01
   6.3957065e+02   8.7681067e-01
   6.3956649e+02   8.5124396e-01
   6.3956233e+02   8.2255704e-01
   6.3955817e+02   7.9136099e-01
   6.3955400e+02   7.5826134e-01
   6.3954984e+02   7.2384306e-01
   6.3954568e+02   6.8865802e-01
   6.3954152e+02   6.5321518e-01
   6.3953736e+02   6.1797344e-01
   6.3953320e+02   5.8333711e-01
   6.3952904e+02   5.4965379e-01
   6.3952488e+02   5.1721434e-01
   6.3952072e+02   4.8625475e-01
   6.3951656e+02   4.5695928e-01
   6.3951240e+02   4.2946489e-01
   6.3950824e+02   4.0386624e-01
   6.3950408e+02   3.8022128e-01
   6.3949992e+02   3.5855697e-01
   6.3949576e+02   3.3887496e-01
   6.3949160e+02   3.2115711e-01
   6.3948744e+02   3.0537062e-01
   6.3948328e+02   2.9147279e-01
   6.3947912e+02   2.7941525e-01
   6.3947496e+02   2.6914773e-01
   6.3947080e+02   2.6062125e-01
   6.3946664e+02   2.5379087e-01
   6.3946248e+02   2.4861793e-01
   6.3945832e+02   2.4507184e-01
   6.3945416e+02   2.4313142e-01
   6.3945000e+02   2.4278584e-01
   6.3944584e+02   2.4403521e-01
   6.3944168e+02   2.4689076e-01
   6.3943752e+02   2.5137461e-01
   6.3943336e+02   2.5751926e-01
   6.3942920e+02   2.6536653e-01
   6.3942504e+02   2.7496624e-01
   6.3942088e+02   2.8637430e-01
   6.3941673e+02   2.9965040e-01
   6.3941257e+02   3.1485514e-01
   6.3940841e+02   3.3204663e-01
   6.3940425e+02   3.5127656e-01
   6.3940009e+02   3.7258566e-01
   6.3939593e+02   3.9599870e-01
   6.3939177e+02   4.2151896e-01
   6.3938761e+02   4.4912242e-01
   6.3938345e+02   4.7875161e-01
   6.3937930e+02   5.1030953e-01
   6.3937514e+02   5.4365366e-01
   6.3937098e+02   5.7859050e-01
   6.3936682e+02   6.1487089e-01
   6.3936266e+02   6.5218654e-01
   6.3935850e+02   6.9016800e-01
   6.3935435e+02   7.2838462e-01
   6.3935019e+02   7.6634678e-01
   6.3934603e+02   8.0351067e-01
   6.3934187e+02   8.3928588e-01
   6.3933771e+02   8.7304590e-01
   6.3933355e+02   9.0414153e-01
   6.3932940e+02   9.3191687e-01
   6.3932524e+02   9.5572775e-01
   6.3932108e+02   9.7496184e-01
   6.3931692e+02   9.8905969e-01
   6.3931277e+02   9.9753602e-01
   6.3930861e+02   1.0000000e+00
   6.3930445e+02   9.9617357e-01
   6.3930029e+02   9.8590673e-01
   6.3929614e+02   9.6918879e-01
   6.3929198e+02   9.4615470e-01
   6.3928782e+02   9.1708591e-01
   6.3928366e+02   8.8240531e-01
   6.3927951e+02   8.4266642e-01
   6.3927535e+02   7.9853694e-01
   6.3927119e+02   7.5077754e-01
   6.3926703e+02   7.0021670e-01
   6.3926288e+02   6.4772307e-01
   6.3925872e+02   5.9417639e-01
   6.3925456e+02   5.4043890e-01
   6.3925041e+02   4.8732826e-01
   6.3924625e+02   4.3559361e-01
   6.3924209e+02   3.8589564e-01
   6.3923794e+02   3.3879166e-01
   6.3923378e+02   2.9472597e-01
   6.3922962e+02   2.5402570e-01
   6.3922547e+02   2.1690196e-01
   6.3922131e+02   1.8345570e-01
   6.3921715e+02   1.5368743e-01
   6.3921300e+02   1.2751013e-01
   6.3920884e+02   1.0476403e-01
   6.3920468e+02   8.5232440e-02
   6.3920053e+02   6.8657680e-02
   6.3919637e+02   5.4756178e-02
   6.3919221e+02   4.3232197e-02
   6.3918806e+02   3.3789682e-02
   6.3918390e+02   2.6141949e-02
   6.3917975e+02   2.0019133e-02
   6.3917559e+02   1.5173452e-02
   6.3917143e+02   1.1382446e-02
   6.3916728e+02   8.4504736e-03
   6.3916312e+02   6.2087575e-03
   6.3915897e+02   4.5143200e-03
   6.3915481e+02   3.2481162e-03
   6.3915066e+02   2.3126593e-03
   6.3914650e+02   1.6293846e-03
   6.3914234e+02   1.1359524e-03
   6.3913819e+02   7.8363792e-04
   6.3913403e+02   5.3491584e-04
   6.3912988e+02   3.6129968e-04
   6.3912572e+02   2.4146862e-04
   6.3912157e+02   1.5968540e-04
   6.3911741e+02   1.0449197e-04
   6.3911326e+02   6.7657656e-05
   6.3910910e+02   4.3348279e-05
   6.3910495e+02   2.7482322e-05
   6.3910079e+02   1.7241249e-05
   6.3909664e+02   1.0703504e-05
   6.3909248e+02   6.5755893e-06
   6.3908833e+02   3.9976553e-06
   6.3908417e+02   2.4051913e-06
   6.3908002e+02   1.4321226e-06
   6.3907586e+02   8.4393840e-07
   6.3907171e+02   4.9221621e-07
   6.3906755e+02   2.8413927e-07
   6.3906340e+02   1.6235034e-07
   6.3905925e+02   9.1820367e-08
   6.3905509e+02   5.1405169e-08
   6.3905094e+02   2.8488877e-08
   6.3904678e+02   1.5630188e-08
   6.3904263e+02   8.4897250e-09
   6.3903847e+02   4.5654593e-09
   6.3903432e+02   2.4308505e-09
   6.3903017e+02   1.2815543e-09
   6.3902601e+02   6.6902656e-10
   6.3902186e+02   3.4586006e-10
   6.3901770e+02   1.7706461e-10
   6.3901355e+02   8.9776245e-11
   6.3900940e+02   4.5083111e-11
   6.3900524e+02   2.2424042e-11
   6.3900109e+02   1.1048077e-11
   6.3899693e+02   5.3920978e-12
   6.3899278e+02   2.6070712e-12
   6.3898863e+02   1.2488152e-12
   6.3898447e+02   5.9267946e-13
   6.3898032e+02   2.7870488e-13
   6.3897617e+02   1.2986705e-13
   6.3897201e+02   5.9966682e-14
   6.3896786e+02   2.7441303e-14
   6.3896371e+02   1.2445441e-14
   6.3895955e+02   5.5944060e-15
   6.3895540e+02   2.4926610e-15
   6.3895125e+02   1.1009446e-15
   6.3894710e+02   4.8204568e-16
   6.3894294e+02   2.0924687e-16
   6.3893879e+02   9.0054492e-17
   6.3893464e+02   3.8428636e-17
   6.3893048e+02   1.6260553e-17
   6.3892633e+02   6.8229775e-18
   6.3892218e+02   2.8392154e-18
   6.3891803e+02   1.1717528e-18
   6.3891387e+02   4.7963875e-19
   6.3890972e+02   1.9474239e-19
   6.3890557e+02   7.8433563e-20
   6.3890142e+02   3.1337584e-20
   6.3889726e+02   1.2421627e-20
   6.3889311e+02   4.8850374e-21
   6.3888896e+02   1.9061641e-21
   6.3888481e+02   7.3804400e-22
   6.3888065e+02   2.8356985e-22
   6.3887650e+02   1.0812424e-22
   6.3887235e+02   4.0916001e-23
   6.3886820e+02   1.5367303e-23
   6.3886405e+02   5.7288967e-24
   6.3885989e+02   2.1199550e-24
   6.3885574e+02   7.7874291e-25
   6.3885159e+02   2.8397677e-25
   6.3884744e+02   1.0280174e-25
   6.3884329e+02   3.6952511e-26
   6.3883914e+02   1.3190228e-26
   6.3883498e+02   4.6730005e-27
   6.3883083e+02   1.6430594e-27
   6.3882668e+02   5.7397234e-28
   6.3882253e+02   1.9917123e-28
   6.3881838e+02   6.8741184e-29
   6.3881423e+02   2.3229517e-29
   6.3881008e+02   7.8551779e-30
   6.3880593e+02   2.6081129e-30
   6.3880177e+02   8.7881543e-31
   6.3879762e+02   2.7145545e-31
   6.3879347e+02   1.0062738e-31
   6.3878932e+02   3.0021892e-32
   6.3878517e+02   6.3690573e-33
   6.3878102e+02   1.4724552e-33
   6.3877687e+02   5.0812514e-34
   6.3877272e+02   4.0331160e-34
   6.3876857e+02   1.2611436e-33
   6.3876442e+02   4.4389613e-33
   6.3876027e+02   1.7166796e-33
   6.3875612e+02   2.4029788e-33
   6.3875197e+02   2.9565731e-33
   6.3874782e+02   4.0221475e-33
   6.3874366e+02   9.0615448e-34
   6.3873951e+02   1.2501642e-33
   6.3873536e+02   4.8754975e-34
   6.3873121e+02   4.6841612e-34
   6.3872706e+02   6.8127391e-34
   6.3872291e+02   6.0552077e-35
   6.3871876e+02   7.7643047e-34
   6.3871461e+02   1.5633082e-33
   6.3871046e+02   7.1875338e-34
   6.3870631e+02   4.4775577e-35
   6.3870216e+02   1.5601515e-33
   6.3869801e+02   1.4128134e-34
   6.3869386e+02   1.4094930e-33
   6.3868972e+02   3.7505584e-34
   6.3868557e+02   8.0347582e-35
   6.3868142e+02   4.0788237e-33
   6.3867727e+02   6.9225180e-34
   6.3867312e+02   5.4621833e-35
   6.3866897e+02   7.7067935e-34
   6.3866482e+02   2.4020172e-34
   6.3866067e+02   2.4253537e-33
   6.3865652e+02   9.2378884e-34
   6.3865237e+02   5.7979042e-35
   6.3864822e+02   3.6557098e-34
   6.3864407e+02   6.8319846e-35
   6.3863992e+02   2.1493915e-34
   6.3863577e+02   1.7937314e-34
   6.3863163e+02   2.6420971e-34
   6.3862748e+02   2.5854605e-34
   6.3862333e+02   3.1618371e-34
   6.3861918e+02   2.7165141e-34
   6.3861503e+02   3.5594830e-34
   6.3861088e+02   1.4915869e-34
   6.3860673e+02   1.1095735e-34
   6.3860258e+02   4.2600543e-34
   6.3859844e+02   1.0928003e-34
   6.3859429e+02   4.7698743e-37
   6.3859014e+02   8.9704839e-34
   6.3858599e+02   2.9064887e-36
   6.3858184e+02   3.7150752e-34
   6.3857769e+02   8.8820570e-35
   6.3857355e+02   4.7258349e-34
   6.3856940e+02   1.4526607e-34
   6.3856525e+02   1.1187112e-35
   6.3856110e+02   3.2146642e-34
   6.3855695e+02   1.2890695e-33
   6.3855281e+02   1.3596758e-34
   6.3854866e+02   1.4276511e-33
   6.3854451e+02   2.4324003e-34
   6.3854036e+02   1.2971117e-34
   6.3853622e+02   7.7626017e-35
   6.3853207e+02   8.7715331e-35
   6.3852792e+02   8.1336444e-34
   6.3852377e+02   5.4783809e-36
   6.3851963e+02   4.9580090e-34
   6.3851548e+02   1.5832889e-33
   6.3851133e+02   1.0231255e-33
   6.3850718e+02   3.5089147e-34
   6.3850304e+02   4.5057094e-34
   6.3849889e+02   3.1537227e-34
   6.3849474e+02   7.0922938e-34
   6.3849060e+02   4.8155658e-34
   6.3848645e+02   5.9326813e-34
   6.3848230e+02   9.9029855e-34
   6.3847815e+02   1.5632946e-33
   6.3847401e+02   7.5186083e-34
   6.3846986e+02   1.5692897e-33
   6.3846571e+02   5.1919723e-34
   6.3846157e+02   2.9977418e-34
   6.3845742e+02   1.3997307e-33
   6.3845327e+02   9.1232463e-34
   6.3844913e+02   6.4296464e-34
   6.3844498e+02   7.1986025e-34
   6.3844083e+02   7.1912492e-34
   6.3843669e+02   4.0938731e-36
   6.3843254e+02   7.1680038e-34
   6.3842840e+02   5.6422478e-34
   6.3842425e+02   4.9890790e-34
   6.3842010e+02   1.6914171e-34
   6.3841596e+02   1.4016052e-33
   6.3841181e+02   3.3918367e-34
   6.3840767e+02   3.4473070e-34
   6.3840352e+02   3.3171845e-34
   6.3839937e+02   1.8289683e-34
   6.3839523e+02   2.3110711e-34
   6.3839108e+02   3.6044376e-34
   6.3838694e+02   2.7071284e-35
   6.3838279e+02   3.2405349e-34
   6.3837864e+02   4.5772690e-35
   6.3837450e+02   3.0036276e-34
   6.3837035e+02   4.2504446e-34
   6.3836621e+02   1.5476026e-34
   6.3836206e+02   5.4295271e-35
   6.3835792e+02   2.9705343e-34
   6.3835377e+02   4.1653416e-34
   6.3834963e+02   5.6988356e-34
   6.3834548e+02   2.6962546e-35
   6.3834134e+02   1.0223581e-34
   6.3833719e+02   1.2252273e-34
   6.3833305e+02   1.3571176e-34
   6.3832890e+02   4.7284881e-35
   6.3832476e+02   1.6141352e-33
   6.3832061e+02   2.4794269e-34
   6.3831647e+02   7.7038325e-35
   6.3831232e+02   2.0907633e-34
   6.3830818e+02   1.7752505e-34
   6.3830403e+02   8.2414129e-35
   6.3829989e+02   2.0926193e-34
   6.3829574e+02   2.8094795e-34
   6.3829160e+02   2.3535347e-34
   6.3828746e+02   4.9760308e-34
   6.3828331e+02   1.9433802e-34
   6.3827917e+02   2.2255285e-34
   6.3827502e+02   9.6226694e-34
   6.3827088e+02   5.2298055e-34
   6.3826673e+02   2.7469597e-35
   6.3826259e+02   4.6856736e-34
   6.3825845e+02   6.2995431e-34
   6.3825430e+02   2.2855914e-34
   6.3825016e+02   2.8740942e-34
   6.3824601e+02   3.3396906e-34
   6.3824187e+02   1.6022832e-34
   6.3823773e+02   1.1816761e-34
   6.3823358e+02   2.2747963e-34
   6.3822944e+02   1.5204150e-34
   6.3822530e+02   3.6273017e-36
   6.3822115e+02   5.7975354e-36
   6.3821701e+02   4.5472581e-34
   6.3821286e+02   1.0352600e-34
   6.3820872e+02   1.7231838e-34
   6.3820458e+02   2.4425192e-34
   6.3820043e+02   1.5726326e-34
   6.3819629e+02   1.9256533e-34
   6.3819215e+02   2.9959980e-34
   6.3818801e+02   1.4005871e-34
   6.3818386e+02   1.1272437e-34
   6.3817972e+02   1.1847737e-34
   6.3817558e+02   1.1347517e-34
   6.3817143e+02   1.6167836e-34
   6.3816729e+02   5.1948718e-34
   6.3816315e+02   1.7720290e-34
   6.3815900e+02   1.0150214e-34
   6.3815486e+02   2.2259120e-34
   6.3815072e+02   1.3220536e-33
   6.3814658e+02   3.5055780e-34
   6.3814243e+02   2.4085276e-35
   6.3813829e+02   2.4653795e-34
   6.3813415e+02   1.6241198e-34
   6.3813001e+02   1.1525537e-34
   6.3812586e+02   7.2443060e-34
   6.3812172e+02   1.0598643e-35
   6.3811758e+02   3.4770979e-35
   6.3811344e+02   4.5459132e-34
   6.3810930e+02   1.7010510e-34
   6.3810515e+02   2.8241230e-34
   6.3810101e+02   1.9808638e-35
   6.3809687e+02   2.9587845e-34
   6.3809273e+02   1.9786488e-35
   6.3808859e+02   7.2833365e-35
   6.3808444e+02   1.0373599e-34
   6.3808030e+02   1.6514221e-35
   6.3807616e+02   1.2779564e-34
   6.3807202e+02   1.4619536e-34
   6.3806788e+02   4.7379477e-35
   6.3806374e+02   2.3075260e-35
   6.3805959e+02   7.1874139e-34
   6.3805545e+02   9.6115861e-35
   6.3805131e+02   1.1099010e-33
   6.3804717e+02   6.2168722e-34
   6.3804303e+02   2.0003020e-34
   6.3803889e+02   5.3491429e-34
   6.3803475e+02   6.3874701e-34
   6.3803061e+02   2.0594094e-34
   6.3802646e+02   6.5908773e-34
   6.3802232e+02   8.0098680e-34
   6.3801818e+02   1.1916824e-33
   6.3801404e+02   5.3408219e-34
   6.3800990e+02   7.1827661e-35
   6.3800576e+02   1.8237161e-34
   6.3800162e+02   1.6841245e-33
   6.3799748e+02   1.6725614e-34
   6.3799334e+02   9.9898246e-34
   6.3798920e+02   2.0809513e-34
   6.3798506e+02   2.0600516e-34
   6.3798092e+02   5.1119349e-34
   6.3797678e+02   3.5836316e-34
   6.3797264e+02   1.1227443e-35
   6.3796850e+02   1.9982665e-34
   6.3796436e+02   1.8003117e-34
   6.3796022e+02   1.1841323e-34
   6.3795608e+02   6.9217517e-35
   6.3795194e+02   1.1600545e-34
   6.3794780e+02   5.4056673e-35
   6.3794366e+02   7.8654255e-36
   6.3793952e+02   3.3306032e-34
   6.3793538e+02   5.8584027e-35
   6.3793124e+02   5.8536477e-37
   6.3792710e+02   4.4763666e-34
   6.3792296e+02   6.4206952e-35
   6.3791882e+02   1.8674586e-34
   6.3791468e+02   2.0803626e-34
   6.3791054e+02   5.9590306e-34
   6.3790640e+02   7.4873799e-36
   6.3790226e+02   7.6064824e-34
   6.3789812e+02   3.8162349e-34
   6.3789398e+02   3.9173936e-34
   6.3788984e+02   5.3191974e-35
   6.3788570e+02   1.1327205e-34
   6.3788156e+02   1.9672561e-34
   6.3787742e+02   3.8392222e-34
   6.3787328e+02   2.8286704e-34
   6.3786915e+02   2.9837473e-34
   6.3786501e+02   5.6285955e-35
   6.3786087e+02   2.0320854e-34
   6.3785673e+02   8.0578783e-35
   6.3785259e+02   1.2954950e-35
   6.3784845e+02   3.8455712e-34
   6.3784431e+02   1.3930521e-34
   6.3784017e+02   5.7006235e-34
   6.3783604e+02   1.2520890e-34
   6.3783190e+02   3.9045222e-34
   6.3782776e+02   1.4420910e-34
   6.3782362e+02   1.8135985e-34
   6.3781948e+02   1.6782911e-34
   6.3781534e+02   1.2097933e-34
   6.3781120e+02   1.3095421e-34
   6.3780707e+02   1.1925024e-33
   6.3780293e+02   1.0316584e-34
   6.3779879e+02   1.7578750e-34
   6.3779465e+02   5.3048302e-34
   6.3779051e+02   6.7723492e-34
   6.3778638e+02   3.2275418e-34
   6.3778224e+02   6.9657161e-34
   6.3777810e+02   1.6604466e-34
   6.3777396e+02   3.0656254e-34
   6.3776983e+02   4.9215123e-35
   6.3776569e+02   3.1022238e-34
   6.3776155e+02   1.1299483e-33
   6.3775741e+02   6.0880801e-34
   6.3775328e+02   2.5886838e-34
   6.3774914e+02   3.6659846e-35
   6.3774500e+02   6.8307281e-34
   6.3774086e+02   3.9170060e-34
   6.3773673e+02   1.0123933e-33
   6.3773259e+02   1.5982098e-34
   6.3772845e+02   4.0170815e-34
   6.3772431e+02   1.7254415e-36
   6.3772018e+02   2.1326599e-34
   6.3771604e+02   1.6623504e-34
   6.3771190e+02   4.1601780e-34
   6.3770777e+02   3.5960911e-34
   6.3770363e+02   5.1688514e-34
   6.3769949e+02   5.4505299e-34
   6.3769536e+02   5.9199694e-35
   6.3769122e+02   1.4683598e-34
   6.3768708e+02   1.2443890e-34
   6.3768295e+02   1.0519717e-34
   6.3767881e+02   1.6263832e-34
   6.3767467e+02   8.5424152e-35
   6.3767054e+02   8.5142314e-35
   6.3766640e+02   1.3530859e-34
   6.3766226e+02   7.2230506e-34
   6.3765813e+02   1.3929524e-34
   6.3765399e+02   4.5317368e-34
   6.3764986e+02   3.2199034e-34
   6.3764572e+02   1.6310108e-34
   6.3764158e+02   6.7918405e-36
   6.3763745e+02   3.1569636e-35
   6.3763331e+02   1.3009784e-34
   6.3762918e+02   3.6093217e-34
   6.3762504e+02   1.2128823e-34
   6.3762090e+02   4.9350937e-35
   6.3761677e+02   1.2567506e-34
   6.3761263e+02   7.7240518e-34
   6.3760850e+02   7.5478661e-34
   6.3760436e+02   5.1372077e-34
   6.3760023e+02   1.9925679e-34
   6.3759609e+02   1.8032555e-34
   6.3759195e+02   5.7319045e-35
   6.3758782e+02   8.2128244e-35
   6.3758368e+02   6.7741769e-34
   6.3757955e+02   1.7800669e-34
   6.3757541e+02   3.0900833e-34
   6.3757128e+02   3.8124317e-35
   6.3756714e+02   5.6683485e-34
   6.3756301e+02   4.3405808e-35
   6.3755887e+02   2.1735867e-34
   6.3755474e+02   2.9646599e-34
   6.3755060e+02   1.2069222e-34
   6.3754647e+02   6.8777740e-35
   6.3754233e+02   2.3763544e-34
   6.3753820e+02   8.1830720e-35
   6.3753406e+02   5.8579185e-34
   6.3752993e+02   8.6108183e-34
   6.3752580e+02   2.4842677e-34
   6.3752166e+02   1.9251453e-34
   6.3751753e+02   3.3600192e-34
   6.3751339e+02   3.4095793e-34
   6.3750926e+02   4.4600928e-34
   6.3750512e+02   1.2916267e-34
   6.3750099e+02   7.1101627e-34
   6.3749686e+02   8.3680786e-34
   6.3749272e+02   4.7393729e-34
   6.3748859e+02   4.5258708e-34
   6.3748445e+02   1.3234979e-34
   6.3748032e+02   5.8486139e-34
   6.3747619e+02   1.7226649e-33
   6.3747205e+02   1.9239889e-33
   6.3746792e+02   5.3630248e-34
   6.3746378e+02   1.5140349e-33
   6.3745965e+02   2.0451714e-33
   6.3745552e+02   2.0708513e-33
   6.3745138e+02   9.2683575e-34
   6.3744725e+02   1.8940156e-33
   6.3744312e+02   1.3087025e-33
   6.3743898e+02   4.0988837e-34
   6.3743485e+02   2.8706999e-34
   6.3743072e+02   1.4992161e-33
   6.3742658e+02   3.6859517e-34
   6.3742245e+02   1.5791631e-33
   6.3741832e+02   3.4501521e-34
   6.3741418e+02   1.1913252e-33
   6.3741005e+02   2.3673557e-34
   6.3740592e+02   6.3049374e-34
   6.3740178e+02   2.9734918e-34
   6.3739765e+02   2.0107669e-33
   6.3739352e+02   9.4657089e-34
   6.3738939e+02   2.1545142e-34
   6.3738525e+02   3.9660656e-34
   6.3738112e+02   4.1742514e-34
   6.3737699e+02   4.6972250e-34
