   6.4153654e+02   1.8628626e-36
   6.4153235e+02   9.2319136e-06
   6.4152817e+02   1.8539365e-05
   6.4152398e+02   9.3076854e-06
   6.4151979e+02   1.1985656e-36
   6.4151561e+02   9.3843993e-06
   6.4151142e+02   1.8846229e-05
   6.4150723e+02   9.4620708e-06
   6.4150305e+02   1.9462617e-36
   6.4149886e+02   9.5407162e-06
   6.4149468e+02   1.9160818e-05
   6.4149049e+02   9.6203519e-06
   6.4148630e+02   1.5514374e-34
   6.4148212e+02   9.7009945e-06
   6.4147793e+02   1.9483398e-05
   6.4147375e+02   9.7826613e-06
   6.4146956e+02   9.3112262e-35
   6.4146537e+02   9.8653698e-06
   6.4146119e+02   1.9814240e-05
   6.4145700e+02   9.9491378e-06
   6.4145282e+02   2.7056757e-36
   6.4144863e+02   1.0033984e-05
   6.4144445e+02   2.0153633e-05
   6.4144026e+02   1.0119926e-05
   6.4143608e+02   1.1243913e-35
   6.4143189e+02   1.0206984e-05
   6.4142770e+02   2.0501874e-05
   6.4142352e+02   1.0295176e-05
   6.4141933e+02   2.0905140e-34
   6.4141515e+02   1.0384524e-05
   6.4141096e+02   2.0859275e-05
   6.4140678e+02   1.0475047e-05
   6.4140259e+02   5.6687621e-36
   6.4139841e+02   1.0566766e-05
   6.4139422e+02   2.1226162e-05
   6.4139004e+02   1.0659703e-05
   6.4138585e+02   7.3706619e-37
   6.4138167e+02   1.0753879e-05
   6.4137749e+02   2.1602876e-05
   6.4137330e+02   1.0849316e-05
   6.4136912e+02   3.3750934e-36
   6.4136493e+02   1.0946037e-05
   6.4136075e+02   2.1989773e-05
   6.4135656e+02   1.1044066e-05
   6.4135238e+02   1.1602608e-35
   6.4134819e+02   1.1143425e-05
   6.4134401e+02   2.2387224e-05
   6.4133983e+02   1.1244141e-05
   6.4133564e+02   1.1685098e-35
   6.4133146e+02   1.1346237e-05
   6.4132727e+02   2.2795620e-05
   6.4132309e+02   1.1449738e-05
   6.4131891e+02   6.0055929e-36
   6.4131472e+02   1.1554672e-05
   6.4131054e+02   2.3215369e-05
   6.4130635e+02   1.1661065e-05
   6.4130217e+02   4.4541533e-36
   6.4129799e+02   1.1768943e-05
   6.4129380e+02   2.3646897e-05
   6.4128962e+02   1.1878336e-05
   6.4128544e+02   1.8733622e-35
   6.4128125e+02   1.1989271e-05
   6.4127707e+02   2.4090653e-05
   6.4127289e+02   1.2101778e-05
   6.4126870e+02   5.8488919e-37
   6.4126452e+02   1.2215888e-05
   6.4126034e+02   2.4547105e-05
   6.4125615e+02   1.2331630e-05
   6.4125197e+02   1.0605548e-36
   6.4124779e+02   1.2449036e-05
   6.4124361e+02   2.5016746e-05
   6.4123942e+02   1.2568138e-05
   6.4123524e+02   2.9812103e-36
   6.4123106e+02   1.2688970e-05
   6.4122687e+02   2.5500091e-05
   6.4122269e+02   1.2811566e-05
   6.4121851e+02   3.8000248e-34
   6.4121433e+02   1.2935959e-05
   6.4121014e+02   2.5997682e-05
   6.4120596e+02   1.3062186e-05
   6.4120178e+02   8.9987710e-35
   6.4119760e+02   1.3190283e-05
   6.4119341e+02   2.6510089e-05
   6.4118923e+02   1.3320288e-05
   6.4118505e+02   2.7741746e-36
   6.4118087e+02   1.3452238e-05
   6.4117669e+02   2.7037910e-05
   6.4117250e+02   1.3586173e-05
   6.4116832e+02   3.7578282e-37
   6.4116414e+02   1.3722134e-05
   6.4115996e+02   2.7581773e-05
   6.4115578e+02   1.3860161e-05
   6.4115160e+02   3.1895373e-34
   6.4114741e+02   1.4000297e-05
   6.4114323e+02   2.8142339e-05
   6.4113905e+02   1.4142585e-05
   6.4113487e+02   2.5340727e-36
   6.4113069e+02   1.4287071e-05
   6.4112651e+02   2.8720304e-05
   6.4112232e+02   1.4433799e-05
   6.4111814e+02   5.8949088e-36
   6.4111396e+02   1.4582818e-05
   6.4110978e+02   2.9316401e-05
   6.4110560e+02   1.4734174e-05
   6.4110142e+02   1.4386950e-36
   6.4109724e+02   1.4887918e-05
   6.4109306e+02   2.9931401e-05
   6.4108888e+02   1.5044100e-05
   6.4108470e+02   1.5925508e-34
   6.4108051e+02   1.5202773e-05
   6.4107633e+02   3.0566120e-05
   6.4107215e+02   1.5363990e-05
   6.4106797e+02   2.3454789e-35
   6.4106379e+02   1.5527806e-05
   6.4105961e+02   3.1221414e-05
   6.4105543e+02   1.5694279e-05
   6.4105125e+02   1.4546051e-35
   6.4104707e+02   1.5863465e-05
   6.4104289e+02   3.1898189e-05
   6.4103871e+02   1.6035425e-05
   6.4103453e+02   2.1438564e-36
   6.4103035e+02   1.6210221e-05
   6.4102617e+02   3.2597403e-05
   6.4102199e+02   1.6387915e-05
   6.4101781e+02   7.1771406e-35
   6.4101363e+02   1.6568572e-05
   6.4100945e+02   3.3320066e-05
   6.4100527e+02   1.6752260e-05
   6.4100109e+02   1.9682368e-36
   6.4099691e+02   1.6939046e-05
   6.4099273e+02   3.4067247e-05
   6.4098855e+02   1.7129002e-05
   6.4098437e+02   3.8785396e-36
   6.4098019e+02   1.7322200e-05
   6.4097601e+02   3.4840077e-05
   6.4097183e+02   1.7518716e-05
   6.4096765e+02   3.6633696e-36
   6.4096348e+02   1.7718625e-05
   6.4095930e+02   3.5639754e-05
   6.4095512e+02   1.7922007e-05
   6.4095094e+02   3.2755410e-35
   6.4094676e+02   1.8128944e-05
   6.4094258e+02   3.6467545e-05
   6.4093840e+02   1.8339521e-05
   6.4093422e+02   4.5919937e-35
   6.4093004e+02   1.8553822e-05
   6.4092586e+02   3.7324796e-05
   6.4092169e+02   1.8771939e-05
   6.4091751e+02   4.9111462e-37
   6.4091333e+02   1.8993962e-05
   6.4090915e+02   3.8212935e-05
   6.4090497e+02   1.9219986e-05
   6.4090079e+02   5.7967597e-37
   6.4089661e+02   1.9450108e-05
   6.4089244e+02   3.9133476e-05
   6.4088826e+02   1.9684430e-05
   6.4088408e+02   1.5667820e-34
   6.4087990e+02   1.9923056e-05
   6.4087572e+02   4.0088030e-05
   6.4087155e+02   2.0166091e-05
   6.4086737e+02   1.3234115e-35
   6.4086319e+02   2.0413646e-05
   6.4085901e+02   4.1078310e-05
   6.4085483e+02   2.0665836e-05
   6.4085066e+02   4.6265481e-36
   6.4084648e+02   2.0922778e-05
   6.4084230e+02   4.2106137e-05
   6.4083812e+02   2.1184593e-05
   6.4083395e+02   2.3017690e-37
   6.4082977e+02   2.1451406e-05
   6.4082559e+02   4.3173453e-05
   6.4082141e+02   2.1723346e-05
   6.4081724e+02   6.7393225e-35
   6.4081306e+02   2.2000548e-05
   6.4080888e+02   4.4282328e-05
   6.4080470e+02   2.2283148e-05
   6.4080053e+02   1.6010299e-35
   6.4079635e+02   2.2571290e-05
   6.4079217e+02   4.5434970e-05
   6.4078800e+02   2.2865121e-05
   6.4078382e+02   1.0540905e-36
   6.4077964e+02   2.3164793e-05
   6.4077547e+02   4.6633737e-05
   6.4077129e+02   2.3470464e-05
   6.4076711e+02   4.3445522e-36
   6.4076294e+02   2.3782296e-05
   6.4075876e+02   4.7881150e-05
   6.4075458e+02   2.4100458e-05
   6.4075041e+02   1.7641141e-35
   6.4074623e+02   2.4425124e-05
   6.4074205e+02   4.9179906e-05
   6.4073788e+02   2.4756475e-05
   6.4073370e+02   9.6891474e-36
   6.4072952e+02   2.5094698e-05
   6.4072535e+02   5.0532893e-05
   6.4072117e+02   2.5439986e-05
   6.4071700e+02   3.7970650e-36
   6.4071282e+02   2.5792538e-05
   6.4070864e+02   5.1943208e-05
   6.4070447e+02   2.6152564e-05
   6.4070029e+02   2.8367273e-36
   6.4069612e+02   2.6520278e-05
   6.4069194e+02   5.3414174e-05
   6.4068777e+02   2.6895902e-05
   6.4068359e+02   3.8079878e-34
   6.4067941e+02   2.7279669e-05
   6.4067524e+02   5.4949362e-05
   6.4067106e+02   2.7671818e-05
   6.4066689e+02   7.1331755e-35
   6.4066271e+02   2.8072598e-05
   6.4065854e+02   5.6552610e-05
   6.4065436e+02   2.8482267e-05
   6.4065019e+02   1.0579205e-35
   6.4064601e+02   2.8901093e-05
   6.4064184e+02   5.8228054e-05
   6.4063766e+02   2.9329355e-05
   6.4063349e+02   4.1499864e-36
   6.4062931e+02   2.9767341e-05
   6.4062514e+02   5.9980150e-05
   6.4062096e+02   3.0215353e-05
   6.4061679e+02   6.3022221e-35
   6.4061261e+02   3.0673701e-05
   6.4060844e+02   6.1813706e-05
   6.4060426e+02   3.1142712e-05
   6.4060009e+02   7.4579212e-36
   6.4059591e+02   3.1622722e-05
   6.4059174e+02   6.3733922e-05
   6.4058757e+02   3.2114083e-05
   6.4058339e+02   2.1978000e-36
   6.4057922e+02   3.2617160e-05
   6.4057504e+02   6.5746421e-05
   6.4057087e+02   3.3132334e-05
   6.4056669e+02   7.6016151e-38
   6.4056252e+02   3.3660001e-05
   6.4055835e+02   6.7857295e-05
   6.4055417e+02   3.4200574e-05
   6.4055000e+02   2.4209153e-34
   6.4054583e+02   3.4754483e-05
   6.4054165e+02   7.0073157e-05
   6.4053748e+02   3.5322177e-05
   6.4053330e+02   4.0150917e-35
   6.4052913e+02   3.5904124e-05
   6.4052496e+02   7.2401189e-05
   6.4052078e+02   3.6500812e-05
   6.4051661e+02   1.3964633e-35
   6.4051244e+02   3.7112750e-05
   6.4050826e+02   7.4849206e-05
   6.4050409e+02   3.7740470e-05
   6.4049992e+02   8.0849984e-36
   6.4049574e+02   3.8384528e-05
   6.4049157e+02   7.7425728e-05
   6.4048740e+02   3.9045505e-05
   6.4048322e+02   5.1979538e-35
   6.4047905e+02   3.9724006e-05
   6.4047488e+02   8.0140053e-05
   6.4047071e+02   4.0420669e-05
   6.4046653e+02   4.9390482e-36
   6.4046236e+02   4.1136155e-05
   6.4045819e+02   8.3002348e-05
   6.4045402e+02   4.1871162e-05
   6.4044984e+02   7.2980662e-37
   6.4044567e+02   4.2626416e-05
   6.4044150e+02   8.6023747e-05
   6.4043733e+02   4.3402682e-05
   6.4043315e+02   2.3456371e-37
   6.4042898e+02   4.4200757e-05
   6.4042481e+02   8.9216470e-05
   6.4042064e+02   4.5021483e-05
   6.4041646e+02   1.2193309e-34
   6.4041229e+02   4.5865737e-05
   6.4040812e+02   9.2593948e-05
   6.4040395e+02   4.6734444e-05
   6.4039978e+02   2.5058740e-35
   6.4039560e+02   4.7628573e-05
   6.4039143e+02   9.6170977e-05
   6.4038726e+02   4.8549146e-05
   6.4038309e+02   7.9221133e-36
   6.4037892e+02   4.9497232e-05
   6.4037475e+02   9.9963886e-05
   6.4037057e+02   5.0473960e-05
   6.4036640e+02   5.2820868e-36
   6.4036223e+02   5.1480517e-05
   6.4035806e+02   1.0399074e-04
   6.4035389e+02   5.2518152e-05
   6.4034972e+02   3.9380122e-34
   6.4034555e+02   5.3588182e-05
   6.4034138e+02   1.0827155e-04
   6.4033720e+02   5.4691997e-05
   6.4033303e+02   5.0859175e-36
   6.4032886e+02   5.5831060e-05
   6.4032469e+02   1.1282858e-04
   6.4032052e+02   5.7006919e-05
   6.4031635e+02   6.5309675e-36
   6.4031218e+02   5.8221208e-05
   6.4030801e+02   1.1768660e-04
   6.4030384e+02   5.9475654e-05
   6.4029967e+02   1.6221723e-36
   6.4029550e+02   6.0772082e-05
   6.4029133e+02   1.2287328e-04
   6.4028716e+02   6.2112428e-05
   6.4028299e+02   7.6602843e-35
   6.4027882e+02   6.3498738e-05
   6.4027464e+02   1.2841961e-04
   6.4027047e+02   6.4933184e-05
   6.4026630e+02   2.2307634e-35
   6.4026213e+02   6.6418068e-05
   6.4025796e+02   1.3436037e-04
   6.4025379e+02   6.7955836e-05
   6.4024962e+02   5.2790514e-36
   6.4024545e+02   6.9549084e-05
   6.4024128e+02   1.4073474e-04
   6.4023711e+02   7.1200573e-05
   6.4023295e+02   2.3455235e-36
   6.4022878e+02   7.2913243e-05
   6.4022461e+02   1.4758698e-04
   6.4022044e+02   7.4690223e-05
   6.4021627e+02   2.1480029e-34
   6.4021210e+02   7.6534848e-05
   6.4020793e+02   1.5496726e-04
   6.4020376e+02   7.8450678e-05
   6.4019959e+02   5.9869801e-36
   6.4019542e+02   8.0441513e-05
   6.4019125e+02   1.6293263e-04
   6.4018708e+02   8.2511417e-05
   6.4018291e+02   8.1177748e-36
   6.4017874e+02   8.4664735e-05
   6.4017457e+02   1.7154823e-04
   6.4017041e+02   8.6906122e-05
   6.4016624e+02   1.4279932e-36
   6.4016207e+02   8.9240570e-05
   6.4015790e+02   1.8088870e-04
   6.4015373e+02   9.1673434e-05
   6.4014956e+02   9.6453860e-36
   6.4014539e+02   9.4210470e-05
   6.4014122e+02   1.9103994e-04
   6.4013706e+02   9.6857867e-05
   6.4013289e+02   7.6907116e-34
   6.4012872e+02   9.9622292e-05
   6.4012455e+02   2.0210123e-04
   6.4012038e+02   1.0251093e-04
   6.4011621e+02   3.8617314e-36
   6.4011205e+02   1.0553155e-04
   6.4010788e+02   2.1418787e-04
   6.4010371e+02   1.0869252e-04
   6.4009954e+02   3.9895380e-36
   6.4009537e+02   1.1200293e-04
   6.4009121e+02   2.2743444e-04
   6.4008704e+02   1.1547262e-04
   6.4008287e+02   1.5574737e-34
   6.4007870e+02   1.1911226e-04
   6.4007454e+02   2.4199881e-04
   6.4007037e+02   1.2293347e-04
   6.4006620e+02   1.9576423e-35
   6.4006203e+02   1.2694887e-04
   6.4005787e+02   2.5806731e-04
   6.4005370e+02   1.3117225e-04
   6.4004953e+02   4.4502589e-36
   6.4004536e+02   1.3561867e-04
   6.4004120e+02   2.7586119e-04
   6.4003703e+02   1.4030457e-04
   6.4003286e+02   2.3796110e-36
   6.4002869e+02   1.4524802e-04
   6.4002453e+02   2.9564488e-04
   6.4002036e+02   1.5046882e-04
   6.4001619e+02   1.5730507e-34
   6.4001203e+02   1.5598878e-04
   6.4000786e+02   3.1773672e-04
   6.4000369e+02   1.6183193e-04
   6.3999953e+02   2.7421772e-34
   6.3999536e+02   1.6802482e-04
   6.3999119e+02   3.4252295e-04
   6.3998703e+02   1.7459684e-04
   6.3998286e+02   6.3368115e-36
   6.3997869e+02   1.8158060e-04
   6.3997453e+02   3.7047612e-04
   6.3997036e+02   1.8901238e-04
   6.3996620e+02   1.0728731e-37
   6.3996203e+02   1.9693263e-04
   6.3995786e+02   4.0217971e-04
   6.3995370e+02   2.0538657e-04
   6.3994953e+02   9.5491624e-34
   6.3994536e+02   2.1442490e-04
   6.3994120e+02   4.3836149e-04
   6.3993703e+02   2.2410461e-04
   6.3993287e+02   3.6651107e-35
   6.3992870e+02   2.3448997e-04
   6.3992454e+02   4.7993924e-04
   6.3992037e+02   2.4565368e-04
   6.3991620e+02   2.2246588e-35
   6.3991204e+02   2.5767828e-04
   6.3990787e+02   5.2808457e-04
   6.3990371e+02   2.7065776e-04
   6.3989954e+02   1.6612931e-36
   6.3989538e+02   2.8469960e-04
   6.3989121e+02   5.8431350e-04
   6.3988705e+02   2.9992715e-04
   6.3988288e+02   4.6530398e-33
   6.3987872e+02   3.1648261e-04
   6.3987455e+02   6.5061752e-04
   6.3987039e+02   3.3453060e-04
   6.3986622e+02   3.0215791e-36
   6.3986206e+02   3.5426262e-04
   6.3985789e+02   7.2965732e-04
   6.3985373e+02   3.7590255e-04
   6.3984956e+02   1.2787951e-37
   6.3984540e+02   3.9971353e-04
   6.3984123e+02   8.2505647e-04
   6.3983707e+02   4.2600666e-04
   6.3983290e+02   1.1307815e-34
   6.3982874e+02   4.5515194e-04
   6.3982458e+02   9.4185855e-04
   6.3982041e+02   4.8759242e-04
   6.3981625e+02   2.7864199e-32
   6.3981208e+02   5.2386236e-04
   6.3980792e+02   1.0872620e-03
   6.3980375e+02   5.6461102e-04
   6.3979959e+02   2.9995462e-33
   6.3979543e+02   6.1063404e-04
   6.3979126e+02   1.2718443e-03
   6.3978710e+02   6.6291534e-04
   6.3978293e+02   1.4769186e-35
   6.3977877e+02   7.2268383e-04
   6.3977461e+02   1.5116907e-03
   6.3977044e+02   7.9149124e-04
   6.3976628e+02   1.9884742e-36
   6.3976212e+02   8.7132061e-04
   6.3975795e+02   1.8322855e-03
   6.3975379e+02   9.6474012e-04
   6.3974962e+02   3.5884129e-32
   6.3974546e+02   1.0751254e-03
   6.3974130e+02   2.2760672e-03
   6.3973713e+02   1.2069878e-03
   6.3973297e+02   5.8351869e-32
   6.3972881e+02   1.3664710e-03
   6.3972465e+02   2.9182358e-03
   6.3972048e+02   1.5621216e-03
   6.3971632e+02   1.7954067e-34
   6.3971216e+02   1.8061262e-03
   6.3970799e+02   3.9030874e-03
   6.3970383e+02   2.1163638e-03
   6.3969967e+02   4.1039340e-34
   6.3969551e+02   2.5199634e-03
   6.3969134e+02   5.5385478e-03
   6.3968718e+02   3.0597806e-03
   6.3968302e+02   1.0018137e-31
   6.3967885e+02   3.8069212e-03
   6.3967469e+02   8.5881561e-03
   6.3967053e+02   4.8868292e-03
   6.3966637e+02   3.7957734e-22
   6.3966221e+02   6.5390242e-03
   6.3965804e+02   1.5439024e-02
   6.3965388e+02   9.2720432e-03
   6.3964972e+02   6.5925588e-11
   6.3964556e+02   1.4347980e-02
   6.3964139e+02   3.7503681e-02
   6.3963723e+02   2.5805018e-02
   6.3963307e+02   1.1155126e-04
   6.3962891e+02   6.1575349e-02
   6.3962475e+02   2.4982815e-01
   6.3962059e+02   4.3089116e-01
   6.3961642e+02   4.2242831e-01
   6.3961226e+02   2.2968244e-01
   6.3960810e+02   6.1944629e-02
   6.3960394e+02   8.0136952e-02
   6.3959978e+02   2.0852913e-01
   6.3959562e+02   2.5657548e-01
   6.3959145e+02   1.6466373e-01
   6.3958729e+02   4.3795339e-02
   6.3958313e+02   5.2076661e-04
   6.3957897e+02   1.8296514e-02
   6.3957481e+02   2.6935044e-02
   6.3957065e+02   1.0378788e-02
   6.3956649e+02   8.3003885e-08
   6.3956233e+02   6.7021633e-03
   6.3955817e+02   1.1127983e-02
   6.3955400e+02   4.6914660e-03
   6.3954984e+02   1.7441900e-13
   6.3954568e+02   3.4643556e-03
   6.3954152e+02   6.0478336e-03
   6.3953736e+02   2.6627905e-03
   6.3953320e+02   8.1489396e-19
   6.3952904e+02   2.1126037e-03
   6.3952488e+02   3.8017783e-03
   6.3952072e+02   1.7208221e-03
   6.3951656e+02   2.4445278e-24
   6.3951240e+02   1.4341322e-03
   6.3950824e+02   2.6391251e-03
   6.3950408e+02   1.2202115e-03
   6.3949992e+02   2.8573035e-29
   6.3949576e+02   1.0585964e-03
   6.3949160e+02   1.9860479e-03
   6.3948744e+02   9.3589495e-04
   6.3948328e+02   2.8110015e-30
   6.3947912e+02   8.4313497e-04
   6.3947496e+02   1.6119925e-03
   6.3947080e+02   7.7423011e-04
   6.3946664e+02   1.5278229e-31
   6.3946248e+02   7.2506428e-04
   6.3945832e+02   1.4139888e-03
   6.3945416e+02   6.9293650e-04
   6.3945000e+02   3.2642599e-34
   6.3944584e+02   6.7622814e-04
   6.3944168e+02   1.3467971e-03
   6.3943752e+02   6.7421816e-04
   6.3943336e+02   1.2325170e-33
   6.3942920e+02   6.8700824e-04
   6.3942504e+02   1.3984263e-03
   6.3942088e+02   7.1554342e-04
   6.3941673e+02   8.3417154e-30
   6.3941257e+02   7.6173329e-04
   6.3940841e+02   1.5847336e-03
   6.3940425e+02   8.2869973e-04
   6.3940009e+02   2.3875729e-30
   6.3939593e+02   9.2120712e-04
   6.3939177e+02   1.9582895e-03
   6.3938761e+02   1.0463807e-03
   6.3938345e+02   5.1832121e-24
   6.3937930e+02   1.2149108e-03
   6.3937514e+02   2.6404639e-03
   6.3937098e+02   1.4431257e-03
   6.3936682e+02   1.9773647e-18
   6.3936266e+02   1.7567078e-03
   6.3935850e+02   3.9154221e-03
   6.3935435e+02   2.1977527e-03
   6.3935019e+02   1.4646697e-13
   6.3934603e+02   2.8394514e-03
   6.3934187e+02   6.5497462e-03
   6.3933771e+02   3.8249802e-03
   6.3933355e+02   1.1836986e-07
   6.3932940e+02   5.3906777e-03
   6.3932524e+02   1.3330731e-02
   6.3932108e+02   8.7791670e-03
   6.3931692e+02   1.2799242e-04
   6.3931277e+02   1.0208703e-02
   6.3930861e+02   2.7476769e-02
   6.3930445e+02   1.5056057e-02
   6.3930029e+02   3.7602517e-03
   6.3929614e+02   1.2205832e-01
   6.3929198e+02   4.4772348e-01
   6.3928782e+02   8.3715847e-01
   6.3928366e+02   1.0000000e+00
   6.3927951e+02   7.9384080e-01
   6.3927535e+02   3.8818874e-01
   6.3927119e+02   8.1783858e-02
   6.3926703e+02   3.9256981e-04
   6.3926288e+02   3.6729872e-02
   6.3925872e+02   4.8598696e-02
   6.3925456e+02   1.7643071e-02
   6.3925041e+02   6.4526228e-11
   6.3924625e+02   1.0671137e-02
   6.3924209e+02   1.7354236e-02
   6.3923794e+02   7.2081489e-03
   6.3923378e+02   1.5028103e-21
   6.3922962e+02   5.2253574e-03
   6.3922547e+02   9.0729119e-03
   6.3922131e+02   3.9798712e-03
   6.3921715e+02   3.8571584e-32
   6.3921300e+02   3.1441938e-03
   6.3920884e+02   5.6510011e-03
   6.3920468e+02   2.5549537e-03
   6.3920053e+02   3.0928366e-32
   6.3919637e+02   2.1230458e-03
   6.3919221e+02   3.8978482e-03
   6.3918806e+02   1.7964350e-03
   6.3918390e+02   1.2093883e-34
   6.3917975e+02   1.5430419e-03
   6.3917559e+02   2.8740759e-03
   6.3917143e+02   1.3421959e-03
   6.3916728e+02   9.2077518e-34
   6.3916312e+02   1.1800795e-03
   6.3915897e+02   2.2208915e-03
   6.3915481e+02   1.0471644e-03
   6.3915066e+02   3.4540523e-32
   6.3914650e+02   9.3670310e-04
   6.3914234e+02   1.7766188e-03
   6.3913819e+02   8.4380526e-04
   6.3913403e+02   5.6673597e-34
   6.3912988e+02   7.6485441e-04
   6.3912572e+02   1.4594618e-03
   6.3912157e+02   6.9712781e-04
   6.3911741e+02   1.5927219e-35
   6.3911326e+02   6.3854279e-04
   6.3910910e+02   1.2243175e-03
   6.3910495e+02   5.8748345e-04
   6.3910079e+02   7.8759550e-35
   6.3909664e+02   5.4267986e-04
   6.3909248e+02   1.0446002e-03
   6.3908833e+02   5.0312234e-04
   6.3908417e+02   5.3658037e-33
   6.3908002e+02   4.6799960e-04
   6.3907586e+02   9.0378117e-04
   6.3907171e+02   4.3665343e-04
   6.3906755e+02   1.8634176e-33
   6.3906340e+02   4.0854509e-04
   6.3905925e+02   7.9112610e-04
   6.3905509e+02   3.8322998e-04
   6.3905094e+02   2.0753865e-36
   6.3904678e+02   3.6033845e-04
   6.3904263e+02   6.9940558e-04
   6.3903847e+02   3.3956099e-04
   6.3903432e+02   2.1642874e-35
   6.3903017e+02   3.2063678e-04
   6.3902601e+02   6.2359840e-04
   6.3902186e+02   3.0334469e-04
   6.3901770e+02   1.0395116e-32
   6.3901355e+02   2.8749619e-04
   6.3900940e+02   5.6012371e-04
   6.3900524e+02   2.7292966e-04
   6.3900109e+02   1.8804494e-36
   6.3899693e+02   2.5950592e-04
   6.3899278e+02   5.0636863e-04
   6.3898863e+02   2.4710452e-04
   6.3898447e+02   3.8581068e-35
   6.3898032e+02   2.3562076e-04
   6.3897617e+02   4.6038795e-04
   6.3897201e+02   2.2496326e-04
   6.3896786e+02   3.9925482e-36
   6.3896371e+02   2.1505198e-04
   6.3895955e+02   4.2070766e-04
   6.3895540e+02   2.0581651e-04
   6.3895125e+02   3.6846633e-35
   6.3894710e+02   1.9719473e-04
   6.3894294e+02   3.8619306e-04
   6.3893879e+02   1.8913163e-04
   6.3893464e+02   8.7604090e-36
   6.3893048e+02   1.8157838e-04
   6.3892633e+02   3.5595831e-04
   6.3892218e+02   1.7449144e-04
   6.3891803e+02   8.8032526e-37
   6.3891387e+02   1.6783196e-04
   6.3890972e+02   3.2930296e-04
   6.3890557e+02   1.6156509e-04
   6.3890142e+02   2.9356928e-36
   6.3889726e+02   1.5565958e-04
   6.3889311e+02   3.0566683e-04
   6.3888896e+02   1.5008726e-04
   6.3888481e+02   1.4900472e-33
   6.3888065e+02   1.4482272e-04
   6.3887650e+02   2.8459722e-04
   6.3887235e+02   1.3984300e-04
   6.3886820e+02   3.7968624e-36
   6.3886405e+02   1.3512724e-04
   6.3885989e+02   2.6572476e-04
   6.3885574e+02   1.3065655e-04
   6.3885159e+02   3.3042603e-36
   6.3884744e+02   1.2641369e-04
   6.3884329e+02   2.4874549e-04
   6.3883914e+02   1.2238297e-04
   6.3883498e+02   1.2869271e-37
   6.3883083e+02   1.1855005e-04
   6.3882668e+02   2.3340724e-04
   6.3882253e+02   1.1490180e-04
   6.3881838e+02   4.3252511e-34
   6.3881423e+02   1.1142618e-04
   6.3881008e+02   2.1949926e-04
   6.3880593e+02   1.0811216e-04
   6.3880177e+02   1.4468567e-34
   6.3879762e+02   1.0494958e-04
   6.3879347e+02   2.0684424e-04
   6.3878932e+02   1.0192907e-04
   6.3878517e+02   3.5485475e-36
   6.3878102e+02   9.9042009e-05
   6.3877687e+02   1.9529202e-04
   6.3877272e+02   9.6280429e-05
   6.3876857e+02   1.8394904e-36
   6.3876442e+02   9.3636955e-05
   6.3876027e+02   1.8471471e-04
   6.3875612e+02   9.1104760e-05
   6.3875197e+02   1.2301962e-33
   6.3874782e+02   8.8677514e-05
   6.3874366e+02   1.7500279e-04
   6.3873951e+02   8.6349339e-05
   6.3873536e+02   1.1922817e-35
   6.3873121e+02   8.4114771e-05
   6.3872706e+02   1.6606197e-04
   6.3872291e+02   8.1968724e-05
   6.3871876e+02   8.5665088e-37
   6.3871461e+02   7.9906463e-05
   6.3871046e+02   1.5781072e-04
   6.3870631e+02   7.7923569e-05
   6.3870216e+02   6.5318350e-36
   6.3869801e+02   7.6015917e-05
   6.3869386e+02   1.5017818e-04
   6.3868972e+02   7.4179651e-05
   6.3868557e+02   6.4652049e-35
   6.3868142e+02   7.2411165e-05
   6.3867727e+02   1.4310255e-04
   6.3867312e+02   7.0707082e-05
   6.3866897e+02   8.3465349e-35
   6.3866482e+02   6.9064235e-05
   6.3866067e+02   1.3652968e-04
   6.3865652e+02   6.7479655e-05
   6.3865237e+02   1.1689394e-36
   6.3864822e+02   6.5950554e-05
   6.3864407e+02   1.3041197e-04
   6.3863992e+02   6.4474311e-05
   6.3863577e+02   3.7753750e-36
   6.3863163e+02   6.3048461e-05
   6.3862748e+02   1.2470741e-04
   6.3862333e+02   6.1670683e-05
   6.3861918e+02   2.0093444e-34
   6.3861503e+02   6.0338794e-05
   6.3861088e+02   1.1937882e-04
   6.3860673e+02   5.9050730e-05
   6.3860258e+02   4.8780127e-38
   6.3859844e+02   5.7804549e-05
   6.3859429e+02   1.1439317e-04
   6.3859014e+02   5.6598415e-05
   6.3858599e+02   1.4156402e-36
   6.3858184e+02   5.5430593e-05
   6.3857769e+02   1.0972107e-04
   6.3857355e+02   5.4299443e-05
   6.3856940e+02   2.2920124e-36
   6.3856525e+02   5.3203414e-05
   6.3856110e+02   1.0533622e-04
   6.3855695e+02   5.2141037e-05
   6.3855281e+02   1.1038800e-35
   6.3854866e+02   5.1110920e-05
   6.3854451e+02   1.0121509e-04
   6.3854036e+02   5.0111743e-05
   6.3853622e+02   2.1804560e-35
   6.3853207e+02   4.9142256e-05
   6.3852792e+02   9.7336544e-05
   6.3852377e+02   4.8201270e-05
   6.3851963e+02   2.4711302e-36
   6.3851548e+02   4.7287658e-05
   6.3851133e+02   9.3681560e-05
   6.3850718e+02   4.6400348e-05
   6.3850304e+02   1.7602157e-36
   6.3849889e+02   4.5538321e-05
   6.3849474e+02   9.0232966e-05
   6.3849060e+02   4.4700607e-05
   6.3848645e+02   6.2045625e-34
   6.3848230e+02   4.3886283e-05
   6.3847815e+02   8.6975234e-05
   6.3847401e+02   4.3094472e-05
   6.3846986e+02   4.5605324e-36
   6.3846571e+02   4.2324336e-05
   6.3846157e+02   8.3894291e-05
   6.3845742e+02   4.1575077e-05
   6.3845327e+02   5.9368726e-36
   6.3844913e+02   4.0845934e-05
   6.3844498e+02   8.0977356e-05
   6.3844083e+02   4.0136181e-05
   6.3843669e+02   4.6089521e-38
   6.3843254e+02   3.9445125e-05
   6.3842840e+02   7.8212801e-05
   6.3842425e+02   3.8772104e-05
   6.3842010e+02   2.9449614e-36
   6.3841596e+02   3.8116484e-05
   6.3841181e+02   7.5590021e-05
   6.3840767e+02   3.7477662e-05
   6.3840352e+02   2.6943938e-35
   6.3839937e+02   3.6855060e-05
   6.3839523e+02   7.3099333e-05
   6.3839108e+02   3.6248123e-05
   6.3838694e+02   1.1928937e-36
   6.3838279e+02   3.5656322e-05
   6.3837864e+02   7.0731878e-05
   6.3837450e+02   3.5079151e-05
   6.3837035e+02   1.0452509e-35
   6.3836621e+02   3.4516124e-05
   6.3836206e+02   6.8479535e-05
   6.3835792e+02   3.3966775e-05
   6.3835377e+02   1.1130511e-33
   6.3834963e+02   3.3430657e-05
   6.3834548e+02   6.6334853e-05
   6.3834134e+02   3.2907344e-05
   6.3833719e+02   5.4634027e-36
   6.3833305e+02   3.2396425e-05
   6.3832890e+02   6.4290978e-05
   6.3832476e+02   3.1897505e-05
   6.3832061e+02   6.5348056e-37
   6.3831647e+02   3.1410206e-05
   6.3831232e+02   6.2341602e-05
   6.3830818e+02   3.0934166e-05
   6.3830403e+02   2.2233540e-37
   6.3829989e+02   3.0469034e-05
   6.3829574e+02   6.0480908e-05
   6.3829160e+02   3.0014476e-05
   6.3828746e+02   2.3245729e-34
   6.3828331e+02   2.9570170e-05
   6.3827917e+02   5.8703526e-05
   6.3827502e+02   2.9135804e-05
   6.3827088e+02   6.0049497e-35
   6.3826673e+02   2.8711081e-05
   6.3826259e+02   5.7004491e-05
   6.3825845e+02   2.8295714e-05
   6.3825430e+02   1.2652582e-37
   6.3825016e+02   2.7889425e-05
   6.3824601e+02   5.5379205e-05
   6.3824187e+02   2.7491950e-05
   6.3823773e+02   2.5197595e-36
   6.3823358e+02   2.7103032e-05
   6.3822944e+02   5.3823408e-05
   6.3822530e+02   2.6722423e-05
   6.3822115e+02   2.4954131e-34
   6.3821701e+02   2.6349887e-05
   6.3821286e+02   5.2333146e-05
   6.3820872e+02   2.5985192e-05
   6.3820458e+02   1.8477406e-36
   6.3820043e+02   2.5628118e-05
   6.3819629e+02   5.0904745e-05
   6.3819215e+02   2.5278452e-05
   6.3818801e+02   2.7064136e-36
   6.3818386e+02   2.4935988e-05
   6.3817972e+02   4.9534788e-05
   6.3817558e+02   2.4600527e-05
   6.3817143e+02   3.2761917e-36
   6.3816729e+02   2.4271876e-05
   6.3816315e+02   4.8220094e-05
   6.3815900e+02   2.3949851e-05
   6.3815486e+02   1.4056811e-35
   6.3815072e+02   2.3634273e-05
   6.3814658e+02   4.6957695e-05
   6.3814243e+02   2.3324969e-05
   6.3813829e+02   4.4294971e-36
   6.3813415e+02   2.3021772e-05
   6.3813001e+02   4.5744825e-05
   6.3812586e+02   2.2724520e-05
   6.3812172e+02   9.2112221e-37
   6.3811758e+02   2.2433057e-05
   6.3811344e+02   4.4578898e-05
   6.3810930e+02   2.2147232e-05
   6.3810515e+02   3.5829472e-36
   6.3810101e+02   2.1866900e-05
   6.3809687e+02   4.3457498e-05
   6.3809273e+02   2.1591918e-05
   6.3808859e+02   2.3173332e-35
   6.3808444e+02   2.1322150e-05
   6.3808030e+02   4.2378361e-05
   6.3807616e+02   2.1057465e-05
   6.3807202e+02   2.2376934e-36
   6.3806788e+02   2.0797732e-05
   6.3806374e+02   4.1339369e-05
   6.3805959e+02   2.0542829e-05
   6.3805545e+02   1.3534214e-36
   6.3805131e+02   2.0292636e-05
   6.3804717e+02   4.0338536e-05
   6.3804303e+02   2.0047035e-05
   6.3803889e+02   6.2430641e-37
   6.3803475e+02   1.9805914e-05
   6.3803061e+02   3.9373998e-05
   6.3802646e+02   1.9569164e-05
   6.3802232e+02   4.5403109e-34
   6.3801818e+02   1.9336678e-05
   6.3801404e+02   3.8444004e-05
   6.3800990e+02   1.9108354e-05
   6.3800576e+02   2.9152633e-34
   6.3800162e+02   1.8884092e-05
   6.3799748e+02   3.7546909e-05
   6.3799334e+02   1.8663796e-05
   6.3798920e+02   3.4912465e-36
   6.3798506e+02   1.8447371e-05
   6.3798092e+02   3.6681164e-05
   6.3797678e+02   1.8234727e-05
   6.3797264e+02   1.3360260e-35
   6.3796850e+02   1.8025775e-05
   6.3796436e+02   3.5845313e-05
   6.3796022e+02   1.7820430e-05
   6.3795608e+02   4.1708006e-35
   6.3795194e+02   1.7618607e-05
   6.3794780e+02   3.5037984e-05
   6.3794366e+02   1.7420227e-05
   6.3793952e+02   4.9961490e-37
   6.3793538e+02   1.7225211e-05
   6.3793124e+02   3.4257881e-05
   6.3792710e+02   1.7033483e-05
   6.3792296e+02   1.8042206e-36
   6.3791882e+02   1.6844968e-05
   6.3791468e+02   3.3503785e-05
   6.3791054e+02   1.6659594e-05
   6.3790640e+02   1.5370822e-36
   6.3790226e+02   1.6477292e-05
   6.3789812e+02   3.2774542e-05
   6.3789398e+02   1.6297993e-05
   6.3788984e+02   2.1538062e-35
   6.3788570e+02   1.6121631e-05
   6.3788156e+02   3.2069063e-05
   6.3787742e+02   1.5948142e-05
   6.3787328e+02   6.3711960e-36
   6.3786915e+02   1.5777464e-05
   6.3786501e+02   3.1386319e-05
   6.3786087e+02   1.5609535e-05
   6.3785673e+02   2.1563456e-36
   6.3785259e+02   1.5444296e-05
   6.3784845e+02   3.0725335e-05
   6.3784431e+02   1.5281690e-05
   6.3784017e+02   1.6465582e-36
   6.3783604e+02   1.5121660e-05
   6.3783190e+02   3.0085189e-05
   6.3782776e+02   1.4964153e-05
   6.3782362e+02   5.2614267e-35
   6.3781948e+02   1.4809114e-05
   6.3781534e+02   2.9465008e-05
   6.3781120e+02   1.4656492e-05
   6.3780707e+02   5.0619941e-36
   6.3780293e+02   1.4506238e-05
   6.3779879e+02   2.8863965e-05
   6.3779465e+02   1.4358301e-05
   6.3779051e+02   1.2917079e-36
   6.3778638e+02   1.4212634e-05
   6.3778224e+02   2.8281273e-05
   6.3777810e+02   1.4069190e-05
   6.3777396e+02   3.3803775e-36
   6.3776983e+02   1.3927924e-05
   6.3776569e+02   2.7716189e-05
   6.3776155e+02   1.3788793e-05
   6.3775741e+02   4.5691134e-36
   6.3775328e+02   1.3651752e-05
   6.3774914e+02   2.7168005e-05
   6.3774500e+02   1.3516760e-05
   6.3774086e+02   5.3279913e-36
   6.3773673e+02   1.3383776e-05
   6.3773259e+02   2.6636048e-05
   6.3772845e+02   1.3252760e-05
   6.3772431e+02   5.6644663e-36
   6.3772018e+02   1.3123673e-05
   6.3771604e+02   2.6119681e-05
   6.3771190e+02   1.2996477e-05
   6.3770777e+02   7.0988842e-36
   6.3770363e+02   1.2871135e-05
   6.3769949e+02   2.5618296e-05
   6.3769536e+02   1.2747611e-05
   6.3769122e+02   1.3382052e-34
   6.3768708e+02   1.2625870e-05
   6.3768295e+02   2.5131316e-05
   6.3767881e+02   1.2505878e-05
   6.3767467e+02   1.1962493e-36
   6.3767054e+02   1.2387601e-05
   6.3766640e+02   2.4658189e-05
   6.3766226e+02   1.2271005e-05
   6.3765813e+02   1.6301496e-36
   6.3765399e+02   1.2156060e-05
   6.3764986e+02   2.4198393e-05
   6.3764572e+02   1.2042734e-05
   6.3764158e+02   6.3273466e-37
   6.3763745e+02   1.1930997e-05
   6.3763331e+02   2.3751429e-05
   6.3762918e+02   1.1820818e-05
   6.3762504e+02   9.3112975e-35
   6.3762090e+02   1.1712169e-05
   6.3761677e+02   2.3316819e-05
   6.3761263e+02   1.1605022e-05
   6.3760850e+02   3.7327490e-36
   6.3760436e+02   1.1499348e-05
   6.3760023e+02   2.2894111e-05
   6.3759609e+02   1.1395121e-05
   6.3759195e+02   5.8808858e-36
   6.3758782e+02   1.1292314e-05
   6.3758368e+02   2.2482870e-05
   6.3757955e+02   1.1190902e-05
   6.3757541e+02   3.6170703e-37
   6.3757128e+02   1.1090858e-05
   6.3756714e+02   2.2082685e-05
   6.3756301e+02   1.0992159e-05
   6.3755887e+02   2.3063043e-34
   6.3755474e+02   1.0894781e-05
   6.3755060e+02   2.1693159e-05
   6.3754647e+02   1.0798699e-05
   6.3754233e+02   8.8883006e-37
   6.3753820e+02   1.0703891e-05
   6.3753406e+02   2.1313915e-05
   6.3752993e+02   1.0610334e-05
   6.3752580e+02   2.2202163e-37
   6.3752166e+02   1.0518006e-05
   6.3751753e+02   2.0944592e-05
   6.3751339e+02   1.0426886e-05
   6.3750926e+02   2.5696592e-37
   6.3750512e+02   1.0336952e-05
   6.3750099e+02   2.0584847e-05
   6.3749686e+02   1.0248184e-05
   6.3749272e+02   1.1124801e-34
   6.3748859e+02   1.0160561e-05
   6.3748445e+02   2.0234347e-05
   6.3748032e+02   1.0074065e-05
   6.3747619e+02   2.0621559e-34
   6.3747205e+02   9.9886753e-06
   6.3746792e+02   1.9892779e-05
   6.3746378e+02   9.9043732e-06
   6.3745965e+02   1.5841173e-37
   6.3745552e+02   9.8211404e-06
   6.3745138e+02   1.9559839e-05
   6.3744725e+02   9.7389587e-06
   6.3744312e+02   6.0372201e-37
   6.3743898e+02   9.6578105e-06
   6.3743485e+02   1.9235237e-05
   6.3743072e+02   9.5776783e-06
   6.3742658e+02   2.8733873e-35
   6.3742245e+02   9.4985452e-06
   6.3741832e+02   1.8918696e-05
   6.3741418e+02   9.4203946e-06
   6.3741005e+02   2.9706241e-37
   6.3740592e+02   9.3432101e-06
   6.3740178e+02   1.8609950e-05
   6.3739765e+02   9.2669760e-06
   6.3739352e+02   1.0411296e-36
   6.3738939e+02   9.1916764e-06
   6.3738525e+02   1.8308745e-05
   6.3738112e+02   9.1172962e-06
   6.3737699e+02   4.6071391e-37
