   6.4153654e+02   1.0351197e-34
   6.4153235e+02   3.9515344e-35
   6.4152817e+02   8.9147997e-36
   6.4152398e+02   2.6098786e-34
   6.4151979e+02   2.0424849e-34
   6.4151561e+02   1.1355399e-35
   6.4151142e+02   3.6789227e-34
   6.4150723e+02   2.7168505e-34
   6.4150305e+02   7.3182276e-35
   6.4149886e+02   4.2669136e-35
   6.4149468e+02   2.4124349e-34
   6.4149049e+02   1.5452456e-34
   6.4148630e+02   1.3616892e-35
   6.4148212e+02   2.7634714e-34
   6.4147793e+02   2.8181351e-35
   6.4147375e+02   2.1241666e-34
   6.4146956e+02   7.8771898e-35
   6.4146537e+02   2.3399852e-34
   6.4146119e+02   6.8255860e-35
   6.4145700e+02   4.2153438e-34
   6.4145282e+02   3.8499282e-34
   6.4144863e+02   5.8382128e-35
   6.4144445e+02   6.2747461e-35
   6.4144026e+02   6.5799843e-34
   6.4143608e+02   9.1833387e-35
   6.4143189e+02   2.1649788e-34
   6.4142770e+02   6.3436577e-34
   6.4142352e+02   1.6271418e-34
   6.4141933e+02   2.1060396e-34
   6.4141515e+02   1.8450400e-34
   6.4141096e+02   1.8076728e-34
   6.4140678e+02   2.2585849e-34
   6.4140259e+02   5.4784385e-35
   6.4139841e+02   1.2125686e-35
   6.4139422e+02   2.0621160e-35
   6.4139004e+02   4.4525423e-34
   6.4138585e+02   2.9253553e-34
   6.4138167e+02   9.9671042e-35
   6.4137749e+02   3.1482205e-34
   6.4137330e+02   9.8781079e-35
   6.4136912e+02   7.4194391e-34
   6.4136493e+02   2.6565542e-34
   6.4136075e+02   5.7884320e-36
   6.4135656e+02   1.0122436e-34
   6.4135238e+02   1.2360061e-34
   6.4134819e+02   1.3164999e-34
   6.4134401e+02   2.9212486e-35
   6.4133983e+02   6.6936725e-35
   6.4133564e+02   1.1539165e-35
   6.4133146e+02   9.7681856e-35
   6.4132727e+02   1.9052384e-34
   6.4132309e+02   9.1988517e-35
   6.4131891e+02   1.6383602e-35
   6.4131472e+02   4.8108079e-35
   6.4131054e+02   1.8662889e-35
   6.4130635e+02   3.4789704e-34
   6.4130217e+02   9.9712999e-35
   6.4129799e+02   9.5320393e-36
   6.4129380e+02   8.1418022e-34
   6.4128962e+02   6.4272435e-36
   6.4128544e+02   4.1449580e-37
   6.4128125e+02   1.3833043e-34
   6.4127707e+02   6.0866843e-37
   6.4127289e+02   4.4611943e-35
   6.4126870e+02   2.2887924e-34
   6.4126452e+02   8.2073198e-35
   6.4126034e+02   2.6238540e-34
   6.4125615e+02   2.6803663e-34
   6.4125197e+02   5.2538108e-34
   6.4124779e+02   5.9072380e-34
   6.4124361e+02   5.0372057e-34
   6.4123942e+02   2.8822421e-34
   6.4123524e+02   1.7034949e-34
   6.4123106e+02   7.0722999e-34
   6.4122687e+02   1.1385652e-33
   6.4122269e+02   6.3159346e-34
   6.4121851e+02   3.1647408e-34
   6.4121433e+02   7.2383435e-34
   6.4121014e+02   9.8747724e-35
   6.4120596e+02   1.0160318e-33
   6.4120178e+02   5.0389223e-34
   6.4119760e+02   3.3171009e-34
   6.4119341e+02   6.5284638e-34
   6.4118923e+02   1.6864450e-33
   6.4118505e+02   2.1023795e-34
   6.4118087e+02   4.2502730e-34
   6.4117669e+02   2.5703224e-35
   6.4117250e+02   5.0880781e-34
   6.4116832e+02   1.3431044e-34
   6.4116414e+02   2.7195322e-34
   6.4115996e+02   6.3040735e-34
   6.4115578e+02   1.1338276e-35
   6.4115160e+02   1.9948280e-35
   6.4114741e+02   9.4392543e-35
   6.4114323e+02   5.8450885e-35
   6.4113905e+02   8.2145713e-36
   6.4113487e+02   2.9911358e-34
   6.4113069e+02   2.4916172e-34
   6.4112651e+02   1.5901855e-34
   6.4112232e+02   5.7942536e-34
   6.4111814e+02   1.8929488e-34
   6.4111396e+02   3.6630013e-34
   6.4110978e+02   2.2087868e-34
   6.4110560e+02   6.8095704e-35
   6.4110142e+02   6.6579306e-35
   6.4109724e+02   2.2083764e-34
   6.4109306e+02   3.7703921e-34
   6.4108888e+02   5.0730708e-36
   6.4108470e+02   2.1851763e-34
   6.4108051e+02   3.6329499e-34
   6.4107633e+02   9.8640885e-34
   6.4107215e+02   1.1660014e-33
   6.4106797e+02   5.0703562e-35
   6.4106379e+02   6.4515940e-34
   6.4105961e+02   1.5285106e-34
   6.4105543e+02   1.7807430e-34
   6.4105125e+02   3.6477485e-35
   6.4104707e+02   4.7691971e-34
   6.4104289e+02   5.8064099e-34
   6.4103871e+02   7.7617742e-35
   6.4103453e+02   2.0139411e-35
   6.4103035e+02   6.8565925e-34
   6.4102617e+02   3.9116372e-34
   6.4102199e+02   1.7979458e-35
   6.4101781e+02   1.2556632e-35
   6.4101363e+02   6.9819198e-35
   6.4100945e+02   5.5318367e-35
   6.4100527e+02   7.7554025e-36
   6.4100109e+02   2.5900356e-34
   6.4099691e+02   1.1361083e-34
   6.4099273e+02   5.8218599e-34
   6.4098855e+02   1.7776045e-34
   6.4098437e+02   1.3573350e-34
   6.4098019e+02   5.2090527e-34
   6.4097601e+02   2.6722896e-34
   6.4097183e+02   3.6270470e-34
   6.4096765e+02   2.6796757e-34
   6.4096348e+02   1.4980769e-34
   6.4095930e+02   4.1239926e-34
   6.4095512e+02   9.2581138e-34
   6.4095094e+02   7.1221200e-34
   6.4094676e+02   1.4280651e-34
   6.4094258e+02   7.1495300e-34
   6.4093840e+02   4.1644738e-34
   6.4093422e+02   2.5982632e-34
   6.4093004e+02   8.9059646e-35
   6.4092586e+02   3.6265258e-34
   6.4092169e+02   6.6069932e-34
   6.4091751e+02   1.2878835e-34
   6.4091333e+02   1.2079761e-34
   6.4090915e+02   3.4144699e-35
   6.4090497e+02   2.3238280e-34
   6.4090079e+02   2.4369919e-34
   6.4089661e+02   3.6673787e-34
   6.4089244e+02   7.0875469e-35
   6.4088826e+02   6.5872559e-36
   6.4088408e+02   1.8101992e-35
   6.4087990e+02   9.2268765e-35
   6.4087572e+02   1.0110524e-34
   6.4087155e+02   8.2939619e-35
   6.4086737e+02   7.3598855e-35
   6.4086319e+02   1.0392328e-34
   6.4085901e+02   8.1343585e-35
   6.4085483e+02   6.8929701e-35
   6.4085066e+02   3.8520914e-35
   6.4084648e+02   2.1532569e-34
   6.4084230e+02   5.5223916e-35
   6.4083812e+02   8.8904160e-35
   6.4083395e+02   3.7120288e-34
   6.4082977e+02   2.3032261e-34
   6.4082559e+02   4.5961742e-35
   6.4082141e+02   9.4108823e-35
   6.4081724e+02   8.6637838e-35
   6.4081306e+02   4.0576375e-34
   6.4080888e+02   2.2249818e-34
   6.4080470e+02   3.3016254e-34
   6.4080053e+02   2.2219596e-34
   6.4079635e+02   3.1483862e-34
   6.4079217e+02   3.3954645e-34
   6.4078800e+02   4.0184592e-34
   6.4078382e+02   7.9064875e-37
   6.4077964e+02   6.2943390e-35
   6.4077547e+02   2.8662196e-34
   6.4077129e+02   2.0045383e-35
   6.4076711e+02   4.2799859e-34
   6.4076294e+02   1.0686167e-34
   6.4075876e+02   2.0943182e-34
   6.4075458e+02   2.5541963e-34
   6.4075041e+02   2.0492951e-34
   6.4074623e+02   1.1991911e-34
   6.4074205e+02   4.0008418e-34
   6.4073788e+02   2.2260045e-34
   6.4073370e+02   1.8188823e-33
   6.4072952e+02   1.4683915e-34
   6.4072535e+02   4.0173852e-34
   6.4072117e+02   1.2032176e-33
   6.4071700e+02   2.4059432e-34
   6.4071282e+02   6.9169556e-35
   6.4070864e+02   5.0883635e-34
   6.4070447e+02   5.2004529e-34
   6.4070029e+02   8.0535900e-34
   6.4069612e+02   1.4267471e-33
   6.4069194e+02   3.3076454e-34
   6.4068777e+02   1.2917905e-34
   6.4068359e+02   2.9462227e-34
   6.4067941e+02   8.2052392e-35
   6.4067524e+02   7.6698217e-34
   6.4067106e+02   5.6877589e-34
   6.4066689e+02   9.2656199e-34
   6.4066271e+02   5.6127376e-34
   6.4065854e+02   1.9035173e-34
   6.4065436e+02   3.0036462e-34
   6.4065019e+02   4.8070464e-35
   6.4064601e+02   1.8544648e-34
   6.4064184e+02   3.9393300e-35
   6.4063766e+02   1.6078593e-33
   6.4063349e+02   4.7729796e-35
   6.4062931e+02   2.8095176e-34
   6.4062514e+02   2.7651333e-34
   6.4062096e+02   1.1156730e-34
   6.4061679e+02   9.2376715e-35
   6.4061261e+02   2.2363366e-34
   6.4060844e+02   7.2281586e-34
   6.4060426e+02   3.7241320e-34
   6.4060009e+02   3.2227179e-34
   6.4059591e+02   1.1083209e-33
   6.4059174e+02   3.9041809e-34
   6.4058757e+02   3.3809487e-37
   6.4058339e+02   4.0268808e-35
   6.4057922e+02   9.3298770e-35
   6.4057504e+02   3.5730647e-34
   6.4057087e+02   4.8222333e-34
   6.4056669e+02   2.6655227e-34
   6.4056252e+02   1.9941486e-34
   6.4055835e+02   8.6813507e-36
   6.4055417e+02   8.7939190e-34
   6.4055000e+02   1.8539685e-34
   6.4054583e+02   2.0600401e-34
   6.4054165e+02   2.7089427e-34
   6.4053748e+02   1.0197740e-33
   6.4053330e+02   3.2541353e-34
   6.4052913e+02   3.3585952e-34
   6.4052496e+02   2.0650799e-34
   6.4052078e+02   3.3510293e-34
   6.4051661e+02   5.2926289e-36
   6.4051244e+02   3.6413306e-34
   6.4050826e+02   1.8560426e-34
   6.4050409e+02   7.9786569e-34
   6.4049992e+02   7.1129845e-34
   6.4049574e+02   1.3401671e-34
   6.4049157e+02   5.5332238e-34
   6.4048740e+02   5.6187036e-35
   6.4048322e+02   7.6110373e-34
   6.4047905e+02   2.7031683e-34
   6.4047488e+02   1.9768239e-34
   6.4047071e+02   2.7376487e-34
   6.4046653e+02   9.4216269e-34
   6.4046236e+02   5.4561280e-34
   6.4045819e+02   3.9216093e-34
   6.4045402e+02   2.2737602e-34
   6.4044984e+02   1.1072231e-35
   6.4044567e+02   4.9279334e-35
   6.4044150e+02   3.1150023e-34
   6.4043733e+02   2.7752990e-35
   6.4043315e+02   9.5026224e-34
   6.4042898e+02   2.5795043e-34
   6.4042481e+02   2.3289939e-34
   6.4042064e+02   7.8393708e-34
   6.4041646e+02   2.8557453e-34
   6.4041229e+02   1.5266612e-34
   6.4040812e+02   1.1531663e-34
   6.4040395e+02   1.9349929e-34
   6.4039978e+02   1.0935140e-33
   6.4039560e+02   1.4785116e-34
   6.4039143e+02   5.6455605e-35
   6.4038726e+02   2.2730294e-34
   6.4038309e+02   5.7559571e-34
   6.4037892e+02   5.9309032e-34
   6.4037475e+02   1.8013225e-34
   6.4037057e+02   1.6869805e-33
   6.4036640e+02   3.5308665e-34
   6.4036223e+02   1.0282264e-33
   6.4035806e+02   3.8251375e-34
   6.4035389e+02   2.4131228e-34
   6.4034972e+02   1.8784310e-34
   6.4034555e+02   4.2378846e-34
   6.4034138e+02   4.9994452e-34
   6.4033720e+02   1.2216362e-34
   6.4033303e+02   2.3054534e-34
   6.4032886e+02   4.6688931e-34
   6.4032469e+02   4.6218981e-34
   6.4032052e+02   2.5412233e-35
   6.4031635e+02   7.6420947e-35
   6.4031218e+02   6.4671603e-35
   6.4030801e+02   3.6989305e-34
   6.4030384e+02   6.2853053e-34
   6.4029967e+02   1.8989268e-33
   6.4029550e+02   3.0739317e-34
   6.4029133e+02   4.1952803e-34
   6.4028716e+02   1.6379207e-33
   6.4028299e+02   1.6247293e-34
   6.4027882e+02   5.3825944e-35
   6.4027464e+02   5.5252756e-35
   6.4027047e+02   1.4662706e-33
   6.4026630e+02   3.7487397e-34
   6.4026213e+02   7.9542547e-34
   6.4025796e+02   3.6861520e-34
   6.4025379e+02   8.2815048e-35
   6.4024962e+02   8.2114550e-35
   6.4024545e+02   3.2592489e-34
   6.4024128e+02   1.8104298e-34
   6.4023711e+02   2.2668645e-34
   6.4023295e+02   8.5503712e-34
   6.4022878e+02   1.7881977e-34
   6.4022461e+02   2.2204339e-34
   6.4022044e+02   1.2326771e-35
   6.4021627e+02   9.4064367e-34
   6.4021210e+02   3.8777603e-34
   6.4020793e+02   2.6524701e-34
   6.4020376e+02   1.1806391e-33
   6.4019959e+02   1.0566509e-33
   6.4019542e+02   4.0440447e-34
   6.4019125e+02   2.7102702e-34
   6.4018708e+02   2.4497716e-34
   6.4018291e+02   9.3054430e-34
   6.4017874e+02   1.3861361e-33
   6.4017457e+02   9.2493272e-34
   6.4017041e+02   7.5565661e-34
   6.4016624e+02   1.7602368e-33
   6.4016207e+02   5.6524978e-34
   6.4015790e+02   5.7755014e-34
   6.4015373e+02   8.9812815e-35
   6.4014956e+02   4.6003195e-34
   6.4014539e+02   1.3485776e-33
   6.4014122e+02   5.9895624e-34
   6.4013706e+02   3.6131161e-33
   6.4013289e+02   2.1921689e-32
   6.4012872e+02   6.0491853e-32
   6.4012455e+02   1.7010558e-31
   6.4012038e+02   5.2720717e-31
   6.4011621e+02   1.4887451e-30
   6.4011205e+02   4.3375136e-30
   6.4010788e+02   1.2403031e-29
   6.4010371e+02   3.5020138e-29
   6.4009954e+02   9.7382299e-29
   6.4009537e+02   2.6840677e-28
   6.4009121e+02   7.3771852e-28
   6.4008704e+02   2.0123213e-27
   6.4008287e+02   5.4570635e-27
   6.4007870e+02   1.4699894e-26
   6.4007454e+02   3.9346180e-26
   6.4007037e+02   1.0460211e-25
   6.4006620e+02   2.7632071e-25
   6.4006203e+02   7.2518229e-25
   6.4005787e+02   1.8907092e-24
   6.4005370e+02   4.8969433e-24
   6.4004953e+02   1.2598823e-23
   6.4004536e+02   3.2197259e-23
   6.4004120e+02   8.1726739e-23
   6.4003703e+02   2.0603623e-22
   6.4003286e+02   5.1586327e-22
   6.4002869e+02   1.2826634e-21
   6.4002453e+02   3.1670489e-21
   6.4002036e+02   7.7649039e-21
   6.4001619e+02   1.8903083e-20
   6.4001203e+02   4.5689889e-20
   6.4000786e+02   1.0964124e-19
   6.4000369e+02   2.6119769e-19
   6.3999953e+02   6.1770556e-19
   6.3999536e+02   1.4500586e-18
   6.3999119e+02   3.3787527e-18
   6.3998703e+02   7.8139207e-18
   6.3998286e+02   1.7934865e-17
   6.3997869e+02   4.0852481e-17
   6.3997453e+02   9.2343145e-17
   6.3997036e+02   2.0712445e-16
   6.3996620e+02   4.6097049e-16
   6.3996203e+02   1.0178985e-15
   6.3995786e+02   2.2299744e-15
   6.3995370e+02   4.8465631e-15
   6.3994953e+02   1.0449150e-14
   6.3994536e+02   2.2346819e-14
   6.3994120e+02   4.7403745e-14
   6.3993703e+02   9.9734736e-14
   6.3993287e+02   2.0810944e-13
   6.3992870e+02   4.3064900e-13
   6.3992454e+02   8.8372335e-13
   6.3992037e+02   1.7982309e-12
   6.3991620e+02   3.6281566e-12
   6.3991204e+02   7.2579393e-12
   6.3990787e+02   1.4394710e-11
   6.3990371e+02   2.8302871e-11
   6.3989954e+02   5.5166069e-11
   6.3989538e+02   1.0658689e-10
   6.3989121e+02   2.0412782e-10
   6.3988705e+02   3.8747539e-10
   6.3988288e+02   7.2896500e-10
   6.3987872e+02   1.3591500e-09
   6.3987455e+02   2.5113319e-09
   6.3987039e+02   4.5982775e-09
   6.3986622e+02   8.3429442e-09
   6.3986206e+02   1.4998776e-08
   6.3985789e+02   2.6716796e-08
   6.3985373e+02   4.7150388e-08
   6.3984956e+02   8.2440263e-08
   6.3984540e+02   1.4279997e-07
   6.3984123e+02   2.4503812e-07
   6.3983707e+02   4.1652273e-07
   6.3983290e+02   7.0133706e-07
   6.3982874e+02   1.1697206e-06
   6.3982458e+02   1.9323678e-06
   6.3982041e+02   3.1618085e-06
   6.3981625e+02   5.1239650e-06
   6.3981208e+02   8.2241152e-06
   6.3980792e+02   1.3072937e-05
   6.3980375e+02   2.0580107e-05
   6.3979959e+02   3.2085077e-05
   6.3979543e+02   4.9537159e-05
   6.3979126e+02   7.5739832e-05
   6.3978710e+02   1.1467707e-04
   6.3978293e+02   1.7194236e-04
   6.3977877e+02   2.5529324e-04
   6.3977461e+02   3.7535601e-04
   6.3977044e+02   5.4650451e-04
   6.3976628e+02   7.8793520e-04
   6.3976212e+02   1.1249547e-03
   6.3975795e+02   1.5904873e-03
   6.3975379e+02   2.2267951e-03
   6.3974962e+02   3.0873861e-03
   6.3974546e+02   4.2390597e-03
   6.3974130e+02   5.7640117e-03
   6.3973713e+02   7.7618873e-03
   6.3973297e+02   1.0351636e-02
   6.3972881e+02   1.3672993e-02
   6.3972465e+02   1.7887372e-02
   6.3972048e+02   2.3177945e-02
   6.3971632e+02   2.9748681e-02
   6.3971216e+02   3.7822095e-02
   6.3970799e+02   4.7635539e-02
   6.3970383e+02   5.9435870e-02
   6.3969967e+02   7.3472444e-02
   6.3969551e+02   8.9988476e-02
   6.3969134e+02   1.0921091e-01
   6.3968718e+02   1.3133911e-01
   6.3968302e+02   1.5653272e-01
   6.3967885e+02   1.8489941e-01
   6.3967469e+02   2.1648284e-01
   6.3967053e+02   2.5125195e-01
   6.3966637e+02   2.8909192e-01
   6.3966221e+02   3.2979780e-01
   6.3965804e+02   3.7307124e-01
   6.3965388e+02   4.1852095e-01
   6.3964972e+02   4.6566707e-01
   6.3964556e+02   5.1394961e-01
   6.3964139e+02   5.6274082e-01
   6.3963723e+02   6.1136106e-01
   6.3963307e+02   6.5909752e-01
   6.3962891e+02   7.0522509e-01
   6.3962475e+02   7.4902827e-01
   6.3962059e+02   7.8982329e-01
   6.3961642e+02   8.2697916e-01
   6.3961226e+02   8.5993689e-01
   6.3960810e+02   8.8822581e-01
   6.3960394e+02   9.1147642e-01
   6.3959978e+02   9.2942925e-01
   6.3959562e+02   9.4193945e-01
   6.3959145e+02   9.4897706e-01
   6.3958729e+02   9.5062326e-01
   6.3958313e+02   9.4706293e-01
   6.3957897e+02   9.3857404e-01
   6.3957481e+02   9.2551467e-01
   6.3957065e+02   9.0830827e-01
   6.3956649e+02   8.8742801e-01
   6.3956233e+02   8.6338086e-01
   6.3955817e+02   8.3669218e-01
   6.3955400e+02   8.0789122e-01
   6.3954984e+02   7.7749813e-01
   6.3954568e+02   7.4601280e-01
   6.3954152e+02   7.1390555e-01
   6.3953736e+02   6.8161008e-01
   6.3953320e+02   6.4951832e-01
   6.3952904e+02   6.1797736e-01
   6.3952488e+02   5.8728808e-01
   6.3952072e+02   5.5770547e-01
   6.3951656e+02   5.2944013e-01
   6.3951240e+02   5.0266095e-01
   6.3950824e+02   4.7749852e-01
   6.3950408e+02   4.5404920e-01
   6.3949992e+02   4.3237941e-01
   6.3949576e+02   4.1253015e-01
   6.3949160e+02   3.9452150e-01
   6.3948744e+02   3.7835695e-01
   6.3948328e+02   3.6402749e-01
   6.3947912e+02   3.5151539e-01
   6.3947496e+02   3.4079761e-01
   6.3947080e+02   3.3184881e-01
   6.3946664e+02   3.2464392e-01
   6.3946248e+02   3.1916033e-01
   6.3945832e+02   3.1537967e-01
   6.3945416e+02   3.1328910e-01
   6.3945000e+02   3.1288232e-01
   6.3944584e+02   3.1416012e-01
   6.3944168e+02   3.1713053e-01
   6.3943752e+02   3.2180864e-01
   6.3943336e+02   3.2821598e-01
   6.3942920e+02   3.3637951e-01
   6.3942504e+02   3.4633024e-01
   6.3942088e+02   3.5810134e-01
   6.3941673e+02   3.7172593e-01
   6.3941257e+02   3.8723434e-01
   6.3940841e+02   4.0465095e-01
   6.3940425e+02   4.2399064e-01
   6.3940009e+02   4.4525481e-01
   6.3939593e+02   4.6842707e-01
   6.3939177e+02   4.9346867e-01
   6.3938761e+02   5.2031376e-01
   6.3938345e+02   5.4886461e-01
   6.3937930e+02   5.7898702e-01
   6.3937514e+02   6.1050605e-01
   6.3937098e+02   6.4320237e-01
   6.3936682e+02   6.7680942e-01
   6.3936266e+02   7.1101169e-01
   6.3935850e+02   7.4544446e-01
   6.3935435e+02   7.7969513e-01
   6.3935019e+02   8.1330644e-01
   6.3934603e+02   8.4578187e-01
   6.3934187e+02   8.7659309e-01
   6.3933771e+02   9.0518973e-01
   6.3933355e+02   9.3101120e-01
   6.3932940e+02   9.5350045e-01
   6.3932524e+02   9.7211925e-01
   6.3932108e+02   9.8636460e-01
   6.3931692e+02   9.9578559e-01
   6.3931277e+02   1.0000000e+00
   6.3930861e+02   9.9871002e-01
   6.3930445e+02   9.9171608e-01
   6.3930029e+02   9.7892814e-01
   6.3929614e+02   9.6037374e-01
   6.3929198e+02   9.3620205e-01
   6.3928782e+02   9.0668375e-01
   6.3928366e+02   8.7220623e-01
   6.3927951e+02   8.3326436e-01
   6.3927535e+02   7.9044698e-01
   6.3927119e+02   7.4441969e-01
   6.3926703e+02   6.9590455e-01
   6.3926288e+02   6.4565780e-01
   6.3925872e+02   5.9444652e-01
   6.3925456e+02   5.4302534e-01
   6.3925041e+02   4.9211435e-01
   6.3924625e+02   4.4237919e-01
   6.3924209e+02   3.9441420e-01
   6.3923794e+02   3.4872924e-01
   6.3923378e+02   3.0574063e-01
   6.3922962e+02   2.6576649e-01
   6.3922547e+02   2.2902611e-01
   6.3922131e+02   1.9564336e-01
   6.3921715e+02   1.6565339e-01
   6.3921300e+02   1.3901205e-01
   6.3920884e+02   1.1560735e-01
   6.3920468e+02   9.5271987e-02
   6.3920053e+02   7.7796447e-02
   6.3919637e+02   6.2941776e-02
   6.3919221e+02   5.0451583e-02
   6.3918806e+02   4.0062770e-02
   6.3918390e+02   3.1514703e-02
   6.3917975e+02   2.4556647e-02
   6.3917559e+02   1.8953433e-02
   6.3917143e+02   1.4489414e-02
   6.3916728e+02   1.0970864e-02
   6.3916312e+02   8.2270202e-03
   6.3915897e+02   6.1100159e-03
   6.3915481e+02   4.4939494e-03
   6.3915066e+02   3.2733294e-03
   6.3914650e+02   2.3611205e-03
   6.3914234e+02   1.6865775e-03
   6.3913819e+02   1.1930219e-03
   6.3913403e+02   8.3568055e-04
   6.3912988e+02   5.7966775e-04
   6.3912572e+02   3.9816545e-04
   6.3912157e+02   2.7082801e-04
   6.3911741e+02   1.8241917e-04
   6.3911326e+02   1.2167374e-04
   6.3910910e+02   8.0366783e-05
   6.3910495e+02   5.2567182e-05
   6.3910079e+02   3.4050025e-05
   6.3909664e+02   2.1841987e-05
   6.3909248e+02   1.3875457e-05
   6.3908833e+02   8.7295603e-06
   6.3908417e+02   5.4392358e-06
   6.3908002e+02   3.3565671e-06
   6.3907586e+02   2.0515265e-06
   6.3907171e+02   1.2419285e-06
   6.3906755e+02   7.4467695e-07
   6.3906340e+02   4.4228892e-07
   6.3905925e+02   2.6021170e-07
   6.3905509e+02   1.5165151e-07
   6.3905094e+02   8.7555416e-08
   6.3904678e+02   5.0078763e-08
   6.3904263e+02   2.8377688e-08
   6.3903847e+02   1.5932078e-08
   6.3903432e+02   8.8625677e-09
   6.3903017e+02   4.8849342e-09
   6.3902601e+02   2.6680296e-09
   6.3902186e+02   1.4440313e-09
   6.3901770e+02   7.7453011e-10
   6.3901355e+02   4.1171611e-10
   6.3900940e+02   2.1690911e-10
   6.3900524e+02   1.1326636e-10
   6.3900109e+02   5.8626036e-11
   6.3899693e+02   3.0079461e-11
   6.3899278e+02   1.5299009e-11
   6.3898863e+02   7.7142608e-12
   6.3898447e+02   3.8564471e-12
   6.3898032e+02   1.9114677e-12
   6.3897617e+02   9.3941557e-13
   6.3897201e+02   4.5780927e-13
   6.3896786e+02   2.2124448e-13
   6.3896371e+02   1.0603431e-13
   6.3895955e+02   5.0400144e-14
   6.3895540e+02   2.3760401e-14
   6.3895125e+02   1.1110607e-14
   6.3894710e+02   5.1535831e-15
   6.3894294e+02   2.3713393e-15
   6.3893879e+02   1.0824717e-15
   6.3893464e+02   4.9023384e-16
   6.3893048e+02   2.2028223e-16
   6.3892633e+02   9.8213351e-17
   6.3892218e+02   4.3451215e-17
   6.3891803e+02   1.9076517e-17
   6.3891387e+02   8.3116510e-18
   6.3890972e+02   3.5941145e-18
   6.3890557e+02   1.5425460e-18
   6.3890142e+02   6.5712954e-19
   6.3889726e+02   2.7787893e-19
   6.3889311e+02   1.1664790e-19
   6.3888896e+02   4.8611577e-20
   6.3888481e+02   2.0112621e-20
   6.3888065e+02   8.2620577e-21
   6.3887650e+02   3.3699497e-21
   6.3887235e+02   1.3648905e-21
   6.3886820e+02   5.4895346e-22
   6.3886405e+02   2.1926144e-22
   6.3885989e+02   8.6976030e-23
   6.3885574e+02   3.4266603e-23
   6.3885159e+02   1.3409022e-23
   6.3884744e+02   5.2120409e-24
   6.3884329e+02   2.0124318e-24
   6.3883914e+02   7.7192949e-25
   6.3883498e+02   2.9413479e-25
   6.3883083e+02   1.1135007e-25
   6.3882668e+02   4.1885264e-26
   6.3882253e+02   1.5654382e-26
   6.3881838e+02   5.8149118e-27
   6.3881423e+02   2.1424657e-27
   6.3881008e+02   7.8563509e-28
   6.3880593e+02   2.8596624e-28
   6.3880177e+02   1.0344477e-28
   6.3879762e+02   3.7015519e-29
   6.3879347e+02   1.3367960e-29
   6.3878932e+02   4.6075076e-30
   6.3878517e+02   1.5902104e-30
   6.3878102e+02   5.2412456e-31
   6.3877687e+02   1.7382229e-31
   6.3877272e+02   5.4822813e-32
   6.3876857e+02   1.3867118e-32
   6.3876442e+02   1.0609225e-33
   6.3876027e+02   2.7796531e-35
   6.3875612e+02   1.1181067e-33
   6.3875197e+02   1.8038744e-33
   6.3874782e+02   3.9564949e-33
   6.3874366e+02   2.2784405e-33
   6.3873951e+02   2.0624263e-33
   6.3873536e+02   1.2180772e-33
   6.3873121e+02   2.3644848e-33
   6.3872706e+02   2.5504304e-33
   6.3872291e+02   6.9288288e-34
   6.3871876e+02   1.2775656e-33
   6.3871461e+02   2.1780663e-33
   6.3871046e+02   1.4784320e-33
   6.3870631e+02   2.6045971e-34
   6.3870216e+02   1.9623092e-33
   6.3869801e+02   5.2412378e-34
   6.3869386e+02   2.2088091e-33
   6.3868972e+02   8.3891247e-34
   6.3868557e+02   3.9461447e-34
   6.3868142e+02   4.7435812e-33
   6.3867727e+02   9.7858907e-34
   6.3867312e+02   2.1845053e-34
   6.3866897e+02   1.3204523e-33
   6.3866482e+02   1.9020609e-34
   6.3866067e+02   2.9460647e-33
   6.3865652e+02   2.4953143e-33
   6.3865237e+02   5.0119903e-35
   6.3864822e+02   9.8593444e-35
   6.3864407e+02   1.8548725e-34
   6.3863992e+02   1.0981970e-34
   6.3863577e+02   2.4831442e-34
   6.3863163e+02   6.5169234e-35
   6.3862748e+02   3.9055460e-34
   6.3862333e+02   1.9121141e-34
   6.3861918e+02   7.9852371e-34
   6.3861503e+02   6.7502025e-34
   6.3861088e+02   1.2127637e-34
   6.3860673e+02   1.0764666e-34
   6.3860258e+02   7.9977385e-34
   6.3859844e+02   2.8444187e-35
   6.3859429e+02   2.2263129e-34
   6.3859014e+02   2.0269338e-34
   6.3858599e+02   3.7235422e-34
   6.3858184e+02   7.8708207e-34
   6.3857769e+02   1.1330890e-34
   6.3857355e+02   1.7292754e-34
   6.3856940e+02   1.4292446e-34
   6.3856525e+02   2.4113748e-34
   6.3856110e+02   8.9047271e-34
   6.3855695e+02   1.3274763e-33
   6.3855281e+02   2.8373181e-35
   6.3854866e+02   1.4058528e-33
   6.3854451e+02   3.4528610e-34
   6.3854036e+02   3.4631301e-34
   6.3853622e+02   1.2465333e-34
   6.3853207e+02   4.2941134e-34
   6.3852792e+02   1.1205455e-33
   6.3852377e+02   5.9734164e-34
   6.3851963e+02   1.7680588e-34
   6.3851548e+02   6.0787165e-34
   6.3851133e+02   8.3462242e-34
   6.3850718e+02   3.5220992e-34
   6.3850304e+02   1.1398864e-34
   6.3849889e+02   1.4308982e-34
   6.3849474e+02   9.3291919e-35
   6.3849060e+02   3.5737622e-34
   6.3848645e+02   2.9428784e-34
   6.3848230e+02   6.3212557e-34
   6.3847815e+02   2.8169555e-34
   6.3847401e+02   2.7512951e-34
   6.3846986e+02   7.2203236e-34
   6.3846571e+02   9.2727325e-34
   6.3846157e+02   1.1063332e-34
   6.3845742e+02   1.2135998e-33
   6.3845327e+02   4.9539993e-34
   6.3844913e+02   3.8817449e-34
   6.3844498e+02   2.8507819e-34
   6.3844083e+02   6.9716565e-34
   6.3843669e+02   5.5899657e-35
   6.3843254e+02   1.1378573e-34
   6.3842840e+02   4.5207654e-34
   6.3842425e+02   3.2007897e-34
   6.3842010e+02   1.2176211e-34
   6.3841596e+02   5.1215330e-34
   6.3841181e+02   4.3678552e-34
   6.3840767e+02   5.6107401e-34
   6.3840352e+02   4.1188397e-35
   6.3839937e+02   1.5958369e-34
   6.3839523e+02   2.0486789e-34
   6.3839108e+02   9.8418954e-34
   6.3838694e+02   2.3455459e-35
   6.3838279e+02   1.7392470e-34
   6.3837864e+02   1.8308066e-35
   6.3837450e+02   6.3544667e-34
   6.3837035e+02   3.9799989e-34
   6.3836621e+02   3.8361619e-35
   6.3836206e+02   1.6458481e-35
   6.3835792e+02   1.3566619e-34
   6.3835377e+02   7.1816616e-34
   6.3834963e+02   3.5472766e-34
   6.3834548e+02   5.2792313e-35
   6.3834134e+02   3.5051533e-34
   6.3833719e+02   1.5291835e-34
   6.3833305e+02   8.3598747e-35
   6.3832890e+02   2.1399349e-34
   6.3832476e+02   8.5190033e-34
   6.3832061e+02   2.6559711e-34
   6.3831647e+02   1.1044962e-34
   6.3831232e+02   1.5081581e-34
   6.3830818e+02   1.1031693e-34
   6.3830403e+02   2.1596235e-34
   6.3829989e+02   3.9352737e-34
   6.3829574e+02   6.1662136e-35
   6.3829160e+02   5.6927460e-34
   6.3828746e+02   5.5426743e-34
   6.3828331e+02   3.7013069e-35
   6.3827917e+02   1.5822223e-34
   6.3827502e+02   7.3193055e-34
   6.3827088e+02   1.2030213e-34
   6.3826673e+02   6.9076172e-35
   6.3826259e+02   3.9735086e-34
   6.3825845e+02   8.5392459e-35
   6.3825430e+02   1.0072137e-35
   6.3825016e+02   3.1565156e-35
   6.3824601e+02   3.5733101e-34
   6.3824187e+02   2.6217525e-34
   6.3823773e+02   1.6263473e-34
   6.3823358e+02   1.1523890e-34
   6.3822944e+02   4.3381984e-34
   6.3822530e+02   8.7204776e-35
   6.3822115e+02   2.8440701e-34
   6.3821701e+02   3.2973780e-34
   6.3821286e+02   2.6364947e-34
   6.3820872e+02   2.4305254e-34
   6.3820458e+02   8.2862290e-34
   6.3820043e+02   6.6909912e-34
   6.3819629e+02   8.7764169e-35
   6.3819215e+02   4.4662480e-34
   6.3818801e+02   1.3647224e-34
   6.3818386e+02   2.4324494e-34
   6.3817972e+02   1.5801941e-35
   6.3817558e+02   6.7894407e-35
   6.3817143e+02   3.1836833e-35
   6.3816729e+02   8.9231975e-35
   6.3816315e+02   1.2702605e-34
   6.3815900e+02   3.0916473e-34
   6.3815486e+02   2.3785302e-34
   6.3815072e+02   6.0779662e-34
   6.3814658e+02   2.1305003e-34
   6.3814243e+02   2.5972962e-34
   6.3813829e+02   4.9548582e-35
   6.3813415e+02   3.3124226e-35
   6.3813001e+02   3.0771719e-34
   6.3812586e+02   6.2522165e-34
   6.3812172e+02   4.0322285e-35
   6.3811758e+02   1.1568187e-35
   6.3811344e+02   4.5794950e-34
   6.3810930e+02   5.1577073e-35
   6.3810515e+02   1.1040391e-34
   6.3810101e+02   2.2882642e-35
   6.3809687e+02   5.4610885e-34
   6.3809273e+02   1.0289421e-34
   6.3808859e+02   1.5296347e-35
   6.3808444e+02   2.5772969e-34
   6.3808030e+02   1.8416342e-35
   6.3807616e+02   2.2139429e-34
   6.3807202e+02   4.0155336e-34
   6.3806788e+02   2.7397466e-35
   6.3806374e+02   4.1527781e-35
   6.3805959e+02   2.9877019e-34
   6.3805545e+02   2.0424074e-35
   6.3805131e+02   3.3428580e-34
   6.3804717e+02   1.7755295e-34
   6.3804303e+02   1.2956549e-35
   6.3803889e+02   5.0220158e-34
   6.3803475e+02   1.0816897e-35
   6.3803061e+02   1.6929725e-34
   6.3802646e+02   2.8094666e-34
   6.3802232e+02   6.9010059e-34
   6.3801818e+02   4.3630162e-34
   6.3801404e+02   1.0557525e-33
   6.3800990e+02   4.7414102e-34
   6.3800576e+02   1.0079712e-33
   6.3800162e+02   1.4619196e-33
   6.3799748e+02   3.4149715e-34
   6.3799334e+02   4.8379376e-34
   6.3798920e+02   1.4219077e-34
   6.3798506e+02   1.4668819e-35
   6.3798092e+02   4.5212636e-34
   6.3797678e+02   9.5328438e-35
   6.3797264e+02   1.7318768e-35
   6.3796850e+02   4.3098599e-34
   6.3796436e+02   2.5321794e-34
   6.3796022e+02   1.7383652e-35
   6.3795608e+02   3.0613660e-35
   6.3795194e+02   3.7334160e-34
   6.3794780e+02   1.1710124e-34
   6.3794366e+02   1.2682283e-34
   6.3793952e+02   1.8437759e-34
   6.3793538e+02   6.8283391e-34
   6.3793124e+02   2.3094301e-34
   6.3792710e+02   1.9144285e-34
   6.3792296e+02   3.5990442e-34
   6.3791882e+02   4.1906658e-34
   6.3791468e+02   2.6919949e-34
   6.3791054e+02   4.8928844e-34
   6.3790640e+02   1.2644371e-34
   6.3790226e+02   2.1768894e-34
   6.3789812e+02   2.7977841e-34
   6.3789398e+02   5.4627933e-34
   6.3788984e+02   3.0731595e-34
   6.3788570e+02   1.9326337e-35
   6.3788156e+02   5.1420489e-34
   6.3787742e+02   2.2491087e-34
   6.3787328e+02   8.2352840e-35
   6.3786915e+02   4.7150743e-34
   6.3786501e+02   3.4587737e-34
   6.3786087e+02   6.3595363e-34
   6.3785673e+02   2.7975883e-35
   6.3785259e+02   3.0951951e-35
   6.3784845e+02   4.2050065e-34
   6.3784431e+02   2.8142484e-35
   6.3784017e+02   3.6601521e-34
   6.3783604e+02   9.4337450e-35
   6.3783190e+02   3.5128911e-34
   6.3782776e+02   2.0794085e-34
   6.3782362e+02   2.5991215e-35
   6.3781948e+02   2.5750534e-34
   6.3781534e+02   1.6046175e-34
   6.3781120e+02   3.3995869e-34
   6.3780707e+02   8.7857492e-34
   6.3780293e+02   3.3441848e-35
   6.3779879e+02   1.6994551e-34
   6.3779465e+02   4.1664477e-34
   6.3779051e+02   3.7595522e-34
   6.3778638e+02   3.5879601e-34
   6.3778224e+02   2.8567367e-34
   6.3777810e+02   1.4243026e-34
   6.3777396e+02   2.0694706e-34
   6.3776983e+02   4.3418907e-35
   6.3776569e+02   1.1475990e-34
   6.3776155e+02   2.4596268e-34
   6.3775741e+02   4.4930596e-34
   6.3775328e+02   4.5891452e-35
   6.3774914e+02   5.9086094e-34
   6.3774500e+02   4.7732332e-34
   6.3774086e+02   1.6086828e-34
   6.3773673e+02   6.1628893e-34
   6.3773259e+02   2.9462401e-34
   6.3772845e+02   2.2142788e-34
   6.3772431e+02   8.5993879e-36
   6.3772018e+02   4.4823525e-35
   6.3771604e+02   5.0335701e-35
   6.3771190e+02   1.5151073e-34
   6.3770777e+02   7.7657614e-35
   6.3770363e+02   2.0975044e-34
   6.3769949e+02   1.0940738e-33
   6.3769536e+02   6.7295054e-35
   6.3769122e+02   1.4422388e-34
   6.3768708e+02   1.3042257e-34
   6.3768295e+02   1.6905544e-34
   6.3767881e+02   3.2830164e-34
   6.3767467e+02   4.5372328e-35
   6.3767054e+02   4.2278019e-34
   6.3766640e+02   2.6119197e-34
   6.3766226e+02   6.6097867e-34
   6.3765813e+02   2.7026105e-34
   6.3765399e+02   2.6005914e-34
   6.3764986e+02   4.1683500e-34
   6.3764572e+02   2.8480902e-35
   6.3764158e+02   3.6439375e-35
   6.3763745e+02   3.1497557e-36
   6.3763331e+02   3.5419337e-35
   6.3762918e+02   3.1147890e-34
   6.3762504e+02   2.9804543e-34
   6.3762090e+02   2.7662165e-34
   6.3761677e+02   3.4795344e-34
   6.3761263e+02   6.9415634e-34
   6.3760850e+02   3.8383929e-34
   6.3760436e+02   1.6382369e-34
   6.3760023e+02   3.2001004e-34
   6.3759609e+02   3.7608245e-35
   6.3759195e+02   6.9015527e-35
   6.3758782e+02   1.6160965e-35
   6.3758368e+02   6.4030037e-36
   6.3757955e+02   2.1949635e-35
   6.3757541e+02   6.4200729e-36
   6.3757128e+02   1.9563169e-34
   6.3756714e+02   4.5169555e-34
   6.3756301e+02   1.0195858e-34
   6.3755887e+02   3.0505009e-36
   6.3755474e+02   8.1375851e-35
   6.3755060e+02   1.1592353e-34
   6.3754647e+02   5.3867452e-35
   6.3754233e+02   1.0032307e-34
   6.3753820e+02   1.7022994e-34
   6.3753406e+02   2.0845226e-34
   6.3752993e+02   3.3259041e-34
   6.3752580e+02   3.1475231e-34
   6.3752166e+02   1.1654593e-34
   6.3751753e+02   3.2709870e-34
   6.3751339e+02   4.5073409e-34
   6.3750926e+02   1.2447652e-33
   6.3750512e+02   1.5792387e-34
   6.3750099e+02   8.7089975e-34
   6.3749686e+02   1.9842022e-34
   6.3749272e+02   4.4693858e-34
   6.3748859e+02   2.4471258e-34
   6.3748445e+02   2.7253114e-35
   6.3748032e+02   8.2063167e-35
   6.3747619e+02   1.0830521e-34
   6.3747205e+02   1.8301445e-34
   6.3746792e+02   2.6238115e-34
   6.3746378e+02   6.8678046e-34
   6.3745965e+02   1.1560359e-33
   6.3745552e+02   5.7786538e-34
   6.3745138e+02   4.4109942e-34
   6.3744725e+02   2.2656356e-33
   6.3744312e+02   8.8374609e-34
   6.3743898e+02   7.3054463e-34
   6.3743485e+02   9.3113544e-34
   6.3743072e+02   6.4648458e-34
   6.3742658e+02   4.0154727e-34
   6.3742245e+02   6.2508586e-34
   6.3741832e+02   1.2261857e-33
   6.3741418e+02   1.3553873e-33
   6.3741005e+02   1.2639001e-33
   6.3740592e+02   6.9298548e-34
   6.3740178e+02   4.1483361e-34
   6.3739765e+02   1.6302508e-33
   6.3739352e+02   6.2288176e-34
   6.3738939e+02   5.2398424e-35
   6.3738525e+02   3.0754324e-34
   6.3738112e+02   4.5277080e-34
   6.3737699e+02   1.3352574e-33
