  6.3690000e+002 -7.6070000e+001
  6.3690676e+002 -7.6470000e+001
  6.3691352e+002 -7.6480000e+001
  6.3692028e+002 -7.0870000e+001
  6.3692703e+002 -7.0290000e+001
  6.3693379e+002 -7.1730000e+001
  6.3694055e+002 -6.9570000e+001
  6.3694731e+002 -6.8800000e+001
  6.3695407e+002 -6.8790000e+001
  6.3696083e+002 -7.1510000e+001
  6.3696758e+002 -7.1320000e+001
  6.3697434e+002 -7.0940000e+001
  6.3698110e+002 -7.1890000e+001
  6.3698786e+002 -7.6490000e+001
  6.3699462e+002 -7.6490000e+001
  6.3700138e+002 -7.6490000e+001
  6.3700814e+002 -7.5310000e+001
  6.3701489e+002 -7.6500000e+001
  6.3702165e+002 -7.6500000e+001
  6.3702841e+002 -7.3460000e+001
  6.3703517e+002 -7.5470000e+001
  6.3704193e+002 -7.6500000e+001
  6.3704869e+002 -7.6500000e+001
  6.3705544e+002 -7.6510000e+001
  6.3706220e+002 -7.6510000e+001
  6.3706896e+002 -7.4690000e+001
  6.3707572e+002 -7.2430000e+001
  6.3708248e+002 -7.2620000e+001
  6.3708924e+002 -7.4300000e+001
  6.3709599e+002 -7.6510000e+001
  6.3710275e+002 -7.6520000e+001
  6.3710951e+002 -7.6520000e+001
  6.3711627e+002 -7.6520000e+001
  6.3712303e+002 -7.6520000e+001
  6.3712979e+002 -7.6520000e+001
  6.3713655e+002 -7.6520000e+001
  6.3714330e+002 -7.6520000e+001
  6.3715006e+002 -7.6530000e+001
  6.3715682e+002 -7.6530000e+001
  6.3716358e+002 -7.2700000e+001
  6.3717034e+002 -7.6530000e+001
  6.3717710e+002 -7.4320000e+001
  6.3718385e+002 -7.6530000e+001
  6.3719061e+002 -7.6530000e+001
  6.3719737e+002 -7.6280000e+001
  6.3720413e+002 -7.2240000e+001
  6.3721089e+002 -7.2330000e+001
  6.3721765e+002 -7.4660000e+001
  6.3722441e+002 -7.1670000e+001
  6.3723116e+002 -7.1070000e+001
  6.3723792e+002 -7.5070000e+001
  6.3724468e+002 -7.6550000e+001
  6.3725144e+002 -7.3880000e+001
  6.3725820e+002 -7.2020000e+001
  6.3726496e+002 -7.5990000e+001
  6.3727171e+002 -7.6550000e+001
  6.3727847e+002 -7.2160000e+001
  6.3728523e+002 -7.1810000e+001
  6.3729199e+002 -7.4230000e+001
  6.3729875e+002 -7.6560000e+001
  6.3730551e+002 -7.6560000e+001
  6.3731227e+002 -7.6560000e+001
  6.3731902e+002 -7.5740000e+001
  6.3732578e+002 -7.6560000e+001
  6.3733254e+002 -7.5200000e+001
  6.3733930e+002 -7.0650000e+001
  6.3734606e+002 -7.0500000e+001
  6.3735282e+002 -7.2180000e+001
  6.3735957e+002 -7.0150000e+001
  6.3736633e+002 -7.1970000e+001
  6.3737309e+002 -7.2800000e+001
  6.3737985e+002 -7.2730000e+001
  6.3738661e+002 -7.6580000e+001
  6.3739337e+002 -7.6580000e+001
  6.3740013e+002 -7.6580000e+001
  6.3740688e+002 -7.6580000e+001
  6.3741364e+002 -7.6580000e+001
  6.3742040e+002 -7.6590000e+001
  6.3742716e+002 -7.3260000e+001
  6.3743392e+002 -7.1590000e+001
  6.3744068e+002 -7.4470000e+001
  6.3744743e+002 -7.0080000e+001
  6.3745419e+002 -7.5790000e+001
  6.3746095e+002 -7.6600000e+001
  6.3746771e+002 -7.6600000e+001
  6.3747447e+002 -7.2990000e+001
  6.3748123e+002 -7.3860000e+001
  6.3748798e+002 -7.3970000e+001
  6.3749474e+002 -7.1630000e+001
  6.3750150e+002 -7.1700000e+001
  6.3750826e+002 -7.1850000e+001
  6.3751502e+002 -7.6610000e+001
  6.3752178e+002 -7.6610000e+001
  6.3752854e+002 -7.6610000e+001
  6.3753529e+002 -7.6610000e+001
  6.3754205e+002 -7.4150000e+001
  6.3754881e+002 -7.3840000e+001
  6.3755557e+002 -7.6620000e+001
  6.3756233e+002 -7.6620000e+001
  6.3756909e+002 -7.3590000e+001
  6.3757584e+002 -7.1930000e+001
  6.3758260e+002 -7.2930000e+001
  6.3758936e+002 -7.5740000e+001
  6.3759612e+002 -7.6630000e+001
  6.3760288e+002 -7.6630000e+001
  6.3760964e+002 -7.6630000e+001
  6.3761640e+002 -7.6630000e+001
  6.3762315e+002 -7.4180000e+001
  6.3762991e+002 -7.4770000e+001
  6.3763667e+002 -7.1910000e+001
  6.3764343e+002 -7.0670000e+001
  6.3765019e+002 -7.6490000e+001
  6.3765695e+002 -7.4970000e+001
  6.3766370e+002 -7.2650000e+001
  6.3767046e+002 -7.1390000e+001
  6.3767722e+002 -7.0470000e+001
  6.3768398e+002 -7.1030000e+001
  6.3769074e+002 -7.2000000e+001
  6.3769750e+002 -7.6630000e+001
  6.3770426e+002 -7.6650000e+001
  6.3771101e+002 -7.2600000e+001
  6.3771777e+002 -7.1050000e+001
  6.3772453e+002 -7.2570000e+001
  6.3773129e+002 -7.6660000e+001
  6.3773805e+002 -7.4650000e+001
  6.3774481e+002 -7.6660000e+001
  6.3775156e+002 -7.3860000e+001
  6.3775832e+002 -7.3950000e+001
  6.3776508e+002 -7.3330000e+001
  6.3777184e+002 -7.3960000e+001
  6.3777860e+002 -7.4140000e+001
  6.3778536e+002 -7.1640000e+001
  6.3779212e+002 -7.0870000e+001
  6.3779887e+002 -7.0990000e+001
  6.3780563e+002 -7.1320000e+001
  6.3781239e+002 -7.1990000e+001
  6.3781915e+002 -7.2240000e+001
  6.3782591e+002 -7.1650000e+001
  6.3783267e+002 -7.0990000e+001
  6.3783942e+002 -7.0720000e+001
  6.3784618e+002 -7.2970000e+001
  6.3785294e+002 -7.6680000e+001
  6.3785970e+002 -7.6690000e+001
  6.3786646e+002 -7.5570000e+001
  6.3787322e+002 -7.2470000e+001
  6.3787997e+002 -7.4330000e+001
  6.3788673e+002 -7.1560000e+001
  6.3789349e+002 -7.2410000e+001
  6.3790025e+002 -7.4820000e+001
  6.3790701e+002 -7.0180000e+001
  6.3791377e+002 -6.8740000e+001
  6.3792053e+002 -7.3280000e+001
  6.3792728e+002 -7.3100000e+001
  6.3793404e+002 -7.2320000e+001
  6.3794080e+002 -7.4260000e+001
  6.3794756e+002 -7.1530000e+001
  6.3795432e+002 -7.2750000e+001
  6.3796108e+002 -7.5710000e+001
  6.3796783e+002 -7.6710000e+001
  6.3797459e+002 -7.2700000e+001
  6.3798135e+002 -7.1350000e+001
  6.3798811e+002 -7.1870000e+001
  6.3799487e+002 -6.8230000e+001
  6.3800163e+002 -6.8720000e+001
  6.3800839e+002 -7.4340000e+001
  6.3801514e+002 -7.4430000e+001
  6.3802190e+002 -6.9880000e+001
  6.3802866e+002 -7.1590000e+001
  6.3803542e+002 -7.2730000e+001
  6.3804218e+002 -7.1080000e+001
  6.3804894e+002 -7.6730000e+001
  6.3805569e+002 -7.6730000e+001
  6.3806245e+002 -7.6730000e+001
  6.3806921e+002 -7.6730000e+001
  6.3807597e+002 -7.2830000e+001
  6.3808273e+002 -7.1650000e+001
  6.3808949e+002 -7.1920000e+001
  6.3809625e+002 -7.1230000e+001
  6.3810300e+002 -7.4050000e+001
  6.3810976e+002 -7.3380000e+001
  6.3811652e+002 -7.2160000e+001
  6.3812328e+002 -7.0550000e+001
  6.3813004e+002 -6.8420000e+001
  6.3813680e+002 -6.7420000e+001
  6.3814355e+002 -6.8460000e+001
  6.3815031e+002 -7.0800000e+001
  6.3815707e+002 -7.1500000e+001
  6.3816383e+002 -7.4460000e+001
  6.3817059e+002 -7.3120000e+001
  6.3817735e+002 -7.1180000e+001
  6.3818411e+002 -7.0240000e+001
  6.3819086e+002 -7.3030000e+001
  6.3819762e+002 -7.3450000e+001
  6.3820438e+002 -7.6130000e+001
  6.3821114e+002 -7.6770000e+001
  6.3821790e+002 -7.3200000e+001
  6.3822466e+002 -7.1150000e+001
  6.3823141e+002 -6.9540000e+001
  6.3823817e+002 -6.9260000e+001
  6.3824493e+002 -6.9500000e+001
  6.3825169e+002 -7.1120000e+001
  6.3825845e+002 -7.0540000e+001
  6.3826521e+002 -7.1410000e+001
  6.3827196e+002 -7.6510000e+001
  6.3827872e+002 -7.6780000e+001
  6.3828548e+002 -7.6790000e+001
  6.3829224e+002 -7.6790000e+001
  6.3829900e+002 -7.6790000e+001
  6.3830576e+002 -7.6790000e+001
  6.3831252e+002 -7.6790000e+001
  6.3831927e+002 -7.5900000e+001
  6.3832603e+002 -7.4130000e+001
  6.3833279e+002 -7.4980000e+001
  6.3833955e+002 -7.6800000e+001
  6.3834631e+002 -7.4400000e+001
  6.3835307e+002 -7.1200000e+001
  6.3835982e+002 -6.9930000e+001
  6.3836658e+002 -7.0370000e+001
  6.3837334e+002 -7.6810000e+001
  6.3838010e+002 -7.3400000e+001
  6.3838686e+002 -6.8940000e+001
  6.3839362e+002 -7.3480000e+001
  6.3840038e+002 -7.6810000e+001
  6.3840713e+002 -7.6810000e+001
  6.3841389e+002 -7.6820000e+001
  6.3842065e+002 -7.6820000e+001
  6.3842741e+002 -7.6820000e+001
  6.3843417e+002 -7.6820000e+001
  6.3844093e+002 -7.6820000e+001
  6.3844768e+002 -7.6820000e+001
  6.3845444e+002 -7.3910000e+001
  6.3846120e+002 -6.8570000e+001
  6.3846796e+002 -6.8970000e+001
  6.3847472e+002 -7.1210000e+001
  6.3848148e+002 -7.6050000e+001
  6.3848824e+002 -7.6830000e+001
  6.3849499e+002 -7.6830000e+001
  6.3850175e+002 -7.6840000e+001
  6.3850851e+002 -7.6840000e+001
  6.3851527e+002 -7.6840000e+001
  6.3852203e+002 -7.6840000e+001
  6.3852879e+002 -7.6840000e+001
  6.3853554e+002 -7.1410000e+001
  6.3854230e+002 -7.0660000e+001
  6.3854906e+002 -7.0130000e+001
  6.3855582e+002 -7.0940000e+001
  6.3856258e+002 -7.0700000e+001
  6.3856934e+002 -7.0660000e+001
  6.3857610e+002 -7.3370000e+001
  6.3858285e+002 -7.3700000e+001
  6.3858961e+002 -7.6860000e+001
  6.3859637e+002 -7.6860000e+001
  6.3860313e+002 -7.6860000e+001
  6.3860989e+002 -7.3000000e+001
  6.3861665e+002 -7.5740000e+001
  6.3862340e+002 -7.4710000e+001
  6.3863016e+002 -7.6870000e+001
  6.3863692e+002 -7.4370000e+001
  6.3864368e+002 -7.4450000e+001
  6.3865044e+002 -7.6870000e+001
  6.3865720e+002 -7.6870000e+001
  6.3866395e+002 -7.6870000e+001
  6.3867071e+002 -7.6880000e+001
  6.3867747e+002 -7.6880000e+001
  6.3868423e+002 -7.2990000e+001
  6.3869099e+002 -7.3190000e+001
  6.3869775e+002 -7.6880000e+001
  6.3870451e+002 -7.6810000e+001
  6.3871126e+002 -7.4930000e+001
  6.3871802e+002 -7.3120000e+001
  6.3872478e+002 -6.9240000e+001
  6.3873154e+002 -6.8690000e+001
  6.3873830e+002 -7.2690000e+001
  6.3874506e+002 -7.1920000e+001
  6.3875181e+002 -7.0910000e+001
  6.3875857e+002 -7.3050000e+001
  6.3876533e+002 -7.2120000e+001
  6.3877209e+002 -7.0850000e+001
  6.3877885e+002 -7.6130000e+001
  6.3878561e+002 -7.6910000e+001
  6.3879237e+002 -7.6720000e+001
  6.3879912e+002 -7.3890000e+001
  6.3880588e+002 -7.2060000e+001
  6.3881264e+002 -7.0020000e+001
  6.3881940e+002 -6.8720000e+001
  6.3882616e+002 -7.0680000e+001
  6.3883292e+002 -7.0560000e+001
  6.3883967e+002 -6.9390000e+001
  6.3884643e+002 -7.0040000e+001
  6.3885319e+002 -7.1510000e+001
  6.3885995e+002 -7.0500000e+001
  6.3886671e+002 -6.7320000e+001
  6.3887347e+002 -6.7640000e+001
  6.3888023e+002 -6.8350000e+001
  6.3888698e+002 -6.9040000e+001
  6.3889374e+002 -7.0750000e+001
  6.3890050e+002 -7.4840000e+001
  6.3890726e+002 -7.6930000e+001
  6.3891402e+002 -7.6940000e+001
  6.3892078e+002 -7.4490000e+001
  6.3892753e+002 -7.6940000e+001
  6.3893429e+002 -7.6400000e+001
  6.3894105e+002 -7.4810000e+001
  6.3894781e+002 -7.6940000e+001
  6.3895457e+002 -7.6940000e+001
  6.3896133e+002 -7.5880000e+001
  6.3896809e+002 -7.2290000e+001
  6.3897484e+002 -6.8750000e+001
  6.3898160e+002 -6.9290000e+001
  6.3898836e+002 -6.9860000e+001
  6.3899512e+002 -7.0360000e+001
  6.3900188e+002 -7.0010000e+001
  6.3900864e+002 -7.1790000e+001
  6.3901539e+002 -7.3400000e+001
  6.3902215e+002 -7.1260000e+001
  6.3902891e+002 -6.9530000e+001
  6.3903567e+002 -6.9820000e+001
  6.3904243e+002 -7.0510000e+001
  6.3904919e+002 -7.1310000e+001
  6.3905594e+002 -7.1790000e+001
  6.3906270e+002 -7.2450000e+001
  6.3906946e+002 -7.6970000e+001
  6.3907622e+002 -7.1510000e+001
  6.3908298e+002 -7.2460000e+001
  6.3908974e+002 -7.0000000e+001
  6.3909650e+002 -6.8280000e+001
  6.3910325e+002 -6.7190000e+001
  6.3911001e+002 -6.6960000e+001
  6.3911677e+002 -6.6710000e+001
  6.3912353e+002 -6.7150000e+001
  6.3913029e+002 -6.7840000e+001
  6.3913705e+002 -6.8440000e+001
  6.3914380e+002 -6.8860000e+001
  6.3915056e+002 -6.7360000e+001
  6.3915732e+002 -6.6680000e+001
  6.3916408e+002 -6.7590000e+001
  6.3917084e+002 -6.8550000e+001
  6.3917760e+002 -6.8090000e+001
  6.3918436e+002 -6.7040000e+001
  6.3919111e+002 -6.5620000e+001
  6.3919787e+002 -6.5580000e+001
  6.3920463e+002 -6.6210000e+001
  6.3921139e+002 -6.5930000e+001
  6.3921815e+002 -6.5580000e+001
  6.3922491e+002 -6.3870000e+001
  6.3923166e+002 -6.2780000e+001
  6.3923842e+002 -6.1720000e+001
  6.3924518e+002 -6.1180000e+001
  6.3925194e+002 -6.0510000e+001
  6.3925870e+002 -6.0950000e+001
  6.3926546e+002 -6.1970000e+001
  6.3927222e+002 -6.1010000e+001
  6.3927897e+002 -5.5480000e+001
  6.3928573e+002 -4.8500000e+001
  6.3929249e+002 -4.2930000e+001
  6.3929925e+002 -4.1830000e+001
  6.3930601e+002 -4.1530000e+001
  6.3931277e+002 -4.2810000e+001
  6.3931952e+002 -4.4530000e+001
  6.3932628e+002 -4.6050000e+001
  6.3933304e+002 -4.4660000e+001
  6.3933980e+002 -4.2330000e+001
  6.3934656e+002 -4.0490000e+001
  6.3935332e+002 -3.9560000e+001
  6.3936008e+002 -3.9440000e+001
  6.3936683e+002 -3.9810000e+001
  6.3937359e+002 -3.9980000e+001
  6.3938035e+002 -3.9670000e+001
  6.3938711e+002 -3.8890000e+001
  6.3939387e+002 -3.8240000e+001
  6.3940063e+002 -3.7800000e+001
  6.3940738e+002 -3.7440000e+001
  6.3941414e+002 -3.7650000e+001
  6.3942090e+002 -3.7970000e+001
  6.3942766e+002 -3.8060000e+001
  6.3943442e+002 -3.7590000e+001
  6.3944118e+002 -3.7280000e+001
  6.3944793e+002 -3.7260000e+001
  6.3945469e+002 -3.7670000e+001
  6.3946145e+002 -3.7810000e+001
  6.3946821e+002 -3.7600000e+001
  6.3947497e+002 -3.7260000e+001
  6.3948173e+002 -3.7140000e+001
  6.3948849e+002 -3.7340000e+001
  6.3949524e+002 -3.8310000e+001
  6.3950200e+002 -3.9830000e+001
  6.3950876e+002 -4.2380000e+001
  6.3951552e+002 -4.3680000e+001
  6.3952228e+002 -4.3530000e+001
  6.3952904e+002 -4.3070000e+001
  6.3953579e+002 -4.3310000e+001
  6.3954255e+002 -4.4610000e+001
  6.3954931e+002 -4.7760000e+001
  6.3955607e+002 -5.0620000e+001
  6.3956283e+002 -5.3710000e+001
  6.3956959e+002 -5.5140000e+001
  6.3957635e+002 -5.1970000e+001
  6.3958310e+002 -5.0360000e+001
  6.3958986e+002 -4.9520000e+001
  6.3959662e+002 -5.0810000e+001
  6.3960338e+002 -5.2960000e+001
  6.3961014e+002 -5.5480000e+001
  6.3961690e+002 -5.8040000e+001
  6.3962365e+002 -6.0820000e+001
  6.3963041e+002 -6.1090000e+001
  6.3963717e+002 -6.0790000e+001
  6.3964393e+002 -6.1430000e+001
  6.3965069e+002 -6.3360000e+001
  6.3965745e+002 -6.4080000e+001
  6.3966421e+002 -6.5920000e+001
  6.3967096e+002 -6.7440000e+001
  6.3967772e+002 -6.8220000e+001
  6.3968448e+002 -7.0420000e+001
  6.3969124e+002 -6.9910000e+001
  6.3969800e+002 -6.9180000e+001
  6.3970476e+002 -6.8670000e+001
  6.3971151e+002 -6.8930000e+001
  6.3971827e+002 -6.9360000e+001
  6.3972503e+002 -7.0280000e+001
  6.3973179e+002 -6.9950000e+001
  6.3973855e+002 -7.1310000e+001
  6.3974531e+002 -7.0920000e+001
  6.3975207e+002 -7.1600000e+001
  6.3975882e+002 -7.5330000e+001
  6.3976558e+002 -7.7150000e+001
  6.3977234e+002 -7.7150000e+001
  6.3977910e+002 -7.5590000e+001
  6.3978586e+002 -7.2810000e+001
  6.3979262e+002 -6.9870000e+001
  6.3979937e+002 -7.0820000e+001
  6.3980613e+002 -7.1550000e+001
  6.3981289e+002 -7.3720000e+001
  6.3981965e+002 -7.4460000e+001
  6.3982641e+002 -7.2530000e+001
  6.3983317e+002 -7.1940000e+001
  6.3983992e+002 -7.0120000e+001
  6.3984668e+002 -7.2710000e+001
  6.3985344e+002 -7.4140000e+001
  6.3986020e+002 -7.2420000e+001
  6.3986696e+002 -7.0440000e+001
  6.3987372e+002 -7.0920000e+001
  6.3988048e+002 -7.3310000e+001
  6.3988723e+002 -7.3480000e+001
  6.3989399e+002 -7.0580000e+001
  6.3990075e+002 -6.9530000e+001
  6.3990751e+002 -7.1880000e+001
  6.3991427e+002 -7.7190000e+001
  6.3992103e+002 -7.5210000e+001
  6.3992778e+002 -7.3110000e+001
  6.3993454e+002 -7.1400000e+001
  6.3994130e+002 -6.9740000e+001
  6.3994806e+002 -6.9950000e+001
  6.3995482e+002 -6.7670000e+001
  6.3996158e+002 -6.7520000e+001
  6.3996834e+002 -7.1150000e+001
  6.3997509e+002 -7.5140000e+001
  6.3998185e+002 -7.3720000e+001
  6.3998861e+002 -7.7200000e+001
  6.3999537e+002 -7.7210000e+001
  6.4000213e+002 -7.7210000e+001
  6.4000889e+002 -7.7210000e+001
  6.4001564e+002 -7.6480000e+001
  6.4002240e+002 -7.1900000e+001
  6.4002916e+002 -7.2950000e+001
  6.4003592e+002 -7.2950000e+001
  6.4004268e+002 -7.1240000e+001
  6.4004944e+002 -7.0520000e+001
  6.4005620e+002 -6.9970000e+001
  6.4006295e+002 -7.2240000e+001
  6.4006971e+002 -7.7220000e+001
  6.4007647e+002 -7.7220000e+001
  6.4008323e+002 -7.7220000e+001
  6.4008999e+002 -7.5910000e+001
  6.4009675e+002 -7.7220000e+001
  6.4010350e+002 -7.7220000e+001
  6.4011026e+002 -7.7220000e+001
  6.4011702e+002 -7.7230000e+001
  6.4012378e+002 -7.4220000e+001
  6.4013054e+002 -7.0530000e+001
  6.4013730e+002 -6.9730000e+001
  6.4014406e+002 -7.0720000e+001
  6.4015081e+002 -7.6470000e+001
  6.4015757e+002 -7.5990000e+001
  6.4016433e+002 -7.5390000e+001
  6.4017109e+002 -7.7230000e+001
  6.4017785e+002 -7.4560000e+001
  6.4018461e+002 -7.6100000e+001
  6.4019136e+002 -7.6730000e+001
  6.4019812e+002 -7.4150000e+001
  6.4020488e+002 -7.2620000e+001
  6.4021164e+002 -7.2050000e+001
  6.4021840e+002 -7.1130000e+001
  6.4022516e+002 -7.0000000e+001
  6.4023191e+002 -6.8790000e+001
  6.4023867e+002 -6.9410000e+001
  6.4024543e+002 -6.9460000e+001
  6.4025219e+002 -7.0970000e+001
  6.4025895e+002 -7.7250000e+001
  6.4026571e+002 -7.7250000e+001
  6.4027247e+002 -7.5690000e+001
  6.4027922e+002 -7.4440000e+001
  6.4028598e+002 -7.0680000e+001
  6.4029274e+002 -7.1070000e+001
  6.4029950e+002 -7.3740000e+001
  6.4030626e+002 -7.5090000e+001
  6.4031302e+002 -7.7190000e+001
  6.4031977e+002 -7.2880000e+001
  6.4032653e+002 -7.3530000e+001
  6.4033329e+002 -7.5670000e+001
  6.4034005e+002 -7.7260000e+001
  6.4034681e+002 -7.7260000e+001
  6.4035357e+002 -7.7260000e+001
  6.4036033e+002 -7.4740000e+001
  6.4036708e+002 -7.7260000e+001
  6.4037384e+002 -7.7260000e+001
  6.4038060e+002 -7.7270000e+001
  6.4038736e+002 -7.7270000e+001
  6.4039412e+002 -7.7270000e+001
  6.4040088e+002 -7.0560000e+001
  6.4040763e+002 -7.2280000e+001
  6.4041439e+002 -7.3990000e+001
  6.4042115e+002 -7.7270000e+001
  6.4042791e+002 -7.7270000e+001
  6.4043467e+002 -7.7270000e+001
  6.4044143e+002 -7.3310000e+001
  6.4044819e+002 -6.8600000e+001
  6.4045494e+002 -6.8750000e+001
  6.4046170e+002 -7.1270000e+001
  6.4046846e+002 -7.2900000e+001
  6.4047522e+002 -7.1300000e+001
  6.4048198e+002 -7.2710000e+001
  6.4048874e+002 -7.4020000e+001
  6.4049549e+002 -7.2880000e+001
  6.4050225e+002 -7.2510000e+001
  6.4050901e+002 -7.2100000e+001
  6.4051577e+002 -7.1660000e+001
  6.4052253e+002 -7.4190000e+001
  6.4052929e+002 -7.7220000e+001
  6.4053605e+002 -7.2040000e+001
  6.4054280e+002 -7.2600000e+001
  6.4054956e+002 -7.4300000e+001
  6.4055632e+002 -7.5320000e+001
  6.4056308e+002 -7.1110000e+001
  6.4056984e+002 -7.1200000e+001
  6.4057660e+002 -7.2220000e+001
  6.4058335e+002 -7.5040000e+001
  6.4059011e+002 -7.3290000e+001
  6.4059687e+002 -7.1550000e+001
  6.4060363e+002 -7.0730000e+001
  6.4061039e+002 -7.0060000e+001
  6.4061715e+002 -7.3680000e+001
  6.4062390e+002 -7.5340000e+001
  6.4063066e+002 -7.7300000e+001
  6.4063742e+002 -7.7300000e+001
  6.4064418e+002 -7.7300000e+001
  6.4065094e+002 -7.7310000e+001
  6.4065770e+002 -7.7310000e+001
  6.4066446e+002 -7.7310000e+001
  6.4067121e+002 -7.7310000e+001
  6.4067797e+002 -7.2460000e+001
  6.4068473e+002 -7.5210000e+001
  6.4069149e+002 -7.7310000e+001
  6.4069825e+002 -7.7310000e+001
  6.4070501e+002 -7.6330000e+001
  6.4071176e+002 -7.7310000e+001
  6.4071852e+002 -7.7320000e+001
  6.4072528e+002 -7.7320000e+001
  6.4073204e+002 -7.3530000e+001
  6.4073880e+002 -7.2810000e+001
  6.4074556e+002 -7.6520000e+001
  6.4075232e+002 -7.5500000e+001
  6.4075907e+002 -7.3890000e+001
  6.4076583e+002 -7.2310000e+001
  6.4077259e+002 -7.1680000e+001
  6.4077935e+002 -7.3180000e+001
  6.4078611e+002 -7.1360000e+001
  6.4079287e+002 -7.1270000e+001
  6.4079962e+002 -7.1000000e+001
  6.4080638e+002 -7.0950000e+001
  6.4081314e+002 -7.2360000e+001
  6.4081990e+002 -7.2440000e+001
  6.4082666e+002 -7.1260000e+001
  6.4083342e+002 -7.1910000e+001
  6.4084018e+002 -7.1510000e+001
  6.4084693e+002 -7.7200000e+001
  6.4085369e+002 -7.7340000e+001
  6.4086045e+002 -7.3300000e+001
  6.4086721e+002 -7.5500000e+001
  6.4087397e+002 -7.5640000e+001
  6.4088073e+002 -7.7340000e+001
  6.4088748e+002 -7.7340000e+001
  6.4089424e+002 -7.3430000e+001
  6.4090100e+002 -7.1620000e+001
  6.4090776e+002 -7.0860000e+001
  6.4091452e+002 -7.0790000e+001
  6.4092128e+002 -7.2170000e+001
  6.4092804e+002 -7.3420000e+001
  6.4093479e+002 -7.1850000e+001
  6.4094155e+002 -7.2900000e+001
  6.4094831e+002 -7.0800000e+001
  6.4095507e+002 -6.9840000e+001
  6.4096183e+002 -7.7350000e+001
  6.4096859e+002 -7.4920000e+001
  6.4097534e+002 -7.0370000e+001
  6.4098210e+002 -7.0960000e+001
  6.4098886e+002 -7.5300000e+001
  6.4099562e+002 -7.7290000e+001
  6.4100238e+002 -7.7360000e+001
  6.4100914e+002 -7.7360000e+001
  6.4101589e+002 -7.6730000e+001
  6.4102265e+002 -7.7290000e+001
  6.4102941e+002 -7.7040000e+001
  6.4103617e+002 -7.4310000e+001
  6.4104293e+002 -7.7250000e+001
  6.4104969e+002 -7.7370000e+001
  6.4105645e+002 -7.7370000e+001
  6.4106320e+002 -7.7370000e+001
  6.4106996e+002 -7.2610000e+001
  6.4107672e+002 -7.3740000e+001
  6.4108348e+002 -7.3660000e+001
  6.4109024e+002 -7.0720000e+001
  6.4109700e+002 -7.2630000e+001
  6.4110375e+002 -7.7380000e+001
  6.4111051e+002 -7.7380000e+001
  6.4111727e+002 -7.7380000e+001
  6.4112403e+002 -7.7380000e+001
  6.4113079e+002 -7.2630000e+001
  6.4113755e+002 -7.1430000e+001
  6.4114431e+002 -7.2420000e+001
  6.4115106e+002 -7.2440000e+001
  6.4115782e+002 -7.0640000e+001
  6.4116458e+002 -6.9360000e+001
  6.4117134e+002 -6.9880000e+001
  6.4117810e+002 -6.9210000e+001
  6.4118486e+002 -7.0510000e+001
  6.4119161e+002 -7.3780000e+001
  6.4119837e+002 -7.3600000e+001
  6.4120513e+002 -7.7390000e+001
  6.4121189e+002 -7.7390000e+001
  6.4121865e+002 -7.2300000e+001
  6.4122541e+002 -7.3100000e+001
  6.4123217e+002 -7.3490000e+001
  6.4123892e+002 -7.1490000e+001
  6.4124568e+002 -7.3120000e+001
  6.4125244e+002 -7.4020000e+001
  6.4125920e+002 -7.2650000e+001
  6.4126596e+002 -7.5790000e+001
  6.4127272e+002 -7.7400000e+001
  6.4127947e+002 -7.2850000e+001
  6.4128623e+002 -7.0740000e+001
  6.4129299e+002 -7.2400000e+001
  6.4129975e+002 -7.7320000e+001
  6.4130651e+002 -7.7410000e+001
  6.4131327e+002 -7.7410000e+001
  6.4132003e+002 -7.2390000e+001
  6.4132678e+002 -7.5850000e+001
  6.4133354e+002 -7.7410000e+001
  6.4134030e+002 -7.7410000e+001
  6.4134706e+002 -7.7410000e+001
  6.4135382e+002 -7.7420000e+001
  6.4136058e+002 -7.3750000e+001
  6.4136733e+002 -7.2740000e+001
  6.4137409e+002 -7.2220000e+001
  6.4138085e+002 -7.7420000e+001
  6.4138761e+002 -7.7420000e+001
  6.4139437e+002 -7.7420000e+001
  6.4140113e+002 -7.7420000e+001
  6.4140788e+002 -7.7420000e+001
  6.4141464e+002 -7.7420000e+001
  6.4142140e+002 -7.7430000e+001
  6.4142816e+002 -7.4350000e+001
  6.4143492e+002 -7.1800000e+001
  6.4144168e+002 -7.0700000e+001
  6.4144844e+002 -7.0590000e+001
  6.4145519e+002 -7.0650000e+001
  6.4146195e+002 -7.0530000e+001
  6.4146871e+002 -7.1540000e+001
  6.4147547e+002 -7.3460000e+001
  6.4148223e+002 -7.6540000e+001
  6.4148899e+002 -7.7440000e+001
  6.4149574e+002 -7.4360000e+001
  6.4150250e+002 -7.1580000e+001
  6.4150926e+002 -7.1630000e+001
  6.4151602e+002 -7.2650000e+001
  6.4152278e+002 -7.7440000e+001
  6.4152954e+002 -7.7440000e+001
  6.4153630e+002 -7.7440000e+001
  6.4154305e+002 -7.6950000e+001
  6.4154981e+002 -7.2570000e+001
  6.4155657e+002 -7.7450000e+001
  6.4156333e+002 -7.7450000e+001
  6.4157009e+002 -7.4000000e+001
  6.4157685e+002 -7.0080000e+001
  6.4158360e+002 -6.9750000e+001
  6.4159036e+002 -7.0460000e+001
  6.4159712e+002 -7.0600000e+001
  6.4160388e+002 -7.6650000e+001
  6.4161064e+002 -7.7460000e+001
  6.4161740e+002 -7.7460000e+001
  6.4162416e+002 -7.7460000e+001
  6.4163091e+002 -7.7460000e+001
  6.4163767e+002 -7.7460000e+001
  6.4164443e+002 -7.5190000e+001
  6.4165119e+002 -7.3120000e+001
  6.4165795e+002 -7.3260000e+001
  6.4166471e+002 -7.4700000e+001
  6.4167146e+002 -7.3630000e+001
  6.4167822e+002 -7.4130000e+001
  6.4168498e+002 -7.5260000e+001
  6.4169174e+002 -7.3660000e+001
  6.4169850e+002 -7.3270000e+001
  6.4170526e+002 -7.1080000e+001
  6.4171202e+002 -7.3560000e+001
  6.4171877e+002 -7.7470000e+001
  6.4172553e+002 -7.3390000e+001
  6.4173229e+002 -7.2350000e+001
  6.4173905e+002 -7.5240000e+001
  6.4174581e+002 -7.7480000e+001
  6.4175257e+002 -7.7480000e+001
  6.4175932e+002 -7.3740000e+001
  6.4176608e+002 -7.4280000e+001
  6.4177284e+002 -7.7480000e+001
  6.4177960e+002 -7.1880000e+001
  6.4178636e+002 -6.9590000e+001
  6.4179312e+002 -7.0400000e+001
  6.4179987e+002 -7.5430000e+001
  6.4180663e+002 -7.7490000e+001
  6.4181339e+002 -7.7490000e+001
  6.4182015e+002 -7.7490000e+001
  6.4182691e+002 -7.6450000e+001
  6.4183367e+002 -7.5300000e+001
  6.4184043e+002 -7.4950000e+001
  6.4184718e+002 -7.5380000e+001
  6.4185394e+002 -7.7490000e+001
  6.4186070e+002 -7.0540000e+001
  6.4186746e+002 -6.9560000e+001
  6.4187422e+002 -7.0440000e+001
  6.4188098e+002 -7.1050000e+001
  6.4188773e+002 -7.7500000e+001
  6.4189449e+002 -7.7500000e+001
  6.4190125e+002 -7.7500000e+001
  6.4190801e+002 -7.7470000e+001
  6.4191477e+002 -7.7500000e+001
  6.4192153e+002 -7.7500000e+001
  6.4192829e+002 -7.7510000e+001
  6.4193504e+002 -7.7510000e+001
  6.4194180e+002 -7.7510000e+001
  6.4194856e+002 -7.7510000e+001
  6.4195532e+002 -7.7510000e+001
  6.4196208e+002 -7.7510000e+001
  6.4196884e+002 -7.7510000e+001
  6.4197559e+002 -7.7510000e+001
  6.4198235e+002 -7.7510000e+001
  6.4198911e+002 -7.7510000e+001
  6.4199587e+002 -7.7520000e+001
  6.4200263e+002 -7.3760000e+001
  6.4200939e+002 -7.4950000e+001
  6.4201615e+002 -7.7520000e+001
  6.4202290e+002 -7.7520000e+001
  6.4202966e+002 -7.7520000e+001
  6.4203642e+002 -7.7520000e+001
  6.4204318e+002 -7.3190000e+001
  6.4204994e+002 -7.1940000e+001
  6.4205670e+002 -7.7520000e+001
  6.4206345e+002 -7.7230000e+001
  6.4207021e+002 -7.5450000e+001
  6.4207697e+002 -7.2680000e+001
  6.4208373e+002 -7.3550000e+001
  6.4209049e+002 -7.2210000e+001
  6.4209725e+002 -7.3110000e+001
  6.4210401e+002 -7.1730000e+001
  6.4211076e+002 -7.7540000e+001
  6.4211752e+002 -7.7540000e+001
  6.4212428e+002 -7.2450000e+001
  6.4213104e+002 -7.0520000e+001
  6.4213780e+002 -7.0680000e+001
  6.4214456e+002 -7.3100000e+001
  6.4215131e+002 -7.4130000e+001
  6.4215807e+002 -7.2880000e+001
  6.4216483e+002 -7.5030000e+001
  6.4217159e+002 -7.3000000e+001
  6.4217835e+002 -7.2650000e+001
  6.4218511e+002 -7.1720000e+001
  6.4219186e+002 -7.6080000e+001
  6.4219862e+002 -7.0330000e+001
  6.4220538e+002 -7.1030000e+001
  6.4221214e+002 -7.1530000e+001
  6.4221890e+002 -7.3890000e+001
  6.4222566e+002 -7.1160000e+001
  6.4223242e+002 -7.1860000e+001
  6.4223917e+002 -7.3870000e+001
  6.4224593e+002 -7.5100000e+001
  6.4225269e+002 -7.1160000e+001
  6.4225945e+002 -7.1460000e+001
  6.4226621e+002 -7.2200000e+001
  6.4227297e+002 -7.3630000e+001
  6.4227972e+002 -7.5290000e+001
  6.4228648e+002 -7.4500000e+001
  6.4229324e+002 -7.0320000e+001
  6.4230000e+002 -6.9930000e+001
