  6.3709000e+002 -7.6510000e+001
  6.3709617e+002 -7.6510000e+001
  6.3710234e+002 -7.6520000e+001
  6.3710851e+002 -7.6520000e+001
  6.3711468e+002 -7.6520000e+001
  6.3712084e+002 -7.6520000e+001
  6.3712701e+002 -7.6520000e+001
  6.3713318e+002 -7.6520000e+001
  6.3713935e+002 -7.6520000e+001
  6.3714552e+002 -7.6520000e+001
  6.3715169e+002 -7.6530000e+001
  6.3715786e+002 -7.6530000e+001
  6.3716403e+002 -7.6530000e+001
  6.3717020e+002 -7.2680000e+001
  6.3717637e+002 -7.0320000e+001
  6.3718253e+002 -7.4150000e+001
  6.3718870e+002 -7.2760000e+001
  6.3719487e+002 -7.4990000e+001
  6.3720104e+002 -7.6540000e+001
  6.3720721e+002 -7.2450000e+001
  6.3721338e+002 -7.0640000e+001
  6.3721955e+002 -7.1950000e+001
  6.3722572e+002 -7.2670000e+001
  6.3723189e+002 -7.3680000e+001
  6.3723806e+002 -7.6550000e+001
  6.3724422e+002 -7.6550000e+001
  6.3725039e+002 -7.1810000e+001
  6.3725656e+002 -7.4840000e+001
  6.3726273e+002 -7.6550000e+001
  6.3726890e+002 -7.6550000e+001
  6.3727507e+002 -7.6550000e+001
  6.3728124e+002 -7.6560000e+001
  6.3728741e+002 -7.6560000e+001
  6.3729358e+002 -7.6560000e+001
  6.3729974e+002 -7.6560000e+001
  6.3730591e+002 -7.6560000e+001
  6.3731208e+002 -7.6560000e+001
  6.3731825e+002 -7.6560000e+001
  6.3732442e+002 -7.6560000e+001
  6.3733059e+002 -7.6570000e+001
  6.3733676e+002 -7.6570000e+001
  6.3734293e+002 -7.6570000e+001
  6.3734910e+002 -7.6570000e+001
  6.3735527e+002 -7.6570000e+001
  6.3736143e+002 -7.6570000e+001
  6.3736760e+002 -7.6580000e+001
  6.3737377e+002 -7.6580000e+001
  6.3737994e+002 -7.3360000e+001
  6.3738611e+002 -7.4040000e+001
  6.3739228e+002 -7.3760000e+001
  6.3739845e+002 -7.3600000e+001
  6.3740462e+002 -7.4010000e+001
  6.3741079e+002 -7.3940000e+001
  6.3741695e+002 -7.6590000e+001
  6.3742312e+002 -7.6590000e+001
  6.3742929e+002 -7.6590000e+001
  6.3743546e+002 -7.6590000e+001
  6.3744163e+002 -7.6590000e+001
  6.3744780e+002 -7.6590000e+001
  6.3745397e+002 -7.6590000e+001
  6.3746014e+002 -7.6600000e+001
  6.3746631e+002 -7.6600000e+001
  6.3747248e+002 -7.6600000e+001
  6.3747864e+002 -7.6600000e+001
  6.3748481e+002 -7.6600000e+001
  6.3749098e+002 -7.6600000e+001
  6.3749715e+002 -7.6600000e+001
  6.3750332e+002 -7.6600000e+001
  6.3750949e+002 -7.6610000e+001
  6.3751566e+002 -7.6610000e+001
  6.3752183e+002 -7.6610000e+001
  6.3752800e+002 -7.6610000e+001
  6.3753417e+002 -7.6610000e+001
  6.3754033e+002 -7.6610000e+001
  6.3754650e+002 -7.6610000e+001
  6.3755267e+002 -7.6620000e+001
  6.3755884e+002 -7.6620000e+001
  6.3756501e+002 -7.6620000e+001
  6.3757118e+002 -7.6620000e+001
  6.3757735e+002 -7.6620000e+001
  6.3758352e+002 -7.6620000e+001
  6.3758969e+002 -7.6620000e+001
  6.3759585e+002 -7.6630000e+001
  6.3760202e+002 -7.6630000e+001
  6.3760819e+002 -7.6630000e+001
  6.3761436e+002 -7.6630000e+001
  6.3762053e+002 -7.6630000e+001
  6.3762670e+002 -7.6630000e+001
  6.3763287e+002 -7.6630000e+001
  6.3763904e+002 -7.6640000e+001
  6.3764521e+002 -7.6640000e+001
  6.3765138e+002 -7.6640000e+001
  6.3765754e+002 -7.6640000e+001
  6.3766371e+002 -7.6640000e+001
  6.3766988e+002 -7.6640000e+001
  6.3767605e+002 -7.6640000e+001
  6.3768222e+002 -7.6650000e+001
  6.3768839e+002 -7.6650000e+001
  6.3769456e+002 -7.6650000e+001
  6.3770073e+002 -7.6650000e+001
  6.3770690e+002 -7.6650000e+001
  6.3771307e+002 -7.6650000e+001
  6.3771923e+002 -7.6650000e+001
  6.3772540e+002 -7.6650000e+001
  6.3773157e+002 -7.6660000e+001
  6.3773774e+002 -7.2830000e+001
  6.3774391e+002 -7.5670000e+001
  6.3775008e+002 -7.6660000e+001
  6.3775625e+002 -7.6660000e+001
  6.3776242e+002 -7.6660000e+001
  6.3776859e+002 -7.6670000e+001
  6.3777475e+002 -7.6670000e+001
  6.3778092e+002 -7.6670000e+001
  6.3778709e+002 -7.6670000e+001
  6.3779326e+002 -7.6670000e+001
  6.3779943e+002 -7.6670000e+001
  6.3780560e+002 -7.6670000e+001
  6.3781177e+002 -7.6670000e+001
  6.3781794e+002 -7.6680000e+001
  6.3782411e+002 -7.6680000e+001
  6.3783028e+002 -7.6680000e+001
  6.3783644e+002 -7.6680000e+001
  6.3784261e+002 -7.6680000e+001
  6.3784878e+002 -7.6680000e+001
  6.3785495e+002 -7.6680000e+001
  6.3786112e+002 -7.6690000e+001
  6.3786729e+002 -7.6690000e+001
  6.3787346e+002 -7.6690000e+001
  6.3787963e+002 -7.6690000e+001
  6.3788580e+002 -7.6690000e+001
  6.3789196e+002 -7.6690000e+001
  6.3789813e+002 -7.6700000e+001
  6.3790430e+002 -7.6700000e+001
  6.3791047e+002 -7.6700000e+001
  6.3791664e+002 -7.6700000e+001
  6.3792281e+002 -7.6700000e+001
  6.3792898e+002 -7.6700000e+001
  6.3793515e+002 -7.6700000e+001
  6.3794132e+002 -7.6700000e+001
  6.3794749e+002 -7.6710000e+001
  6.3795365e+002 -7.6710000e+001
  6.3795982e+002 -7.6330000e+001
  6.3796599e+002 -7.6710000e+001
  6.3797216e+002 -7.6710000e+001
  6.3797833e+002 -7.5900000e+001
  6.3798450e+002 -7.6710000e+001
  6.3799067e+002 -7.6720000e+001
  6.3799684e+002 -7.6720000e+001
  6.3800301e+002 -7.6720000e+001
  6.3800918e+002 -7.6720000e+001
  6.3801534e+002 -7.6720000e+001
  6.3802151e+002 -7.6720000e+001
  6.3802768e+002 -7.6720000e+001
  6.3803385e+002 -7.6730000e+001
  6.3804002e+002 -7.6730000e+001
  6.3804619e+002 -7.4110000e+001
  6.3805236e+002 -7.6730000e+001
  6.3805853e+002 -7.6730000e+001
  6.3806470e+002 -7.6730000e+001
  6.3807086e+002 -7.6730000e+001
  6.3807703e+002 -7.6740000e+001
  6.3808320e+002 -7.6740000e+001
  6.3808937e+002 -7.6740000e+001
  6.3809554e+002 -7.6740000e+001
  6.3810171e+002 -7.6740000e+001
  6.3810788e+002 -7.6740000e+001
  6.3811405e+002 -7.6750000e+001
  6.3812022e+002 -7.6750000e+001
  6.3812639e+002 -7.6750000e+001
  6.3813255e+002 -7.6750000e+001
  6.3813872e+002 -7.6750000e+001
  6.3814489e+002 -7.6750000e+001
  6.3815106e+002 -7.6750000e+001
  6.3815723e+002 -7.6750000e+001
  6.3816340e+002 -7.6760000e+001
  6.3816957e+002 -7.6760000e+001
  6.3817574e+002 -7.6760000e+001
  6.3818191e+002 -7.6760000e+001
  6.3818808e+002 -7.6760000e+001
  6.3819424e+002 -7.6760000e+001
  6.3820041e+002 -7.6770000e+001
  6.3820658e+002 -7.6770000e+001
  6.3821275e+002 -7.6770000e+001
  6.3821892e+002 -7.6770000e+001
  6.3822509e+002 -7.6770000e+001
  6.3823126e+002 -7.6770000e+001
  6.3823743e+002 -7.6770000e+001
  6.3824360e+002 -7.6770000e+001
  6.3824976e+002 -7.6780000e+001
  6.3825593e+002 -7.6780000e+001
  6.3826210e+002 -7.6780000e+001
  6.3826827e+002 -7.6780000e+001
  6.3827444e+002 -7.6780000e+001
  6.3828061e+002 -7.6780000e+001
  6.3828678e+002 -7.6790000e+001
  6.3829295e+002 -7.6790000e+001
  6.3829912e+002 -7.6790000e+001
  6.3830529e+002 -7.6790000e+001
  6.3831145e+002 -7.6790000e+001
  6.3831762e+002 -7.2290000e+001
  6.3832379e+002 -7.2880000e+001
  6.3832996e+002 -7.6790000e+001
  6.3833613e+002 -7.6800000e+001
  6.3834230e+002 -7.6800000e+001
  6.3834847e+002 -7.6800000e+001
  6.3835464e+002 -7.6800000e+001
  6.3836081e+002 -7.6800000e+001
  6.3836697e+002 -7.6800000e+001
  6.3837314e+002 -7.6810000e+001
  6.3837931e+002 -7.6810000e+001
  6.3838548e+002 -7.6810000e+001
  6.3839165e+002 -7.6810000e+001
  6.3839782e+002 -7.6810000e+001
  6.3840399e+002 -7.6810000e+001
  6.3841016e+002 -7.6820000e+001
  6.3841633e+002 -7.6820000e+001
  6.3842250e+002 -7.6820000e+001
  6.3842866e+002 -7.3410000e+001
  6.3843483e+002 -7.2960000e+001
  6.3844100e+002 -7.6820000e+001
  6.3844717e+002 -7.6820000e+001
  6.3845334e+002 -7.6820000e+001
  6.3845951e+002 -7.6830000e+001
  6.3846568e+002 -7.6830000e+001
  6.3847185e+002 -7.6830000e+001
  6.3847802e+002 -7.6830000e+001
  6.3848419e+002 -7.6830000e+001
  6.3849035e+002 -7.6830000e+001
  6.3849652e+002 -7.6840000e+001
  6.3850269e+002 -7.6840000e+001
  6.3850886e+002 -7.6840000e+001
  6.3851503e+002 -7.6840000e+001
  6.3852120e+002 -7.6840000e+001
  6.3852737e+002 -7.6840000e+001
  6.3853354e+002 -7.6840000e+001
  6.3853971e+002 -7.6840000e+001
  6.3854587e+002 -7.6850000e+001
  6.3855204e+002 -7.6850000e+001
  6.3855821e+002 -7.6850000e+001
  6.3856438e+002 -7.6850000e+001
  6.3857055e+002 -7.6850000e+001
  6.3857672e+002 -7.6850000e+001
  6.3858289e+002 -7.6860000e+001
  6.3858906e+002 -7.6860000e+001
  6.3859523e+002 -7.6860000e+001
  6.3860140e+002 -7.6860000e+001
  6.3860756e+002 -7.6860000e+001
  6.3861373e+002 -7.6860000e+001
  6.3861990e+002 -7.6860000e+001
  6.3862607e+002 -7.4470000e+001
  6.3863224e+002 -7.6850000e+001
  6.3863841e+002 -7.6870000e+001
  6.3864458e+002 -7.4990000e+001
  6.3865075e+002 -7.5590000e+001
  6.3865692e+002 -7.6870000e+001
  6.3866309e+002 -7.6870000e+001
  6.3866925e+002 -7.6870000e+001
  6.3867542e+002 -7.6880000e+001
  6.3868159e+002 -7.6880000e+001
  6.3868776e+002 -7.6880000e+001
  6.3869393e+002 -7.6880000e+001
  6.3870010e+002 -7.6880000e+001
  6.3870627e+002 -7.6880000e+001
  6.3871244e+002 -7.6890000e+001
  6.3871861e+002 -7.6890000e+001
  6.3872477e+002 -7.6890000e+001
  6.3873094e+002 -7.6890000e+001
  6.3873711e+002 -7.6890000e+001
  6.3874328e+002 -7.6890000e+001
  6.3874945e+002 -7.6900000e+001
  6.3875562e+002 -7.6900000e+001
  6.3876179e+002 -7.6900000e+001
  6.3876796e+002 -7.6900000e+001
  6.3877413e+002 -7.6900000e+001
  6.3878030e+002 -7.6900000e+001
  6.3878646e+002 -7.6910000e+001
  6.3879263e+002 -7.6910000e+001
  6.3879880e+002 -7.6910000e+001
  6.3880497e+002 -7.6910000e+001
  6.3881114e+002 -7.4040000e+001
  6.3881731e+002 -7.5780000e+001
  6.3882348e+002 -7.6910000e+001
  6.3882965e+002 -7.6910000e+001
  6.3883582e+002 -7.6920000e+001
  6.3884198e+002 -7.6920000e+001
  6.3884815e+002 -7.6920000e+001
  6.3885432e+002 -7.6920000e+001
  6.3886049e+002 -7.6920000e+001
  6.3886666e+002 -7.6920000e+001
  6.3887283e+002 -7.6930000e+001
  6.3887900e+002 -7.6930000e+001
  6.3888517e+002 -7.6930000e+001
  6.3889134e+002 -7.6930000e+001
  6.3889751e+002 -7.6930000e+001
  6.3890367e+002 -7.6930000e+001
  6.3890984e+002 -7.6930000e+001
  6.3891601e+002 -7.6940000e+001
  6.3892218e+002 -7.6940000e+001
  6.3892835e+002 -7.6940000e+001
  6.3893452e+002 -7.6940000e+001
  6.3894069e+002 -7.6940000e+001
  6.3894686e+002 -7.6940000e+001
  6.3895303e+002 -7.6940000e+001
  6.3895920e+002 -7.6950000e+001
  6.3896536e+002 -7.6950000e+001
  6.3897153e+002 -7.6950000e+001
  6.3897770e+002 -7.4570000e+001
  6.3898387e+002 -7.5480000e+001
  6.3899004e+002 -7.6750000e+001
  6.3899621e+002 -7.4870000e+001
  6.3900238e+002 -7.3760000e+001
  6.3900855e+002 -7.6960000e+001
  6.3901472e+002 -7.6960000e+001
  6.3902088e+002 -7.6960000e+001
  6.3902705e+002 -7.6960000e+001
  6.3903322e+002 -7.6960000e+001
  6.3903939e+002 -7.6970000e+001
  6.3904556e+002 -7.6970000e+001
  6.3905173e+002 -7.6970000e+001
  6.3905790e+002 -7.6970000e+001
  6.3906407e+002 -7.6970000e+001
  6.3907024e+002 -7.5200000e+001
  6.3907641e+002 -7.4720000e+001
  6.3908257e+002 -7.6110000e+001
  6.3908874e+002 -7.6980000e+001
  6.3909491e+002 -7.2170000e+001
  6.3910108e+002 -7.0540000e+001
  6.3910725e+002 -6.9590000e+001
  6.3911342e+002 -6.8980000e+001
  6.3911959e+002 -6.8970000e+001
  6.3912576e+002 -6.8050000e+001
  6.3913193e+002 -6.5650000e+001
  6.3913810e+002 -6.2880000e+001
  6.3914426e+002 -6.0350000e+001
  6.3915043e+002 -5.8250000e+001
  6.3915660e+002 -5.8380000e+001
  6.3916277e+002 -5.8830000e+001
  6.3916894e+002 -5.8950000e+001
  6.3917511e+002 -5.6380000e+001
  6.3918128e+002 -5.0630000e+001
  6.3918745e+002 -4.7620000e+001
  6.3919362e+002 -4.5490000e+001
  6.3919978e+002 -4.4000000e+001
  6.3920595e+002 -4.3460000e+001
  6.3921212e+002 -4.3630000e+001
  6.3921829e+002 -4.4060000e+001
  6.3922446e+002 -4.4740000e+001
  6.3923063e+002 -4.4380000e+001
  6.3923680e+002 -4.2730000e+001
  6.3924297e+002 -4.1170000e+001
  6.3924914e+002 -4.0080000e+001
  6.3925531e+002 -3.9590000e+001
  6.3926147e+002 -3.9990000e+001
  6.3926764e+002 -4.0640000e+001
  6.3927381e+002 -4.1130000e+001
  6.3927998e+002 -4.1030000e+001
  6.3928615e+002 -3.9500000e+001
  6.3929232e+002 -3.8190000e+001
  6.3929849e+002 -3.8180000e+001
  6.3930466e+002 -3.8760000e+001
  6.3931083e+002 -3.8900000e+001
  6.3931699e+002 -3.8060000e+001
  6.3932316e+002 -3.7480000e+001
  6.3932933e+002 -3.7100000e+001
  6.3933550e+002 -3.7390000e+001
  6.3934167e+002 -3.8670000e+001
  6.3934784e+002 -4.0820000e+001
  6.3935401e+002 -4.2550000e+001
  6.3936018e+002 -4.5360000e+001
  6.3936635e+002 -4.6410000e+001
  6.3937252e+002 -4.3450000e+001
  6.3937868e+002 -4.0930000e+001
  6.3938485e+002 -3.9130000e+001
  6.3939102e+002 -3.8480000e+001
  6.3939719e+002 -3.8520000e+001
  6.3940336e+002 -3.8960000e+001
  6.3940953e+002 -4.0170000e+001
  6.3941570e+002 -4.0950000e+001
  6.3942187e+002 -4.0850000e+001
  6.3942804e+002 -4.0370000e+001
  6.3943421e+002 -3.9990000e+001
  6.3944037e+002 -4.0240000e+001
  6.3944654e+002 -4.1570000e+001
  6.3945271e+002 -4.3820000e+001
  6.3945888e+002 -4.6250000e+001
  6.3946505e+002 -4.8450000e+001
  6.3947122e+002 -5.0760000e+001
  6.3947739e+002 -5.2460000e+001
  6.3948356e+002 -5.5670000e+001
  6.3948973e+002 -5.6820000e+001
  6.3949589e+002 -5.4880000e+001
  6.3950206e+002 -4.8920000e+001
  6.3950823e+002 -4.2250000e+001
  6.3951440e+002 -4.0250000e+001
  6.3952057e+002 -4.0160000e+001
  6.3952674e+002 -4.1430000e+001
  6.3953291e+002 -4.3630000e+001
  6.3953908e+002 -4.6060000e+001
  6.3954525e+002 -4.7850000e+001
  6.3955142e+002 -5.0460000e+001
  6.3955758e+002 -5.3220000e+001
  6.3956375e+002 -5.2500000e+001
  6.3956992e+002 -5.1190000e+001
  6.3957609e+002 -5.1050000e+001
  6.3958226e+002 -5.2490000e+001
  6.3958843e+002 -5.5250000e+001
  6.3959460e+002 -5.7990000e+001
  6.3960077e+002 -6.0580000e+001
  6.3960694e+002 -5.5850000e+001
  6.3961311e+002 -4.9660000e+001
  6.3961927e+002 -4.6290000e+001
  6.3962544e+002 -4.3060000e+001
  6.3963161e+002 -4.2400000e+001
  6.3963778e+002 -4.2820000e+001
  6.3964395e+002 -4.4480000e+001
  6.3965012e+002 -4.6100000e+001
  6.3965629e+002 -4.7160000e+001
  6.3966246e+002 -4.4970000e+001
  6.3966863e+002 -4.2480000e+001
  6.3967479e+002 -4.1600000e+001
  6.3968096e+002 -4.1540000e+001
  6.3968713e+002 -4.1870000e+001
  6.3969330e+002 -4.3370000e+001
  6.3969947e+002 -4.6780000e+001
  6.3970564e+002 -4.8570000e+001
  6.3971181e+002 -5.1510000e+001
  6.3971798e+002 -5.4920000e+001
  6.3972415e+002 -5.7950000e+001
  6.3973032e+002 -6.1290000e+001
  6.3973648e+002 -6.4230000e+001
  6.3974265e+002 -6.7170000e+001
  6.3974882e+002 -7.1940000e+001
  6.3975499e+002 -7.2350000e+001
  6.3976116e+002 -7.5970000e+001
  6.3976733e+002 -7.7150000e+001
  6.3977350e+002 -7.7150000e+001
  6.3977967e+002 -7.1780000e+001
  6.3978584e+002 -6.8260000e+001
  6.3979201e+002 -6.8940000e+001
  6.3979817e+002 -7.2850000e+001
  6.3980434e+002 -7.5390000e+001
  6.3981051e+002 -7.7160000e+001
  6.3981668e+002 -7.7160000e+001
  6.3982285e+002 -7.7160000e+001
  6.3982902e+002 -7.7160000e+001
  6.3983519e+002 -7.4020000e+001
  6.3984136e+002 -7.0690000e+001
  6.3984753e+002 -7.0990000e+001
  6.3985369e+002 -7.3360000e+001
  6.3985986e+002 -7.6090000e+001
  6.3986603e+002 -7.7170000e+001
  6.3987220e+002 -7.7180000e+001
  6.3987837e+002 -7.7180000e+001
  6.3988454e+002 -7.7180000e+001
  6.3989071e+002 -7.7180000e+001
  6.3989688e+002 -7.7180000e+001
  6.3990305e+002 -7.7180000e+001
  6.3990922e+002 -7.7180000e+001
  6.3991538e+002 -7.7190000e+001
  6.3992155e+002 -7.7190000e+001
  6.3992772e+002 -7.7190000e+001
  6.3993389e+002 -7.7190000e+001
  6.3994006e+002 -7.7190000e+001
  6.3994623e+002 -7.7190000e+001
  6.3995240e+002 -7.7200000e+001
  6.3995857e+002 -7.4500000e+001
  6.3996474e+002 -7.3420000e+001
  6.3997090e+002 -7.6250000e+001
  6.3997707e+002 -7.7200000e+001
  6.3998324e+002 -7.7200000e+001
  6.3998941e+002 -7.7210000e+001
  6.3999558e+002 -7.7210000e+001
  6.4000175e+002 -7.7210000e+001
  6.4000792e+002 -7.7210000e+001
  6.4001409e+002 -7.7210000e+001
  6.4002026e+002 -7.7210000e+001
  6.4002643e+002 -7.7210000e+001
  6.4003259e+002 -7.7210000e+001
  6.4003876e+002 -7.7210000e+001
  6.4004493e+002 -7.7220000e+001
  6.4005110e+002 -7.7220000e+001
  6.4005727e+002 -7.7220000e+001
  6.4006344e+002 -7.7220000e+001
  6.4006961e+002 -7.7220000e+001
  6.4007578e+002 -7.7220000e+001
  6.4008195e+002 -7.7220000e+001
  6.4008812e+002 -7.7220000e+001
  6.4009428e+002 -7.7220000e+001
  6.4010045e+002 -7.7220000e+001
  6.4010662e+002 -7.7220000e+001
  6.4011279e+002 -7.7230000e+001
  6.4011896e+002 -7.7230000e+001
  6.4012513e+002 -7.7230000e+001
  6.4013130e+002 -7.7230000e+001
  6.4013747e+002 -7.4590000e+001
  6.4014364e+002 -7.7230000e+001
  6.4014980e+002 -7.7230000e+001
  6.4015597e+002 -7.7230000e+001
  6.4016214e+002 -7.7230000e+001
  6.4016831e+002 -7.7230000e+001
  6.4017448e+002 -7.7230000e+001
  6.4018065e+002 -7.7240000e+001
  6.4018682e+002 -7.7240000e+001
  6.4019299e+002 -7.7240000e+001
  6.4019916e+002 -7.7240000e+001
  6.4020533e+002 -7.7240000e+001
  6.4021149e+002 -7.7240000e+001
  6.4021766e+002 -7.7240000e+001
  6.4022383e+002 -7.7240000e+001
  6.4023000e+002 -7.7240000e+001
  6.4023617e+002 -7.7240000e+001
  6.4024234e+002 -7.7240000e+001
  6.4024851e+002 -7.7250000e+001
  6.4025468e+002 -7.7250000e+001
  6.4026085e+002 -7.7250000e+001
  6.4026702e+002 -7.7250000e+001
  6.4027318e+002 -7.7250000e+001
  6.4027935e+002 -7.7250000e+001
  6.4028552e+002 -7.7010000e+001
  6.4029169e+002 -7.7250000e+001
  6.4029786e+002 -7.7250000e+001
  6.4030403e+002 -7.7250000e+001
  6.4031020e+002 -7.7250000e+001
  6.4031637e+002 -7.7260000e+001
  6.4032254e+002 -7.7260000e+001
  6.4032870e+002 -7.7260000e+001
  6.4033487e+002 -7.7240000e+001
  6.4034104e+002 -7.7260000e+001
  6.4034721e+002 -7.7260000e+001
  6.4035338e+002 -7.7260000e+001
  6.4035955e+002 -7.7260000e+001
  6.4036572e+002 -7.7260000e+001
  6.4037189e+002 -7.7260000e+001
  6.4037806e+002 -7.7270000e+001
  6.4038423e+002 -7.5230000e+001
  6.4039039e+002 -7.7270000e+001
  6.4039656e+002 -7.7270000e+001
  6.4040273e+002 -7.7270000e+001
  6.4040890e+002 -7.7270000e+001
  6.4041507e+002 -7.7270000e+001
  6.4042124e+002 -7.7270000e+001
  6.4042741e+002 -7.7270000e+001
  6.4043358e+002 -7.7270000e+001
  6.4043975e+002 -7.7270000e+001
  6.4044591e+002 -7.7280000e+001
  6.4045208e+002 -7.7280000e+001
  6.4045825e+002 -7.7280000e+001
  6.4046442e+002 -7.7280000e+001
  6.4047059e+002 -7.7280000e+001
  6.4047676e+002 -7.7280000e+001
  6.4048293e+002 -7.7280000e+001
  6.4048910e+002 -7.7280000e+001
  6.4049527e+002 -7.7280000e+001
  6.4050144e+002 -7.7280000e+001
  6.4050760e+002 -7.7170000e+001
  6.4051377e+002 -7.7290000e+001
  6.4051994e+002 -7.5960000e+001
  6.4052611e+002 -7.5150000e+001
  6.4053228e+002 -7.7290000e+001
  6.4053845e+002 -7.7290000e+001
  6.4054462e+002 -7.6300000e+001
  6.4055079e+002 -7.7290000e+001
  6.4055696e+002 -7.7290000e+001
  6.4056313e+002 -7.7290000e+001
  6.4056929e+002 -7.7290000e+001
  6.4057546e+002 -7.7290000e+001
  6.4058163e+002 -7.7300000e+001
  6.4058780e+002 -7.7300000e+001
  6.4059397e+002 -7.7300000e+001
  6.4060014e+002 -7.7300000e+001
  6.4060631e+002 -7.7300000e+001
  6.4061248e+002 -7.7300000e+001
  6.4061865e+002 -7.6200000e+001
  6.4062481e+002 -7.7300000e+001
  6.4063098e+002 -7.7300000e+001
  6.4063715e+002 -7.7300000e+001
  6.4064332e+002 -7.7300000e+001
  6.4064949e+002 -7.6310000e+001
  6.4065566e+002 -7.7310000e+001
  6.4066183e+002 -7.7310000e+001
  6.4066800e+002 -7.7310000e+001
  6.4067417e+002 -7.7310000e+001
  6.4068034e+002 -7.7310000e+001
  6.4068650e+002 -7.7310000e+001
  6.4069267e+002 -7.7310000e+001
  6.4069884e+002 -7.7310000e+001
  6.4070501e+002 -7.7310000e+001
  6.4071118e+002 -7.7310000e+001
  6.4071735e+002 -7.7320000e+001
  6.4072352e+002 -7.7320000e+001
  6.4072969e+002 -7.7320000e+001
  6.4073586e+002 -7.7320000e+001
  6.4074203e+002 -7.7320000e+001
  6.4074819e+002 -7.7320000e+001
  6.4075436e+002 -7.7320000e+001
  6.4076053e+002 -7.7320000e+001
  6.4076670e+002 -7.7330000e+001
  6.4077287e+002 -7.7330000e+001
  6.4077904e+002 -7.7330000e+001
  6.4078521e+002 -7.7330000e+001
  6.4079138e+002 -7.7330000e+001
  6.4079755e+002 -7.3610000e+001
  6.4080371e+002 -7.6300000e+001
  6.4080988e+002 -7.7330000e+001
  6.4081605e+002 -7.7330000e+001
  6.4082222e+002 -7.7330000e+001
  6.4082839e+002 -7.7330000e+001
  6.4083456e+002 -7.7340000e+001
  6.4084073e+002 -7.7340000e+001
  6.4084690e+002 -7.7340000e+001
  6.4085307e+002 -7.7340000e+001
  6.4085924e+002 -7.7340000e+001
  6.4086540e+002 -7.7340000e+001
  6.4087157e+002 -7.7340000e+001
  6.4087774e+002 -7.7340000e+001
  6.4088391e+002 -7.7340000e+001
  6.4089008e+002 -7.7340000e+001
  6.4089625e+002 -7.7340000e+001
  6.4090242e+002 -7.7350000e+001
  6.4090859e+002 -7.7350000e+001
  6.4091476e+002 -7.7350000e+001
  6.4092092e+002 -7.7350000e+001
  6.4092709e+002 -7.7350000e+001
  6.4093326e+002 -7.7350000e+001
  6.4093943e+002 -7.7350000e+001
  6.4094560e+002 -7.7350000e+001
  6.4095177e+002 -7.7350000e+001
  6.4095794e+002 -7.7350000e+001
  6.4096411e+002 -7.7350000e+001
  6.4097028e+002 -7.7360000e+001
  6.4097645e+002 -7.7360000e+001
  6.4098261e+002 -7.7360000e+001
  6.4098878e+002 -7.7360000e+001
  6.4099495e+002 -7.7360000e+001
  6.4100112e+002 -7.7360000e+001
  6.4100729e+002 -7.7360000e+001
  6.4101346e+002 -7.7360000e+001
  6.4101963e+002 -7.6710000e+001
  6.4102580e+002 -7.7360000e+001
  6.4103197e+002 -7.7360000e+001
  6.4103814e+002 -7.7370000e+001
  6.4104430e+002 -7.7370000e+001
  6.4105047e+002 -7.7370000e+001
  6.4105664e+002 -7.7370000e+001
  6.4106281e+002 -7.7370000e+001
  6.4106898e+002 -7.7370000e+001
  6.4107515e+002 -7.7370000e+001
  6.4108132e+002 -7.7370000e+001
  6.4108749e+002 -7.7370000e+001
  6.4109366e+002 -7.7370000e+001
  6.4109982e+002 -7.7370000e+001
  6.4110599e+002 -7.7380000e+001
  6.4111216e+002 -7.7380000e+001
  6.4111833e+002 -7.7380000e+001
  6.4112450e+002 -7.7380000e+001
  6.4113067e+002 -7.7380000e+001
  6.4113684e+002 -7.7380000e+001
  6.4114301e+002 -7.7380000e+001
  6.4114918e+002 -7.7380000e+001
  6.4115535e+002 -7.7380000e+001
  6.4116151e+002 -7.7380000e+001
  6.4116768e+002 -7.7390000e+001
  6.4117385e+002 -7.7390000e+001
  6.4118002e+002 -7.7390000e+001
  6.4118619e+002 -7.7390000e+001
  6.4119236e+002 -7.7390000e+001
  6.4119853e+002 -7.7390000e+001
  6.4120470e+002 -7.7390000e+001
  6.4121087e+002 -7.7390000e+001
  6.4121704e+002 -7.7390000e+001
  6.4122320e+002 -7.7390000e+001
  6.4122937e+002 -7.7390000e+001
  6.4123554e+002 -7.7400000e+001
  6.4124171e+002 -7.7400000e+001
  6.4124788e+002 -7.7400000e+001
  6.4125405e+002 -7.7400000e+001
  6.4126022e+002 -7.7400000e+001
  6.4126639e+002 -7.7400000e+001
  6.4127256e+002 -7.7400000e+001
  6.4127872e+002 -7.7400000e+001
  6.4128489e+002 -7.7400000e+001
  6.4129106e+002 -7.7410000e+001
  6.4129723e+002 -7.7410000e+001
  6.4130340e+002 -7.7410000e+001
  6.4130957e+002 -7.7410000e+001
  6.4131574e+002 -7.7410000e+001
  6.4132191e+002 -7.7410000e+001
  6.4132808e+002 -7.7410000e+001
  6.4133425e+002 -7.7410000e+001
  6.4134041e+002 -7.7410000e+001
  6.4134658e+002 -7.7350000e+001
  6.4135275e+002 -7.7420000e+001
  6.4135892e+002 -7.7420000e+001
  6.4136509e+002 -7.7420000e+001
  6.4137126e+002 -7.7420000e+001
  6.4137743e+002 -7.7420000e+001
  6.4138360e+002 -7.7420000e+001
  6.4138977e+002 -7.7420000e+001
  6.4139593e+002 -7.7420000e+001
  6.4140210e+002 -7.7420000e+001
  6.4140827e+002 -7.7420000e+001
  6.4141444e+002 -7.7420000e+001
  6.4142061e+002 -7.7430000e+001
  6.4142678e+002 -7.7430000e+001
  6.4143295e+002 -7.7430000e+001
  6.4143912e+002 -7.7430000e+001
  6.4144529e+002 -7.7430000e+001
  6.4145146e+002 -7.7430000e+001
  6.4145762e+002 -7.7430000e+001
  6.4146379e+002 -7.7430000e+001
  6.4146996e+002 -7.7430000e+001
  6.4147613e+002 -7.7430000e+001
  6.4148230e+002 -7.7430000e+001
  6.4148847e+002 -7.7440000e+001
  6.4149464e+002 -7.7440000e+001
  6.4150081e+002 -7.7440000e+001
  6.4150698e+002 -7.7440000e+001
  6.4151315e+002 -7.7440000e+001
  6.4151931e+002 -7.7440000e+001
  6.4152548e+002 -7.7440000e+001
  6.4153165e+002 -7.7440000e+001
  6.4153782e+002 -7.7440000e+001
  6.4154399e+002 -7.7440000e+001
  6.4155016e+002 -7.7440000e+001
  6.4155633e+002 -7.7450000e+001
  6.4156250e+002 -7.7450000e+001
  6.4156867e+002 -7.7450000e+001
  6.4157483e+002 -7.7450000e+001
  6.4158100e+002 -7.7450000e+001
  6.4158717e+002 -7.7450000e+001
  6.4159334e+002 -7.7450000e+001
  6.4159951e+002 -7.7450000e+001
  6.4160568e+002 -7.7460000e+001
  6.4161185e+002 -7.7460000e+001
  6.4161802e+002 -7.7460000e+001
  6.4162419e+002 -7.7460000e+001
  6.4163036e+002 -7.7460000e+001
  6.4163652e+002 -7.7460000e+001
  6.4164269e+002 -7.7460000e+001
  6.4164886e+002 -7.7460000e+001
  6.4165503e+002 -7.7460000e+001
  6.4166120e+002 -7.7460000e+001
  6.4166737e+002 -7.7460000e+001
  6.4167354e+002 -7.7470000e+001
  6.4167971e+002 -7.7470000e+001
  6.4168588e+002 -7.7470000e+001
  6.4169205e+002 -7.7470000e+001
  6.4169821e+002 -7.7470000e+001
  6.4170438e+002 -7.7470000e+001
  6.4171055e+002 -7.7470000e+001
  6.4171672e+002 -7.7470000e+001
  6.4172289e+002 -7.7470000e+001
  6.4172906e+002 -7.7470000e+001
  6.4173523e+002 -7.7470000e+001
  6.4174140e+002 -7.7480000e+001
  6.4174757e+002 -7.7480000e+001
  6.4175373e+002 -7.7480000e+001
  6.4175990e+002 -7.7480000e+001
  6.4176607e+002 -7.7480000e+001
  6.4177224e+002 -7.7480000e+001
  6.4177841e+002 -7.7480000e+001
  6.4178458e+002 -7.7480000e+001
  6.4179075e+002 -7.7480000e+001
  6.4179692e+002 -7.2210000e+001
  6.4180309e+002 -7.4560000e+001
  6.4180926e+002 -7.7490000e+001
  6.4181542e+002 -7.7490000e+001
  6.4182159e+002 -7.7490000e+001
  6.4182776e+002 -7.7490000e+001
  6.4183393e+002 -7.7490000e+001
  6.4184010e+002 -7.7490000e+001
  6.4184627e+002 -7.7490000e+001
  6.4185244e+002 -7.7490000e+001
  6.4185861e+002 -7.7490000e+001
  6.4186478e+002 -7.7490000e+001
  6.4187094e+002 -7.7500000e+001
  6.4187711e+002 -7.7500000e+001
  6.4188328e+002 -7.7500000e+001
  6.4188945e+002 -7.7500000e+001
  6.4189562e+002 -7.7500000e+001
  6.4190179e+002 -7.7500000e+001
  6.4190796e+002 -7.7500000e+001
  6.4191413e+002 -7.7500000e+001
  6.4192030e+002 -7.7500000e+001
  6.4192647e+002 -7.7510000e+001
  6.4193263e+002 -7.7510000e+001
  6.4193880e+002 -7.6840000e+001
  6.4194497e+002 -7.7510000e+001
  6.4195114e+002 -7.7510000e+001
  6.4195731e+002 -7.7510000e+001
  6.4196348e+002 -7.7510000e+001
  6.4196965e+002 -7.7510000e+001
  6.4197582e+002 -7.7510000e+001
  6.4198199e+002 -7.7510000e+001
  6.4198816e+002 -7.7510000e+001
  6.4199432e+002 -7.7520000e+001
  6.4200049e+002 -7.7520000e+001
  6.4200666e+002 -7.7520000e+001
  6.4201283e+002 -7.7520000e+001
  6.4201900e+002 -7.7520000e+001
