   6.4153654e+02   1.2542994e-34
   6.4153235e+02   2.1922661e-34
   6.4152817e+02   3.2651832e-34
   6.4152398e+02   7.6698021e-35
   6.4151979e+02   2.6346196e-34
   6.4151561e+02   1.2401501e-35
   6.4151142e+02   9.9278817e-35
   6.4150723e+02   6.3656798e-35
   6.4150305e+02   3.2646366e-35
   6.4149886e+02   4.2794139e-35
   6.4149468e+02   8.1033957e-35
   6.4149049e+02   3.3624747e-34
   6.4148630e+02   1.8361333e-37
   6.4148212e+02   3.0324328e-34
   6.4147793e+02   2.2997973e-34
   6.4147375e+02   1.2254775e-34
   6.4146956e+02   4.3670440e-35
   6.4146537e+02   4.4434768e-34
   6.4146119e+02   4.8597159e-35
   6.4145700e+02   2.6120846e-34
   6.4145282e+02   2.7468138e-34
   6.4144863e+02   1.2024831e-34
   6.4144445e+02   3.8202002e-34
   6.4144026e+02   2.6266801e-35
   6.4143608e+02   8.4598156e-35
   6.4143189e+02   2.2834423e-34
   6.4142770e+02   4.7004938e-34
   6.4142352e+02   1.0407745e-34
   6.4141933e+02   1.4188730e-34
   6.4141515e+02   1.9254815e-35
   6.4141096e+02   1.6425267e-35
   6.4140678e+02   4.2800833e-35
   6.4140259e+02   7.0419582e-35
   6.4139841e+02   3.9007525e-34
   6.4139422e+02   9.1194321e-35
   6.4139004e+02   5.8924617e-34
   6.4138585e+02   3.7717105e-34
   6.4138167e+02   4.0311832e-35
   6.4137749e+02   6.3836153e-35
   6.4137330e+02   8.4680340e-35
   6.4136912e+02   1.2451222e-34
   6.4136493e+02   7.8677547e-35
   6.4136075e+02   2.0018982e-34
   6.4135656e+02   6.2680184e-36
   6.4135238e+02   2.7813874e-34
   6.4134819e+02   4.4411246e-35
   6.4134401e+02   1.4849592e-36
   6.4133983e+02   2.4469772e-35
   6.4133564e+02   1.4193239e-34
   6.4133146e+02   4.2636514e-34
   6.4132727e+02   6.0097527e-36
   6.4132309e+02   2.6984460e-35
   6.4131891e+02   1.6095353e-35
   6.4131472e+02   1.5333813e-35
   6.4131054e+02   4.9951206e-35
   6.4130635e+02   1.7223451e-34
   6.4130217e+02   3.4711504e-36
   6.4129799e+02   1.6569727e-34
   6.4129380e+02   3.3198015e-34
   6.4128962e+02   9.6094319e-35
   6.4128544e+02   1.6974697e-34
   6.4128125e+02   5.6825053e-34
   6.4127707e+02   3.2632844e-35
   6.4127289e+02   1.2247912e-34
   6.4126870e+02   8.3110037e-35
   6.4126452e+02   5.2116450e-35
   6.4126034e+02   4.2460755e-34
   6.4125615e+02   3.2077142e-34
   6.4125197e+02   3.2604440e-34
   6.4124779e+02   3.2548853e-34
   6.4124361e+02   2.8698999e-34
   6.4123942e+02   1.2673360e-34
   6.4123524e+02   3.2749069e-34
   6.4123106e+02   5.7629094e-34
   6.4122687e+02   9.9388845e-34
   6.4122269e+02   1.4992983e-34
   6.4121851e+02   5.9107088e-34
   6.4121433e+02   2.0821078e-33
   6.4121014e+02   6.2526861e-34
   6.4120596e+02   7.1630318e-35
   6.4120178e+02   3.0736588e-34
   6.4119760e+02   1.8037569e-34
   6.4119341e+02   5.2808531e-34
   6.4118923e+02   1.5248555e-33
   6.4118505e+02   9.7331808e-35
   6.4118087e+02   1.5208242e-34
   6.4117669e+02   1.3221710e-34
   6.4117250e+02   2.8397229e-34
   6.4116832e+02   3.2904900e-34
   6.4116414e+02   8.7782370e-35
   6.4115996e+02   4.8311310e-34
   6.4115578e+02   1.1716309e-36
   6.4115160e+02   2.9644182e-34
   6.4114741e+02   2.5992375e-35
   6.4114323e+02   6.4541568e-35
   6.4113905e+02   8.7713841e-35
   6.4113487e+02   2.6698659e-34
   6.4113069e+02   3.4652040e-34
   6.4112651e+02   3.1787150e-34
   6.4112232e+02   3.3333705e-34
   6.4111814e+02   2.3416736e-34
   6.4111396e+02   2.1112638e-34
   6.4110978e+02   8.0139128e-35
   6.4110560e+02   3.1468995e-34
   6.4110142e+02   2.1827763e-34
   6.4109724e+02   1.1997746e-35
   6.4109306e+02   4.5427461e-34
   6.4108888e+02   2.1521577e-34
   6.4108470e+02   9.2503527e-35
   6.4108051e+02   5.4542315e-34
   6.4107633e+02   6.4759534e-34
   6.4107215e+02   5.8426136e-34
   6.4106797e+02   1.4863809e-34
   6.4106379e+02   4.5087792e-34
   6.4105961e+02   2.1245961e-34
   6.4105543e+02   4.3977142e-34
   6.4105125e+02   6.6530274e-36
   6.4104707e+02   2.1740279e-34
   6.4104289e+02   4.4442658e-34
   6.4103871e+02   1.5701598e-34
   6.4103453e+02   1.6215840e-37
   6.4103035e+02   2.9245010e-34
   6.4102617e+02   3.1984098e-34
   6.4102199e+02   8.4874282e-35
   6.4101781e+02   1.3958713e-34
   6.4101363e+02   2.3933053e-36
   6.4100945e+02   2.3757753e-35
   6.4100527e+02   9.9455148e-36
   6.4100109e+02   9.9728976e-35
   6.4099691e+02   2.8087666e-34
   6.4099273e+02   2.1312211e-34
   6.4098855e+02   4.8569408e-35
   6.4098437e+02   1.3942856e-35
   6.4098019e+02   9.2199703e-35
   6.4097601e+02   6.2507158e-35
   6.4097183e+02   2.7524936e-36
   6.4096765e+02   4.1565924e-35
   6.4096348e+02   1.2030458e-34
   6.4095930e+02   3.1393146e-34
   6.4095512e+02   9.2392400e-34
   6.4095094e+02   2.1949671e-34
   6.4094676e+02   7.2961823e-35
   6.4094258e+02   1.0991789e-33
   6.4093840e+02   2.1367325e-34
   6.4093422e+02   2.9371566e-34
   6.4093004e+02   2.5280918e-34
   6.4092586e+02   5.2687071e-34
   6.4092169e+02   5.1108665e-34
   6.4091751e+02   1.0476810e-34
   6.4091333e+02   1.0349489e-34
   6.4090915e+02   5.4765284e-35
   6.4090497e+02   5.7002477e-34
   6.4090079e+02   5.7837256e-34
   6.4089661e+02   2.4643580e-35
   6.4089244e+02   4.0301717e-34
   6.4088826e+02   5.2825897e-34
   6.4088408e+02   3.1293800e-34
   6.4087990e+02   1.8281033e-34
   6.4087572e+02   2.2305040e-34
   6.4087155e+02   9.6123306e-35
   6.4086737e+02   3.7737670e-34
   6.4086319e+02   1.4618972e-34
   6.4085901e+02   3.0973023e-34
   6.4085483e+02   8.4439326e-35
   6.4085066e+02   1.3315783e-34
   6.4084648e+02   2.6862575e-34
   6.4084230e+02   5.7449151e-36
   6.4083812e+02   2.5535279e-34
   6.4083395e+02   6.4521536e-35
   6.4082977e+02   2.2360205e-35
   6.4082559e+02   9.0213387e-35
   6.4082141e+02   6.7522568e-34
   6.4081724e+02   1.1701347e-34
   6.4081306e+02   3.0943057e-34
   6.4080888e+02   1.4674260e-34
   6.4080470e+02   1.6237349e-34
   6.4080053e+02   2.7244405e-34
   6.4079635e+02   4.3002155e-34
   6.4079217e+02   2.5122339e-34
   6.4078800e+02   2.7123273e-34
   6.4078382e+02   4.2750161e-36
   6.4077964e+02   1.0537951e-34
   6.4077547e+02   3.1599161e-34
   6.4077129e+02   7.1424898e-35
   6.4076711e+02   1.2037504e-34
   6.4076294e+02   2.8334474e-34
   6.4075876e+02   2.6797345e-34
   6.4075458e+02   5.9410769e-34
   6.4075041e+02   1.4595998e-35
   6.4074623e+02   1.3470580e-34
   6.4074205e+02   4.6394962e-35
   6.4073788e+02   1.5983672e-35
   6.4073370e+02   1.3888365e-33
   6.4072952e+02   1.4180037e-34
   6.4072535e+02   1.8923115e-34
   6.4072117e+02   5.5287198e-34
   6.4071700e+02   4.3377203e-34
   6.4071282e+02   2.5719365e-34
   6.4070864e+02   2.4424821e-34
   6.4070447e+02   2.2383373e-34
   6.4070029e+02   3.4266441e-34
   6.4069612e+02   2.4117233e-34
   6.4069194e+02   1.7286655e-34
   6.4068777e+02   9.1761997e-35
   6.4068359e+02   6.8114046e-35
   6.4067941e+02   2.6570109e-34
   6.4067524e+02   3.5386866e-34
   6.4067106e+02   5.0656461e-36
   6.4066689e+02   4.9023153e-34
   6.4066271e+02   1.6296845e-34
   6.4065854e+02   1.8374007e-34
   6.4065436e+02   5.6723621e-35
   6.4065019e+02   1.2037564e-34
   6.4064601e+02   1.8050950e-34
   6.4064184e+02   1.7402886e-34
   6.4063766e+02   1.3380268e-33
   6.4063349e+02   2.1759822e-34
   6.4062931e+02   5.4035851e-34
   6.4062514e+02   2.6678186e-34
   6.4062096e+02   4.1853475e-34
   6.4061679e+02   3.3246342e-34
   6.4061261e+02   2.6037741e-34
   6.4060844e+02   1.7535083e-34
   6.4060426e+02   5.1928735e-34
   6.4060009e+02   2.1774844e-35
   6.4059591e+02   3.5128540e-34
   6.4059174e+02   1.5978135e-34
   6.4058757e+02   1.4201243e-34
   6.4058339e+02   2.9368154e-35
   6.4057922e+02   1.4092616e-35
   6.4057504e+02   1.6612159e-34
   6.4057087e+02   1.4512608e-34
   6.4056669e+02   4.7183890e-34
   6.4056252e+02   1.1486594e-34
   6.4055835e+02   2.1378891e-36
   6.4055417e+02   1.1713797e-33
   6.4055000e+02   6.3704680e-36
   6.4054583e+02   4.0719026e-35
   6.4054165e+02   1.3608190e-34
   6.4053748e+02   1.5973687e-33
   6.4053330e+02   2.8641787e-34
   6.4052913e+02   5.6462813e-34
   6.4052496e+02   1.7386432e-34
   6.4052078e+02   6.0172001e-34
   6.4051661e+02   9.2206171e-36
   6.4051244e+02   5.5560184e-34
   6.4050826e+02   5.0648794e-35
   6.4050409e+02   2.8753589e-34
   6.4049992e+02   1.3890364e-34
   6.4049574e+02   2.5496338e-34
   6.4049157e+02   2.5365383e-34
   6.4048740e+02   3.3447652e-34
   6.4048322e+02   4.4525719e-34
   6.4047905e+02   1.3952970e-34
   6.4047488e+02   1.2076994e-34
   6.4047071e+02   1.7557177e-34
   6.4046653e+02   2.4866644e-34
   6.4046236e+02   6.7281500e-35
   6.4045819e+02   8.8618813e-34
   6.4045402e+02   2.0362903e-34
   6.4044984e+02   4.3182310e-35
   6.4044567e+02   2.2579401e-34
   6.4044150e+02   1.8025190e-34
   6.4043733e+02   9.2835137e-35
   6.4043315e+02   6.0956352e-34
   6.4042898e+02   2.2368795e-34
   6.4042481e+02   2.6098085e-35
   6.4042064e+02   1.4295668e-33
   6.4041646e+02   1.4541835e-34
   6.4041229e+02   1.7953937e-34
   6.4040812e+02   2.8726320e-34
   6.4040395e+02   3.4935415e-34
   6.4039978e+02   4.7464583e-34
   6.4039560e+02   5.6399013e-35
   6.4039143e+02   9.2549835e-35
   6.4038726e+02   6.9598112e-34
   6.4038309e+02   5.1866508e-35
   6.4037892e+02   7.6854843e-34
   6.4037475e+02   4.8941176e-34
   6.4037057e+02   1.0061232e-33
   6.4036640e+02   9.4255375e-34
   6.4036223e+02   4.5712285e-34
   6.4035806e+02   2.5992114e-34
   6.4035389e+02   3.8363719e-34
   6.4034972e+02   2.5281493e-34
   6.4034555e+02   7.3441453e-34
   6.4034138e+02   9.9845904e-34
   6.4033720e+02   6.5486070e-35
   6.4033303e+02   1.7329109e-34
   6.4032886e+02   1.0549857e-34
   6.4032469e+02   9.0112884e-34
   6.4032052e+02   1.6749881e-34
   6.4031635e+02   4.4743234e-35
   6.4031218e+02   3.8937697e-34
   6.4030801e+02   7.6517749e-34
   6.4030384e+02   2.7227446e-34
   6.4029967e+02   2.0769756e-33
   6.4029550e+02   2.9481760e-34
   6.4029133e+02   2.9150442e-34
   6.4028716e+02   1.6357842e-33
   6.4028299e+02   1.3189210e-34
   6.4027882e+02   1.5106382e-35
   6.4027464e+02   4.8943372e-36
   6.4027047e+02   1.7873223e-33
   6.4026630e+02   3.4920187e-34
   6.4026213e+02   8.0163031e-34
   6.4025796e+02   9.5710966e-35
   6.4025379e+02   6.2145160e-35
   6.4024962e+02   6.4116581e-35
   6.4024545e+02   4.0714626e-34
   6.4024128e+02   1.1702131e-34
   6.4023711e+02   5.1718521e-35
   6.4023295e+02   7.1726577e-34
   6.4022878e+02   1.3264504e-34
   6.4022461e+02   7.5488314e-34
   6.4022044e+02   1.0526199e-35
   6.4021627e+02   9.1587364e-34
   6.4021210e+02   1.6143004e-34
   6.4020793e+02   9.0609494e-36
   6.4020376e+02   4.6722772e-34
   6.4019959e+02   1.0393252e-33
   6.4019542e+02   2.5252401e-34
   6.4019125e+02   1.0494541e-34
   6.4018708e+02   3.3578903e-35
   6.4018291e+02   6.5532567e-34
   6.4017874e+02   8.9063532e-34
   6.4017457e+02   5.1031770e-34
   6.4017041e+02   9.3403923e-35
   6.4016624e+02   2.0110945e-33
   6.4016207e+02   4.6774820e-34
   6.4015790e+02   9.6188060e-34
   6.4015373e+02   1.2794505e-35
   6.4014956e+02   5.1033846e-34
   6.4014539e+02   1.1246235e-33
   6.4014122e+02   4.5283195e-34
   6.4013706e+02   3.5533043e-33
   6.4013289e+02   2.0345371e-32
   6.4012872e+02   5.9429201e-32
   6.4012455e+02   1.6462568e-31
   6.4012038e+02   5.0142565e-31
   6.4011621e+02   1.3716883e-30
   6.4011205e+02   4.0108944e-30
   6.4010788e+02   1.1400772e-29
   6.4010371e+02   3.1958044e-29
   6.4009954e+02   8.8970797e-29
   6.4009537e+02   2.4534228e-28
   6.4009121e+02   6.7342847e-28
   6.4008704e+02   1.8377678e-27
   6.4008287e+02   4.9833619e-27
   6.4007870e+02   1.3422109e-26
   6.4007454e+02   3.5933276e-26
   6.4007037e+02   9.5514884e-26
   6.4006620e+02   2.5231473e-25
   6.4006203e+02   6.6221133e-25
   6.4005787e+02   1.7265445e-24
   6.4005370e+02   4.4718292e-24
   6.4004953e+02   1.1505439e-23
   6.4004536e+02   2.9403630e-23
   6.4004120e+02   7.4637291e-23
   6.4003703e+02   1.8816793e-22
   6.4003286e+02   4.7113723e-22
   6.4002869e+02   1.1714831e-21
   6.4002453e+02   2.8926032e-21
   6.4002036e+02   7.0921974e-21
   6.4001619e+02   1.7265862e-20
   6.4001203e+02   4.1733670e-20
   6.4000786e+02   1.0015011e-19
   6.4000369e+02   2.3859312e-19
   6.3999953e+02   5.6426258e-19
   6.3999536e+02   1.3246360e-18
   6.3999119e+02   3.0865887e-18
   6.3998703e+02   7.1384314e-18
   6.3998286e+02   1.6384886e-17
   6.3997869e+02   3.7322902e-17
   6.3997453e+02   8.4367146e-17
   6.3997036e+02   1.8923955e-16
   6.3996620e+02   4.2117792e-16
   6.3996203e+02   9.3005572e-16
   6.3995786e+02   2.0375888e-15
   6.3995370e+02   4.4285628e-15
   6.3994953e+02   9.5482174e-15
   6.3994536e+02   2.0420649e-14
   6.3994120e+02   4.3319070e-14
   6.3993703e+02   9.1143493e-14
   6.3993287e+02   1.9018834e-13
   6.3992870e+02   3.9357597e-13
   6.3992454e+02   8.0767125e-13
   6.3992037e+02   1.6435278e-12
   6.3991620e+02   3.3161263e-12
   6.3991204e+02   6.6339466e-12
   6.3990787e+02   1.3157558e-11
   6.3990371e+02   2.5871213e-11
   6.3989954e+02   5.0428078e-11
   6.3989538e+02   9.7435765e-11
   6.3989121e+02   1.8660842e-10
   6.3988705e+02   3.5423198e-10
   6.3988288e+02   6.6644623e-10
   6.3987872e+02   1.2426270e-09
   6.3987455e+02   2.2961101e-09
   6.3987039e+02   4.2043529e-09
   6.3986622e+02   7.6284960e-09
   6.3986206e+02   1.3714855e-08
   6.3985789e+02   2.4430695e-08
   6.3985373e+02   4.3117443e-08
   6.3984956e+02   7.5391715e-08
   6.3984540e+02   1.3059578e-07
   6.3984123e+02   2.2410509e-07
   6.3983707e+02   3.8095536e-07
   6.3983290e+02   6.4147504e-07
   6.3982874e+02   1.0699242e-06
   6.3982458e+02   1.7675790e-06
   6.3982041e+02   2.8922984e-06
   6.3981625e+02   4.6874055e-06
   6.3981208e+02   7.5237563e-06
   6.3980792e+02   1.1960194e-05
   6.3980375e+02   1.8829231e-05
   6.3979959e+02   2.9356772e-05
   6.3979543e+02   4.5327000e-05
   6.3979126e+02   6.9306075e-05
   6.3978710e+02   1.0494097e-04
   6.3978293e+02   1.5735238e-04
   6.3977877e+02   2.3364270e-04
   6.3977461e+02   3.4354149e-04
   6.3977044e+02   5.0021075e-04
   6.3976628e+02   7.2122996e-04
   6.3976212e+02   1.0297762e-03
   6.3975795e+02   1.4560060e-03
   6.3975379e+02   2.0386326e-03
   6.3974962e+02   2.8266761e-03
   6.3974546e+02   3.8813402e-03
   6.3974130e+02   5.2779446e-03
   6.3973713e+02   7.1078106e-03
   6.3973297e+02   9.4799677e-03
   6.3972881e+02   1.2522517e-02
   6.3972465e+02   1.6383458e-02
   6.3972048e+02   2.1230778e-02
   6.3971632e+02   2.7251576e-02
   6.3971216e+02   3.4650015e-02
   6.3970799e+02   4.3643941e-02
   6.3970383e+02   5.4460003e-02
   6.3969967e+02   6.7327254e-02
   6.3969551e+02   8.2469235e-02
   6.3969134e+02   1.0009471e-01
   6.3968718e+02   1.2038728e-01
   6.3968302e+02   1.4349430e-01
   6.3967885e+02   1.6951559e-01
   6.3967469e+02   1.9849243e-01
   6.3967053e+02   2.3039768e-01
   6.3966637e+02   2.6512750e-01
   6.3966221e+02   3.0249543e-01
   6.3965804e+02   3.4222942e-01
   6.3965388e+02   3.8397211e-01
   6.3964972e+02   4.2728484e-01
   6.3964556e+02   4.7165531e-01
   6.3964139e+02   5.1650890e-01
   6.3963723e+02   5.6122310e-01
   6.3963307e+02   6.0514472e-01
   6.3962891e+02   6.4760891e-01
   6.3962475e+02   6.8795928e-01
   6.3962059e+02   7.2556816e-01
   6.3961642e+02   7.5985591e-01
   6.3961226e+02   7.9030854e-01
   6.3960810e+02   8.1649273e-01
   6.3960394e+02   8.3806770e-01
   6.3959978e+02   8.5479332e-01
   6.3959562e+02   8.6653442e-01
   6.3959145e+02   8.7326113e-01
   6.3958729e+02   8.7504549e-01
   6.3958313e+02   8.7205470e-01
   6.3957897e+02   8.6454145e-01
   6.3957481e+02   8.5283213e-01
   6.3957065e+02   8.3731331e-01
   6.3956649e+02   8.1841744e-01
   6.3956233e+02   7.9660833e-01
   6.3955817e+02   7.7236697e-01
   6.3955400e+02   7.4617829e-01
   6.3954984e+02   7.1851927e-01
   6.3954568e+02   6.8984863e-01
   6.3954152e+02   6.6059835e-01
   6.3953736e+02   6.3116713e-01
   6.3953320e+02   6.0191568e-01
   6.3952904e+02   5.7316387e-01
   6.3952488e+02   5.4518948e-01
   6.3952072e+02   5.1822839e-01
   6.3951656e+02   4.9247604e-01
   6.3951240e+02   4.6808979e-01
   6.3950824e+02   4.4519211e-01
   6.3950408e+02   4.2387421e-01
   6.3949992e+02   4.0420007e-01
   6.3949576e+02   3.8621054e-01
   6.3949160e+02   3.6992749e-01
   6.3948744e+02   3.5535779e-01
   6.3948328e+02   3.4249707e-01
   6.3947912e+02   3.3133323e-01
   6.3947496e+02   3.2184958e-01
   6.3947080e+02   3.1402762e-01
   6.3946664e+02   3.0784943e-01
   6.3946248e+02   3.0329969e-01
   6.3945832e+02   3.0036734e-01
   6.3945416e+02   2.9904678e-01
   6.3945000e+02   2.9933878e-01
   6.3944584e+02   3.0125102e-01
   6.3944168e+02   3.0479814e-01
   6.3943752e+02   3.1000160e-01
   6.3943336e+02   3.1688902e-01
   6.3942920e+02   3.2549318e-01
   6.3942504e+02   3.3585064e-01
   6.3942088e+02   3.4799987e-01
   6.3941673e+02   3.6197902e-01
   6.3941257e+02   3.7782322e-01
   6.3940841e+02   3.9556143e-01
   6.3940425e+02   4.1521285e-01
   6.3940009e+02   4.3678300e-01
   6.3939593e+02   4.6025935e-01
   6.3939177e+02   4.8560674e-01
   6.3938761e+02   5.1276263e-01
   6.3938345e+02   5.4163230e-01
   6.3937930e+02   5.7208421e-01
   6.3937514e+02   6.0394568e-01
   6.3937098e+02   6.3699918e-01
   6.3936682e+02   6.7097948e-01
   6.3936266e+02   7.0557187e-01
   6.3935850e+02   7.4041183e-01
   6.3935435e+02   7.7508632e-01
   6.3935019e+02   8.0913704e-01
   6.3934603e+02   8.4206572e-01
   6.3934187e+02   8.7334162e-01
   6.3933771e+02   9.0241133e-01
   6.3933355e+02   9.2871062e-01
   6.3932940e+02   9.5167823e-01
   6.3932524e+02   9.7077132e-01
   6.3932108e+02   9.8548193e-01
   6.3931692e+02   9.9535396e-01
   6.3931277e+02   1.0000000e+00
   6.3930861e+02   9.9911712e-01
   6.3930445e+02   9.9250091e-01
   6.3930029e+02   9.8005695e-01
   6.3929614e+02   9.6180898e-01
   6.3929198e+02   9.3790311e-01
   6.3928782e+02   9.0860779e-01
   6.3928366e+02   8.7430912e-01
   6.3927951e+02   8.3550167e-01
   6.3927535e+02   7.9277495e-01
   6.3927119e+02   7.4679616e-01
   6.3926703e+02   6.9828988e-01
   6.3926288e+02   6.4801565e-01
   6.3925872e+02   5.9674446e-01
   6.3925456e+02   5.4523538e-01
   6.3925041e+02   4.9421325e-01
   6.3924625e+02   4.4434861e-01
   6.3924209e+02   3.9624067e-01
   6.3923794e+02   3.5040400e-01
   6.3923378e+02   3.0725932e-01
   6.3922962e+02   2.6712870e-01
   6.3922547e+02   2.3023488e-01
   6.3922131e+02   1.9670463e-01
   6.3921715e+02   1.6657538e-01
   6.3921300e+02   1.3980471e-01
   6.3920884e+02   1.1628175e-01
   6.3920468e+02   9.5839874e-02
   6.3920053e+02   7.8269728e-02
   6.3919637e+02   6.3332174e-02
   6.3919221e+02   5.0770321e-02
   6.3918806e+02   4.0320347e-02
   6.3918390e+02   3.1720734e-02
   6.3917975e+02   2.4719769e-02
   6.3917559e+02   1.9081270e-02
   6.3917143e+02   1.4588580e-02
   6.3916728e+02   1.1047008e-02
   6.3916312e+02   8.2848925e-03
   6.3915897e+02   6.1535551e-03
   6.3915481e+02   4.5263732e-03
   6.3915066e+02   3.2972308e-03
   6.3914650e+02   2.3785612e-03
   6.3914234e+02   1.6991751e-03
   6.3913819e+02   1.2020294e-03
   6.3913403e+02   8.4205603e-04
   6.3912988e+02   5.8413483e-04
   6.3912572e+02   4.0126388e-04
   6.3912157e+02   2.7295554e-04
   6.3911741e+02   1.8386539e-04
   6.3911326e+02   1.2264699e-04
   6.3910910e+02   8.1015202e-05
   6.3910495e+02   5.2994885e-05
   6.3910079e+02   3.4329339e-05
   6.3909664e+02   2.2022589e-05
   6.3909248e+02   1.3991079e-05
   6.3908833e+02   8.8028536e-06
   6.3908417e+02   5.4852409e-06
   6.3908002e+02   3.3851616e-06
   6.3907586e+02   2.0691263e-06
   6.3907171e+02   1.2526561e-06
   6.3906755e+02   7.5115249e-07
   6.3906340e+02   4.4616020e-07
   6.3905925e+02   2.6250390e-07
   6.3905509e+02   1.5299579e-07
   6.3905094e+02   8.8336301e-08
   6.3904678e+02   5.0528091e-08
   6.3904263e+02   2.8633806e-08
   6.3903847e+02   1.6076701e-08
   6.3903432e+02   8.9434735e-09
   6.3903017e+02   4.9297763e-09
   6.3902601e+02   2.6926548e-09
   6.3902186e+02   1.4574307e-09
   6.3901770e+02   7.8175490e-10
   6.3901355e+02   4.1557642e-10
   6.3900940e+02   2.1895320e-10
   6.3900524e+02   1.1433908e-10
   6.3900109e+02   5.9183992e-11
   6.3899693e+02   3.0367115e-11
   6.3899278e+02   1.5446010e-11
   6.3898863e+02   7.7887298e-12
   6.3898447e+02   3.8938462e-12
   6.3898032e+02   1.9300887e-12
   6.3897617e+02   9.4860795e-13
   6.3897201e+02   4.6230873e-13
   6.3896786e+02   2.2342834e-13
   6.3896371e+02   1.0708543e-13
   6.3895955e+02   5.0901861e-14
   6.3895540e+02   2.3997911e-14
   6.3895125e+02   1.1222124e-14
   6.3894710e+02   5.2055185e-15
   6.3894294e+02   2.3953319e-15
   6.3893879e+02   1.0934669e-15
   6.3893464e+02   4.9523279e-16
   6.3893048e+02   2.2253708e-16
   6.3892633e+02   9.9222495e-17
   6.3892218e+02   4.3899350e-17
   6.3891803e+02   1.9273991e-17
   6.3891387e+02   8.3980053e-18
   6.3890972e+02   3.6315908e-18
   6.3890557e+02   1.5586877e-18
   6.3890142e+02   6.6403030e-19
   6.3889726e+02   2.8080724e-19
   6.3889311e+02   1.1788139e-19
   6.3888896e+02   4.9127384e-20
   6.3888481e+02   2.0326753e-20
   6.3888065e+02   8.3503176e-21
   6.3887650e+02   3.4060694e-21
   6.3887235e+02   1.3795677e-21
   6.3886820e+02   5.5487590e-22
   6.3886405e+02   2.2163432e-22
   6.3885989e+02   8.7920588e-23
   6.3885574e+02   3.4639976e-23
   6.3885159e+02   1.3555599e-23
   6.3884744e+02   5.2691533e-24
   6.3884329e+02   2.0345997e-24
   6.3883914e+02   7.8045478e-25
   6.3883498e+02   2.9738188e-25
   6.3883083e+02   1.1258277e-25
   6.3882668e+02   4.2349079e-26
   6.3882253e+02   1.5825296e-26
   6.3881838e+02   5.8777296e-27
   6.3881423e+02   2.1666317e-27
   6.3881008e+02   7.9484277e-28
   6.3880593e+02   2.8920144e-28
   6.3880177e+02   1.0472915e-28
   6.3879762e+02   3.7383090e-29
   6.3879347e+02   1.3517751e-29
   6.3878932e+02   4.7184154e-30
   6.3878517e+02   1.6087698e-30
   6.3878102e+02   5.4795160e-31
   6.3877687e+02   1.7955397e-31
   6.3877272e+02   5.0538728e-32
   6.3876857e+02   1.3397382e-32
   6.3876442e+02   1.2953361e-33
   6.3876027e+02   1.4704863e-34
   6.3875612e+02   8.4477485e-34
   6.3875197e+02   2.5589146e-33
   6.3874782e+02   3.4882791e-33
   6.3874366e+02   1.8501200e-33
   6.3873951e+02   1.4634494e-33
   6.3873536e+02   6.0145372e-34
   6.3873121e+02   1.1830992e-33
   6.3872706e+02   1.8189966e-33
   6.3872291e+02   3.1908685e-34
   6.3871876e+02   5.8702649e-34
   6.3871461e+02   1.9185873e-33
   6.3871046e+02   3.7105521e-34
   6.3870631e+02   3.5300123e-34
   6.3870216e+02   2.3965387e-33
   6.3869801e+02   5.4249237e-34
   6.3869386e+02   1.8894530e-33
   6.3868972e+02   9.5862405e-34
   6.3868557e+02   4.6695643e-34
   6.3868142e+02   4.2692044e-33
   6.3867727e+02   9.7697742e-34
   6.3867312e+02   4.5170424e-34
   6.3866897e+02   5.1967958e-34
   6.3866482e+02   9.0536157e-35
   6.3866067e+02   1.8951693e-33
   6.3865652e+02   1.7571744e-33
   6.3865237e+02   4.9310403e-35
   6.3864822e+02   1.8789510e-34
   6.3864407e+02   1.1852144e-34
   6.3863992e+02   7.6909487e-35
   6.3863577e+02   1.7719270e-34
   6.3863163e+02   7.5158508e-35
   6.3862748e+02   8.2788506e-34
   6.3862333e+02   9.4998558e-35
   6.3861918e+02   9.3503372e-34
   6.3861503e+02   2.3970307e-34
   6.3861088e+02   6.0955379e-35
   6.3860673e+02   9.7794896e-36
   6.3860258e+02   9.0717887e-34
   6.3859844e+02   2.2281253e-34
   6.3859429e+02   1.5787616e-34
   6.3859014e+02   3.5244759e-34
   6.3858599e+02   1.0582537e-34
   6.3858184e+02   1.1747264e-33
   6.3857769e+02   2.1573017e-35
   6.3857355e+02   3.7456411e-35
   6.3856940e+02   7.8744096e-34
   6.3856525e+02   9.0309831e-35
   6.3856110e+02   4.8449656e-34
   6.3855695e+02   9.1273083e-34
   6.3855281e+02   3.5714010e-35
   6.3854866e+02   1.7342818e-33
   6.3854451e+02   2.1112926e-34
   6.3854036e+02   5.4807714e-34
   6.3853622e+02   1.5114456e-34
   6.3853207e+02   5.5102331e-34
   6.3852792e+02   7.9138514e-34
   6.3852377e+02   1.9673221e-34
   6.3851963e+02   7.4414457e-34
   6.3851548e+02   5.5319841e-34
   6.3851133e+02   5.1683111e-34
   6.3850718e+02   7.3926383e-34
   6.3850304e+02   5.3825238e-35
   6.3849889e+02   1.6193745e-34
   6.3849474e+02   5.3212493e-35
   6.3849060e+02   3.1237785e-34
   6.3848645e+02   1.4548668e-34
   6.3848230e+02   1.7321943e-34
   6.3847815e+02   7.4331554e-35
   6.3847401e+02   4.8946234e-35
   6.3846986e+02   4.8041181e-34
   6.3846571e+02   8.8233123e-35
   6.3846157e+02   1.1180697e-34
   6.3845742e+02   8.5916186e-34
   6.3845327e+02   3.3278235e-34
   6.3844913e+02   3.9343102e-34
   6.3844498e+02   4.3856466e-35
   6.3844083e+02   3.9016816e-34
   6.3843669e+02   1.2299235e-34
   6.3843254e+02   9.5454937e-36
   6.3842840e+02   6.3898657e-34
   6.3842425e+02   7.9185070e-35
   6.3842010e+02   8.6986904e-35
   6.3841596e+02   9.6348245e-34
   6.3841181e+02   1.6669447e-34
   6.3840767e+02   3.8320863e-34
   6.3840352e+02   5.4669059e-35
   6.3839937e+02   8.5606850e-35
   6.3839523e+02   4.4614452e-34
   6.3839108e+02   5.3855655e-34
   6.3838694e+02   4.1757836e-36
   6.3838279e+02   1.0235356e-34
   6.3837864e+02   2.9859308e-35
   6.3837450e+02   4.9036896e-34
   6.3837035e+02   2.8596240e-34
   6.3836621e+02   6.2274900e-35
   6.3836206e+02   2.0130676e-34
   6.3835792e+02   3.2473412e-34
   6.3835377e+02   9.6721154e-34
   6.3834963e+02   3.4779262e-35
   6.3834548e+02   8.5980785e-35
   6.3834134e+02   1.3488186e-34
   6.3833719e+02   1.2515834e-34
   6.3833305e+02   1.2887021e-35
   6.3832890e+02   2.2436002e-34
   6.3832476e+02   6.5156405e-34
   6.3832061e+02   3.3109448e-34
   6.3831647e+02   9.6311991e-35
   6.3831232e+02   1.9867415e-34
   6.3830818e+02   2.9548020e-34
   6.3830403e+02   5.2203947e-34
   6.3829989e+02   4.5212838e-34
   6.3829574e+02   3.7213144e-34
   6.3829160e+02   9.8628551e-34
   6.3828746e+02   6.3113365e-34
   6.3828331e+02   1.4926793e-34
   6.3827917e+02   1.7940194e-34
   6.3827502e+02   7.8135759e-34
   6.3827088e+02   4.6840857e-34
   6.3826673e+02   2.8300206e-34
   6.3826259e+02   2.0416870e-34
   6.3825845e+02   9.4824449e-34
   6.3825430e+02   9.9368348e-34
   6.3825016e+02   1.3086484e-34
   6.3824601e+02   8.9794062e-34
   6.3824187e+02   1.2188684e-33
   6.3823773e+02   4.9097993e-34
   6.3823358e+02   6.7047981e-34
   6.3822944e+02   1.0606680e-33
   6.3822530e+02   7.5857890e-34
   6.3822115e+02   2.7213198e-34
   6.3821701e+02   5.5764212e-34
   6.3821286e+02   4.4623289e-34
   6.3820872e+02   1.7748133e-34
   6.3820458e+02   5.8814979e-34
   6.3820043e+02   3.6523258e-34
   6.3819629e+02   1.4404969e-34
   6.3819215e+02   3.8480948e-34
   6.3818801e+02   2.1195662e-34
   6.3818386e+02   3.2721765e-34
   6.3817972e+02   2.7473980e-35
   6.3817558e+02   1.3957105e-34
   6.3817143e+02   2.4774720e-34
   6.3816729e+02   5.2183721e-35
   6.3816315e+02   3.6011158e-34
   6.3815900e+02   5.3392356e-34
   6.3815486e+02   3.5234242e-34
   6.3815072e+02   9.7295233e-34
   6.3814658e+02   3.8762326e-34
   6.3814243e+02   2.0190320e-34
   6.3813829e+02   1.2795916e-34
   6.3813415e+02   6.0498800e-35
   6.3813001e+02   3.8192464e-34
   6.3812586e+02   4.5811457e-34
   6.3812172e+02   5.1198503e-35
   6.3811758e+02   2.0684996e-35
   6.3811344e+02   2.3394408e-34
   6.3810930e+02   1.0955099e-34
   6.3810515e+02   2.7850826e-34
   6.3810101e+02   6.0256733e-35
   6.3809687e+02   4.6528846e-34
   6.3809273e+02   1.5566782e-34
   6.3808859e+02   2.1598696e-34
   6.3808444e+02   6.6049671e-35
   6.3808030e+02   5.2296417e-35
   6.3807616e+02   3.2112131e-34
   6.3807202e+02   1.8711604e-34
   6.3806788e+02   3.5792928e-34
   6.3806374e+02   1.6480497e-34
   6.3805959e+02   5.8056594e-34
   6.3805545e+02   4.0344530e-34
   6.3805131e+02   1.7684455e-33
   6.3804717e+02   4.6812732e-34
   6.3804303e+02   3.6037990e-34
   6.3803889e+02   1.0698612e-33
   6.3803475e+02   4.3188819e-34
   6.3803061e+02   7.8845191e-34
   6.3802646e+02   3.1245518e-34
   6.3802232e+02   1.5748343e-33
   6.3801818e+02   4.2177833e-34
   6.3801404e+02   1.9305772e-33
   6.3800990e+02   5.7758032e-34
   6.3800576e+02   2.0979029e-33
   6.3800162e+02   9.7523961e-34
   6.3799748e+02   2.5921476e-34
   6.3799334e+02   1.3047455e-33
   6.3798920e+02   4.6230086e-34
   6.3798506e+02   1.6880287e-34
   6.3798092e+02   1.2276168e-33
   6.3797678e+02   1.0158955e-34
   6.3797264e+02   9.7641496e-35
   6.3796850e+02   5.3378887e-34
   6.3796436e+02   4.2554819e-34
   6.3796022e+02   9.6631165e-35
   6.3795608e+02   9.5701101e-34
   6.3795194e+02   4.6045272e-34
   6.3794780e+02   5.6391606e-34
   6.3794366e+02   3.0938571e-34
   6.3793952e+02   1.7064345e-34
   6.3793538e+02   1.5154895e-33
   6.3793124e+02   1.6217674e-34
   6.3792710e+02   1.4372096e-34
   6.3792296e+02   6.6175959e-34
   6.3791882e+02   7.6617061e-34
   6.3791468e+02   5.1643993e-34
   6.3791054e+02   1.6721245e-33
   6.3790640e+02   4.3927872e-34
   6.3790226e+02   5.7851175e-34
   6.3789812e+02   9.3904585e-34
   6.3789398e+02   1.8982833e-34
   6.3788984e+02   1.2173310e-34
   6.3788570e+02   2.1138403e-34
   6.3788156e+02   1.0550357e-34
   6.3787742e+02   6.7598333e-35
   6.3787328e+02   4.0951631e-35
   6.3786915e+02   6.6428994e-34
   6.3786501e+02   2.4836008e-34
   6.3786087e+02   5.5979673e-34
   6.3785673e+02   1.0100602e-34
   6.3785259e+02   3.9097881e-34
   6.3784845e+02   5.9640550e-34
   6.3784431e+02   3.1658981e-34
   6.3784017e+02   7.5327416e-36
   6.3783604e+02   4.1974639e-34
   6.3783190e+02   9.7950182e-35
   6.3782776e+02   2.6750960e-34
   6.3782362e+02   5.3808122e-34
   6.3781948e+02   9.6436904e-35
   6.3781534e+02   1.7895730e-34
   6.3781120e+02   3.5759556e-34
   6.3780707e+02   8.5086067e-34
   6.3780293e+02   1.3074549e-34
   6.3779879e+02   2.1913775e-34
   6.3779465e+02   1.7331505e-34
   6.3779051e+02   1.0255431e-34
   6.3778638e+02   5.8962706e-34
   6.3778224e+02   1.4985332e-34
   6.3777810e+02   3.3004817e-34
   6.3777396e+02   7.8954114e-35
   6.3776983e+02   4.9145715e-35
   6.3776569e+02   2.3041540e-34
   6.3776155e+02   1.5747068e-33
   6.3775741e+02   3.8719196e-36
   6.3775328e+02   1.6108517e-34
   6.3774914e+02   7.8822629e-34
   6.3774500e+02   4.9554494e-34
   6.3774086e+02   1.1081088e-34
   6.3773673e+02   1.1692026e-33
   6.3773259e+02   3.6626679e-34
   6.3772845e+02   4.4262675e-34
   6.3772431e+02   1.3053541e-34
   6.3772018e+02   1.1819023e-34
   6.3771604e+02   1.3441880e-34
   6.3771190e+02   2.7357717e-34
   6.3770777e+02   9.4424956e-35
   6.3770363e+02   3.8291279e-34
   6.3769949e+02   2.9378020e-34
   6.3769536e+02   1.9066228e-34
   6.3769122e+02   1.0391023e-33
   6.3768708e+02   6.8905088e-34
   6.3768295e+02   8.8155884e-34
   6.3767881e+02   5.5595119e-34
   6.3767467e+02   1.4963812e-34
   6.3767054e+02   1.9430324e-34
   6.3766640e+02   7.3855094e-35
   6.3766226e+02   3.2774675e-35
   6.3765813e+02   1.1702713e-34
   6.3765399e+02   2.2388695e-34
   6.3764986e+02   3.3764642e-34
   6.3764572e+02   3.4873147e-34
   6.3764158e+02   1.6924433e-34
   6.3763745e+02   4.9726038e-35
   6.3763331e+02   2.0167790e-35
   6.3762918e+02   3.7136634e-34
   6.3762504e+02   2.2644771e-35
   6.3762090e+02   6.9092181e-36
   6.3761677e+02   1.3708087e-34
   6.3761263e+02   3.7820739e-34
   6.3760850e+02   1.9611170e-35
   6.3760436e+02   5.9512722e-34
   6.3760023e+02   3.3945872e-34
   6.3759609e+02   5.3461238e-35
   6.3759195e+02   3.4884929e-35
   6.3758782e+02   2.0100733e-34
   6.3758368e+02   1.8608991e-34
   6.3757955e+02   2.0998757e-34
   6.3757541e+02   3.6667381e-34
   6.3757128e+02   2.8567535e-34
   6.3756714e+02   1.9205981e-34
   6.3756301e+02   4.7019277e-34
   6.3755887e+02   2.8937282e-34
   6.3755474e+02   1.0328297e-33
   6.3755060e+02   1.5323979e-34
   6.3754647e+02   4.8915837e-35
   6.3754233e+02   8.3187343e-35
   6.3753820e+02   9.7994228e-35
   6.3753406e+02   9.9269731e-35
   6.3752993e+02   1.9567732e-34
   6.3752580e+02   3.7707998e-35
   6.3752166e+02   3.3141680e-35
   6.3751753e+02   3.7705716e-35
   6.3751339e+02   5.0742674e-34
   6.3750926e+02   1.1164966e-33
   6.3750512e+02   4.7479606e-34
   6.3750099e+02   5.3724526e-34
   6.3749686e+02   7.7583476e-34
   6.3749272e+02   2.6159333e-34
   6.3748859e+02   1.6783772e-34
   6.3748445e+02   2.6278827e-35
   6.3748032e+02   6.7009958e-34
   6.3747619e+02   1.6527781e-34
   6.3747205e+02   1.7208016e-33
   6.3746792e+02   5.6474829e-34
   6.3746378e+02   8.3009146e-34
   6.3745965e+02   2.7002957e-33
   6.3745552e+02   1.5185127e-33
   6.3745138e+02   1.5774950e-33
   6.3744725e+02   3.9728099e-33
   6.3744312e+02   9.4629313e-34
   6.3743898e+02   1.1117901e-33
   6.3743485e+02   2.1993950e-33
   6.3743072e+02   1.5001456e-33
   6.3742658e+02   3.4033026e-34
   6.3742245e+02   1.2882707e-33
   6.3741832e+02   2.3993836e-34
   6.3741418e+02   6.2016008e-34
   6.3741005e+02   2.1522128e-33
   6.3740592e+02   3.2264760e-33
   6.3740178e+02   6.7773883e-34
   6.3739765e+02   2.2228067e-33
   6.3739352e+02   1.6243202e-33
   6.3738939e+02   2.2160319e-34
   6.3738525e+02   5.3542025e-34
   6.3738112e+02   3.5529889e-34
   6.3737699e+02   1.8470885e-33
